SubjectID,Device,ActivityID,TrialNo,Fall,Mean Acc X,Std Acc X,Rng Acc X,Mean Acc Y,Std Acc Y,Rng Acc Y,Mean Acc Z,Std Acc Z,Rng Acc Z,Mean Gyr X,Std Gyr X,Rng Gyr X,Mean Gyr Y,Std Gyr Y,Rng Gyr Y,Mean Gyr Z,Std Gyr Z,Rng Gyr Z,Mean Mag X,Std Mag X,Rng Mag X,Mean Mag Y,Std Mag Y,Rng Mag Y,Mean Mag Z,Std Mag Z,Rng Mag Z
1,Neck,13,1,No Fall,0.9656503504201668,0.05604832389672855,0.46652799999999994,0.9656503504201668,0.05604832389672855,0.46652799999999994,0.9656503504201668,0.05604832389672855,0.46652799999999994,5.075955882352948,10.87961458613841,124.46000000000001,5.075955882352948,10.87961458613841,124.46000000000001,5.075955882352948,10.87961458613841,124.46000000000001,0.2463156499999998,0.1258287405525688,0.49391999999999997,0.2463156499999998,0.1258287405525688,0.49391999999999997,0.2463156499999998,0.1258287405525688,0.49391999999999997
1,Neck,13,2,No Fall,0.966358360504199,0.032714839241953717,0.320616,0.966358360504199,0.032714839241953717,0.320616,0.966358360504199,0.032714839241953717,0.320616,5.2630882352941155,13.146693998953143,159.60000000000002,5.2630882352941155,13.146693998953143,159.60000000000002,5.2630882352941155,13.146693998953143,159.60000000000002,0.29855455000000036,0.04090229283636852,0.22749999999999998,0.29855455000000036,0.04090229283636852,0.22749999999999998,0.29855455000000036,0.04090229283636852,0.22749999999999998
1,Neck,13,3,No Fall,0.9724285781512602,0.06198623632192569,0.609756,0.9724285781512602,0.06198623632192569,0.609756,0.9724285781512602,0.06198623632192569,0.609756,5.410014705882352,12.6474177278862,184.38000000000002,5.410014705882352,12.6474177278862,184.38000000000002,5.410014705882352,12.6474177278862,184.38000000000002,0.0652708875,0.1136317492175109,0.34621999999999997,0.0652708875,0.1136317492175109,0.34621999999999997,0.0652708875,0.1136317492175109,0.34621999999999997
1,Neck,13,4,No Fall,0.9671803739495795,0.040854925573111246,0.43602799999999997,0.9671803739495795,0.040854925573111246,0.43602799999999997,0.9671803739495795,0.040854925573111246,0.43602799999999997,5.488117647058814,13.480346672228846,176.40000000000003,5.488117647058814,13.480346672228846,176.40000000000003,5.488117647058814,13.480346672228846,176.40000000000003,-0.004765775000000001,0.04395528005601117,0.27412,-0.004765775000000001,0.04395528005601117,0.27412,-0.004765775000000001,0.04395528005601117,0.27412
1,Neck,13,5,No Fall,0.9592532957983235,0.05802380530476112,0.5455839999999998,0.9592532957983235,0.05802380530476112,0.5455839999999998,0.9592532957983235,0.05802380530476112,0.5455839999999998,4.716529411764722,13.49759331715482,110.46000000000001,4.716529411764722,13.49759331715482,110.46000000000001,4.716529411764722,13.49759331715482,110.46000000000001,0.1976257499999996,0.11378735457081844,0.50876,0.1976257499999996,0.11378735457081844,0.50876,0.1976257499999996,0.11378735457081844,0.50876
1,Neck,13,6,No Fall,0.9544681277310916,0.03992813013329903,0.6012160000000001,0.9544681277310916,0.03992813013329903,0.6012160000000001,0.9544681277310916,0.03992813013329903,0.6012160000000001,5.467588235294122,15.491530502738522,177.24,5.467588235294122,15.491530502738522,177.24,5.467588235294122,15.491530502738522,177.24,0.26603071249999993,0.04812286196959744,0.26264,0.26603071249999993,0.04812286196959744,0.26264,0.26603071249999993,0.04812286196959744,0.26264
1,Neck,13,7,No Fall,0.9586852781512659,0.054690571097488996,0.5106920000000001,0.9586852781512659,0.054690571097488996,0.5106920000000001,0.9586852781512659,0.054690571097488996,0.5106920000000001,5.128294117647063,12.035496710879281,144.2,5.128294117647063,12.035496710879281,144.2,5.128294117647063,12.035496710879281,144.2,0.023384462500000158,0.11105985477626668,0.35475999999999996,0.023384462500000158,0.11105985477626668,0.35475999999999996,0.023384462500000158,0.11105985477626668,0.35475999999999996
1,Neck,13,8,No Fall,0.9483459831932799,0.026640058023830706,0.462136,0.9483459831932799,0.026640058023830706,0.462136,0.9483459831932799,0.026640058023830706,0.462136,5.323441176470594,14.602928936432239,226.8,5.323441176470594,14.602928936432239,226.8,5.323441176470594,14.602928936432239,226.8,-0.06536661249999991,0.04430547577912759,0.27552,-0.06536661249999991,0.04430547577912759,0.27552,-0.06536661249999991,0.04430547577912759,0.27552
1,Neck,13,9,No Fall,0.9418896201680625,0.06848239764737958,0.646356,0.9418896201680625,0.06848239764737958,0.646356,0.9418896201680625,0.06848239764737958,0.646356,5.228000000000019,13.948937414840996,160.51000000000002,5.228000000000019,13.948937414840996,160.51000000000002,5.228000000000019,13.948937414840996,160.51000000000002,0.17645468749999974,0.10528215513155892,0.50106,0.17645468749999974,0.10528215513155892,0.50106,0.17645468749999974,0.10528215513155892,0.50106
1,Neck,13,10,No Fall,0.945786136134455,0.02858895763262117,0.297192,0.945786136134455,0.02858895763262117,0.297192,0.945786136134455,0.02858895763262117,0.297192,5.198573529411763,13.601978492650767,147.35000000000002,5.198573529411763,13.601978492650767,147.35000000000002,5.198573529411763,13.601978492650767,147.35000000000002,0.2666874874999993,0.04371669530159398,0.2562,0.2666874874999993,0.04371669530159398,0.2562,0.2666874874999993,0.04371669530159398,0.2562
1,Neck,13,12,No Fall,0.9305354184873973,0.06308207427210656,0.867176,0.9305354184873973,0.06308207427210656,0.867176,0.9305354184873973,0.06308207427210656,0.867176,6.352588235294143,18.093877239325636,221.13,6.352588235294143,18.093877239325636,221.13,6.352588235294143,18.093877239325636,221.13,0.06697967500000003,0.09634150827280806,0.30155999999999994,0.06697967500000003,0.09634150827280806,0.30155999999999994,0.06697967500000003,0.09634150827280806,0.30155999999999994
1,Neck,14,1,No Fall,0.9671176823529419,0.057148892623382914,0.5353359999999999,0.9671176823529419,0.057148892623382914,0.5353359999999999,0.9671176823529419,0.057148892623382914,0.5353359999999999,5.17051470588235,13.535866177486438,132.93,5.17051470588235,13.535866177486438,132.93,5.17051470588235,13.535866177486438,132.93,0.27340337500000017,0.08721343641200664,0.40431999999999996,0.27340337500000017,0.08721343641200664,0.40431999999999996,0.27340337500000017,0.08721343641200664,0.40431999999999996
1,Neck,14,2,No Fall,0.9653077764705864,0.03237553069658177,0.2381439999999999,0.9653077764705864,0.03237553069658177,0.2381439999999999,0.9653077764705864,0.03237553069658177,0.2381439999999999,4.83957352941177,13.499947324920875,175.07000000000002,4.83957352941177,13.499947324920875,175.07000000000002,4.83957352941177,13.499947324920875,175.07000000000002,0.29043717500000016,0.04551210098539115,0.2506,0.29043717500000016,0.04551210098539115,0.2506,0.29043717500000016,0.04551210098539115,0.2506
1,Neck,14,3,No Fall,0.9680733319327732,0.05002586485403844,0.45066799999999996,0.9680733319327732,0.05002586485403844,0.45066799999999996,0.9680733319327732,0.05002586485403844,0.45066799999999996,6.279705882352943,13.041975872070315,152.88,6.279705882352943,13.041975872070315,152.88,6.279705882352943,13.041975872070315,152.88,0.04761321249999999,0.10210973816351805,0.36722,0.04761321249999999,0.10210973816351805,0.36722,0.04761321249999999,0.10210973816351805,0.36722
1,Neck,14,4,No Fall,0.962839224369747,0.041619944792819615,0.2737680000000001,0.962839224369747,0.041619944792819615,0.2737680000000001,0.962839224369747,0.041619944792819615,0.2737680000000001,4.882411764705889,14.288477188130821,143.64000000000001,4.882411764705889,14.288477188130821,143.64000000000001,4.882411764705889,14.288477188130821,143.64000000000001,-0.004376575000000005,0.057228539281874935,0.34482,-0.004376575000000005,0.057228539281874935,0.34482,-0.004376575000000005,0.057228539281874935,0.34482
1,Neck,14,5,No Fall,0.9596301117647061,0.05736633906230497,0.575352,0.9596301117647061,0.05736633906230497,0.575352,0.9596301117647061,0.05736633906230497,0.575352,4.7561470588235135,13.41614905949876,148.26,4.7561470588235135,13.41614905949876,148.26,4.7561470588235135,13.41614905949876,148.26,0.20346173750000002,0.11080542134347723,0.4912599999999999,0.20346173750000002,0.11080542134347723,0.4912599999999999,0.20346173750000002,0.11080542134347723,0.4912599999999999
1,Neck,14,6,No Fall,0.9532394647058825,0.03496801532554494,0.48165599999999986,0.9532394647058825,0.03496801532554494,0.48165599999999986,0.9532394647058825,0.03496801532554494,0.48165599999999986,4.780838235294125,15.54483529202661,179.97000000000003,4.780838235294125,15.54483529202661,179.97000000000003,4.780838235294125,15.54483529202661,179.97000000000003,0.2679714624999996,0.051020966594687855,0.2996,0.2679714624999996,0.051020966594687855,0.2996,0.2679714624999996,0.051020966594687855,0.2996
1,Neck,14,7,No Fall,0.9593220873949594,0.05931720079339011,0.4914160000000001,0.9593220873949594,0.05931720079339011,0.4914160000000001,0.9593220873949594,0.05931720079339011,0.4914160000000001,4.727352941176463,10.7200551413248,128.17000000000002,4.727352941176463,10.7200551413248,128.17000000000002,4.727352941176463,10.7200551413248,128.17000000000002,0.01029796249999998,0.11244499871796888,0.37351999999999996,0.01029796249999998,0.11244499871796888,0.37351999999999996,0.01029796249999998,0.11244499871796888,0.37351999999999996
1,Neck,14,8,No Fall,0.9466959075630265,0.029351280201392854,0.3699040000000001,0.9466959075630265,0.029351280201392854,0.3699040000000001,0.9466959075630265,0.029351280201392854,0.3699040000000001,5.122529411764703,12.552813821964033,132.86,5.122529411764703,12.552813821964033,132.86,5.122529411764703,12.552813821964033,132.86,-0.07272824999999979,0.038617249020206995,0.25914,-0.07272824999999979,0.038617249020206995,0.25914,-0.07272824999999979,0.038617249020206995,0.25914
1,Neck,14,9,No Fall,0.9488177848739516,0.0651149828953426,0.708576,0.9488177848739516,0.0651149828953426,0.708576,0.9488177848739516,0.0651149828953426,0.708576,5.7202352941176615,13.827256982728523,140.42000000000002,5.7202352941176615,13.827256982728523,140.42000000000002,5.7202352941176615,13.827256982728523,140.42000000000002,0.2067178749999999,0.08744283947152937,0.46773999999999993,0.2067178749999999,0.08744283947152937,0.46773999999999993,0.2067178749999999,0.08744283947152937,0.46773999999999993
1,Neck,14,10,No Fall,0.9476370504201668,0.03565597579351523,0.49532,0.9476370504201668,0.03565597579351523,0.49532,0.9476370504201668,0.03565597579351523,0.49532,4.918176470588239,14.158902778043071,190.54000000000002,4.918176470588239,14.158902778043071,190.54000000000002,4.918176470588239,14.158902778043071,190.54000000000002,0.26651169999999946,0.039769913343689914,0.24178,0.26651169999999946,0.039769913343689914,0.24178,0.26651169999999946,0.039769913343689914,0.24178
1,Neck,15,1,No Fall,0.9614386336134434,0.1348980164308613,2.265052,0.9614386336134434,0.1348980164308613,2.265052,0.9614386336134434,0.1348980164308613,2.265052,4.988691176470585,15.073074393214462,180.67000000000002,4.988691176470585,15.073074393214462,180.67000000000002,4.988691176470585,15.073074393214462,180.67000000000002,0.3104324124999998,0.04747572596103243,0.2861599999999999,0.3104324124999998,0.04747572596103243,0.2861599999999999,0.3104324124999998,0.04747572596103243,0.2861599999999999
1,Neck,15,2,No Fall,0.9566733033613439,0.1667064531533422,3.218848,0.9566733033613439,0.1667064531533422,3.218848,0.9566733033613439,0.1667064531533422,3.218848,5.17848529411766,19.376248122283037,266.07000000000005,5.17848529411766,19.376248122283037,266.07000000000005,5.17848529411766,19.376248122283037,266.07000000000005,0.28762247500000004,0.04746079655758594,0.34552000000000005,0.28762247500000004,0.04746079655758594,0.34552000000000005,0.28762247500000004,0.04746079655758594,0.34552000000000005
1,Neck,15,3,No Fall,0.9339659764705899,0.177810018456886,3.45016,0.9339659764705899,0.177810018456886,3.45016,0.9339659764705899,0.177810018456886,3.45016,5.49316176470588,17.88980383396606,348.11,5.49316176470588,17.88980383396606,348.11,5.49316176470588,17.88980383396606,348.11,0.2642414249999997,0.056894354550400594,0.31304,0.2642414249999997,0.056894354550400594,0.31304,0.2642414249999997,0.056894354550400594,0.31304
1,Neck,16,1,No Fall,0.5821878957983178,0.36791545286276334,1.066768,0.5821878957983178,0.36791545286276334,1.066768,0.5821878957983178,0.36791545286276334,1.066768,4.824926470588277,12.759177784222937,125.79000000000002,4.824926470588277,12.759177784222937,125.79000000000002,4.824926470588277,12.759177784222937,125.79000000000002,0.23657313749999997,0.06939168900682999,0.32858,0.23657313749999997,0.06939168900682999,0.32858,0.23657313749999997,0.06939168900682999,0.32858
1,Neck,16,2,No Fall,0.4588491764705828,0.448302353968788,1.7277639999999999,0.4588491764705828,0.448302353968788,1.7277639999999999,0.4588491764705828,0.448302353968788,1.7277639999999999,5.045352941176545,13.675527469422795,150.29000000000002,5.045352941176545,13.675527469422795,150.29000000000002,5.045352941176545,13.675527469422795,150.29000000000002,0.18406115000000012,0.07587377421537725,0.36568,0.18406115000000012,0.07587377421537725,0.36568,0.18406115000000012,0.07587377421537725,0.36568
1,Neck,16,3,No Fall,0.44678199243697725,0.5358647319056088,1.8422,0.44678199243697725,0.5358647319056088,1.8422,0.44678199243697725,0.5358647319056088,1.8422,4.363338235294102,15.332979079702008,231.98000000000002,4.363338235294102,15.332979079702008,231.98000000000002,4.363338235294102,15.332979079702008,231.98000000000002,0.14656223749999994,0.11142506669809094,0.5628,0.14656223749999994,0.11142506669809094,0.5628,0.14656223749999994,0.11142506669809094,0.5628
1,Neck,16,4,No Fall,0.5866876453781509,0.3721833770244579,1.238544,0.5866876453781509,0.3721833770244579,1.238544,0.5866876453781509,0.3721833770244579,1.238544,3.129617647058823,19.346210195790796,154.42000000000002,3.129617647058823,19.346210195790796,154.42000000000002,3.129617647058823,19.346210195790796,154.42000000000002,0.024719887500000003,0.1158094419056966,0.53186,0.024719887500000003,0.1158094419056966,0.53186,0.024719887500000003,0.1158094419056966,0.53186
1,Neck,16,5,No Fall,0.5340781184873993,0.4378486925362782,1.263188,0.5340781184873993,0.4378486925362782,1.263188,0.5340781184873993,0.4378486925362782,1.263188,4.564147058823517,20.40654495959236,162.75,4.564147058823517,20.40654495959236,162.75,4.564147058823517,20.40654495959236,162.75,0.0485300375,0.09007179858069239,0.45247999999999994,0.0485300375,0.09007179858069239,0.45247999999999994,0.0485300375,0.09007179858069239,0.45247999999999994
1,Neck,17,1,No Fall,0.36458690168067315,0.2569154284444192,1.057008,0.36458690168067315,0.2569154284444192,1.057008,0.36458690168067315,0.2569154284444192,1.057008,5.125794117647084,9.39551894102149,103.11000000000001,5.125794117647084,9.39551894102149,103.11000000000001,5.125794117647084,9.39551894102149,103.11000000000001,0.06766628749999985,0.135594367014069,0.46928,0.06766628749999985,0.135594367014069,0.46928,0.06766628749999985,0.135594367014069,0.46928
1,Neck,17,2,No Fall,0.2529819168067229,0.21221635753871473,0.8288679999999999,0.2529819168067229,0.21221635753871473,0.8288679999999999,0.2529819168067229,0.21221635753871473,0.8288679999999999,5.851455882352921,12.866102416310602,216.72000000000003,5.851455882352921,12.866102416310602,216.72000000000003,5.851455882352921,12.866102416310602,216.72000000000003,0.028865812499999935,0.11933742292878795,0.41187999999999997,0.028865812499999935,0.11933742292878795,0.41187999999999997,0.028865812499999935,0.11933742292878795,0.41187999999999997
1,Neck,17,3,No Fall,0.05984515210084014,0.20924689473896402,0.701256,0.05984515210084014,0.20924689473896402,0.701256,0.05984515210084014,0.20924689473896402,0.701256,6.651323529411741,7.211952979817465,61.39,6.651323529411741,7.211952979817465,61.39,6.651323529411741,7.211952979817465,61.39,-0.03690137499999997,0.12822335823908282,0.357,-0.03690137499999997,0.12822335823908282,0.357,-0.03690137499999997,0.12822335823908282,0.357
1,Neck,17,4,No Fall,0.16318299663865518,0.12036087288211533,0.89182,0.16318299663865518,0.12036087288211533,0.89182,0.16318299663865518,0.12036087288211533,0.89182,6.08507352941174,10.37332865875501,94.85000000000002,6.08507352941174,10.37332865875501,94.85000000000002,6.08507352941174,10.37332865875501,94.85000000000002,0.13396556249999994,0.2202129502844449,0.60732,0.13396556249999994,0.2202129502844449,0.60732,0.13396556249999994,0.2202129502844449,0.60732
1,Neck,17,5,No Fall,0.14851998067226868,0.14751050199462673,0.905972,0.14851998067226868,0.14751050199462673,0.905972,0.14851998067226868,0.14751050199462673,0.905972,6.684558823529392,21.33080877213045,390.39,6.684558823529392,21.33080877213045,390.39,6.684558823529392,21.33080877213045,390.39,0.24682734999999995,0.2785932312688081,0.7677599999999999,0.24682734999999995,0.2785932312688081,0.7677599999999999,0.24682734999999995,0.2785932312688081,0.7677599999999999
1,Neck,17,6,No Fall,0.38477605630252093,0.22342764922393848,1.4510679999999998,0.38477605630252093,0.22342764922393848,1.4510679999999998,0.38477605630252093,0.22342764922393848,1.4510679999999998,3.777970588235292,19.08925817090393,294.91,3.777970588235292,19.08925817090393,294.91,3.777970588235292,19.08925817090393,294.91,0.19021765000000004,0.15934065009661164,0.58646,0.19021765000000004,0.15934065009661164,0.58646,0.19021765000000004,0.15934065009661164,0.58646
1,Neck,18,1,No Fall,0.7715018571428571,0.13072523926129684,0.635132,0.7715018571428571,0.13072523926129684,0.635132,0.7715018571428571,0.13072523926129684,0.635132,2.610058823529409,14.57862750427092,92.4,2.610058823529409,14.57862750427092,92.4,2.610058823529409,14.57862750427092,92.4,0.12747472499999998,0.15588251487162078,0.6880999999999999,0.12747472499999998,0.15588251487162078,0.6880999999999999,0.12747472499999998,0.15588251487162078,0.6880999999999999
1,Neck,18,2,No Fall,0.6492397621848741,0.22006216004916096,0.69296,0.6492397621848741,0.22006216004916096,0.69296,0.6492397621848741,0.22006216004916096,0.69296,6.854720588235285,13.45899034329122,116.34000000000002,6.854720588235285,13.45899034329122,116.34000000000002,6.854720588235285,13.45899034329122,116.34000000000002,0.15415461249999987,0.20610916911001118,0.70994,0.15415461249999987,0.20610916911001118,0.70994,0.15415461249999987,0.20610916911001118,0.70994
1,Neck,18,3,No Fall,0.5871014201680689,0.35202450434848725,1.1504599999999998,0.5871014201680689,0.35202450434848725,1.1504599999999998,0.5871014201680689,0.35202450434848725,1.1504599999999998,8.409794117647037,20.17347639196004,188.23000000000002,8.409794117647037,20.17347639196004,188.23000000000002,8.409794117647037,20.17347639196004,188.23000000000002,0.0129994375000001,0.1854037620270747,0.7,0.0129994375000001,0.1854037620270747,0.7,0.0129994375000001,0.1854037620270747,0.7
1,Neck,18,4,No Fall,0.6269629722689072,0.333891742696749,0.8891359999999999,0.6269629722689072,0.333891742696749,0.8891359999999999,0.6269629722689072,0.333891742696749,0.8891359999999999,5.54011764705884,17.130808207961927,177.03000000000003,5.54011764705884,17.130808207961927,177.03000000000003,5.54011764705884,17.130808207961927,177.03000000000003,0.28720448750000044,0.08479971450630039,0.39158,0.28720448750000044,0.08479971450630039,0.39158,0.28720448750000044,0.08479971450630039,0.39158
1,Neck,18,5,No Fall,0.599830992436976,0.31893150568208734,1.051884,0.599830992436976,0.31893150568208734,1.051884,0.599830992436976,0.31893150568208734,1.051884,5.508985294117633,21.2855000094732,225.96000000000004,5.508985294117633,21.2855000094732,225.96000000000004,5.508985294117633,21.2855000094732,225.96000000000004,0.3531462375000002,0.186036088640797,0.5348,0.3531462375000002,0.186036088640797,0.5348,0.3531462375000002,0.186036088640797,0.5348
1,Neck,18,6,No Fall,0.6762416941176468,0.31584085244694987,1.125572,0.6762416941176468,0.31584085244694987,1.125572,0.6762416941176468,0.31584085244694987,1.125572,4.968088235294111,15.590989228241396,171.08,4.968088235294111,15.590989228241396,171.08,4.968088235294111,15.590989228241396,171.08,0.28975485000000006,0.05857229556374974,0.27412,0.28975485000000006,0.05857229556374974,0.27412,0.28975485000000006,0.05857229556374974,0.27412
1,Neck,19,1,No Fall,0.9430587697479,0.10069049082640684,0.7795799999999999,0.9430587697479,0.10069049082640684,0.7795799999999999,0.9430587697479,0.10069049082640684,0.7795799999999999,5.12498529411766,11.836813768979663,91.14000000000001,5.12498529411766,11.836813768979663,91.14000000000001,5.12498529411766,11.836813768979663,91.14000000000001,0.08201952500000009,0.05139081303661906,0.31402,0.08201952500000009,0.05139081303661906,0.31402,0.08201952500000009,0.05139081303661906,0.31402
1,Neck,19,2,No Fall,0.9445389680672263,0.0881858240651181,0.7036960000000001,0.9445389680672263,0.0881858240651181,0.7036960000000001,0.9445389680672263,0.0881858240651181,0.7036960000000001,5.268176470588216,7.68567692465945,68.81,5.268176470588216,7.68567692465945,68.81,5.268176470588216,7.68567692465945,68.81,0.14476971250000006,0.04339915202414793,0.18409999999999999,0.14476971250000006,0.04339915202414793,0.18409999999999999,0.14476971250000006,0.04339915202414793,0.18409999999999999
1,Neck,19,4,No Fall,0.9455985226890783,0.12781734706023032,1.0043039999999999,0.9455985226890783,0.12781734706023032,1.0043039999999999,0.9455985226890783,0.12781734706023032,1.0043039999999999,5.332014705882341,7.376353941754899,60.34,5.332014705882341,7.376353941754899,60.34,5.332014705882341,7.376353941754899,60.34,-0.02213837499999998,0.060698070926869435,0.20845999999999998,-0.02213837499999998,0.060698070926869435,0.20845999999999998,-0.02213837499999998,0.060698070926869435,0.20845999999999998
1,Neck,19,6,No Fall,0.9537887722689092,0.13428043473424872,0.9813679999999999,0.9537887722689092,0.13428043473424872,0.9813679999999999,0.9537887722689092,0.13428043473424872,0.9813679999999999,5.54141176470588,8.11819766506387,85.05000000000001,5.54141176470588,8.11819766506387,85.05000000000001,5.54141176470588,8.11819766506387,85.05000000000001,0.044783637500000056,0.05590132131351159,0.23856,0.044783637500000056,0.05590132131351159,0.23856,0.044783637500000056,0.05590132131351159,0.23856
1,Neck,20,1,No Fall,0.9444248109243678,0.09697479107962821,0.519232,0.9444248109243678,0.09697479107962821,0.519232,0.9444248109243678,0.09697479107962821,0.519232,5.778808823529401,6.884841994173143,46.480000000000004,5.778808823529401,6.884841994173143,46.480000000000004,5.778808823529401,6.884841994173143,46.480000000000004,0.18586732499999997,0.01850889947955684,0.11549999999999999,0.18586732499999997,0.01850889947955684,0.11549999999999999,0.18586732499999997,0.01850889947955684,0.11549999999999999
1,Neck,20,2,No Fall,0.9469736369747881,0.12860186426900144,0.8627839999999999,0.9469736369747881,0.12860186426900144,0.8627839999999999,0.9469736369747881,0.12860186426900144,0.8627839999999999,7.206808823529408,10.424247803186866,72.66000000000001,7.206808823529408,10.424247803186866,72.66000000000001,7.206808823529408,10.424247803186866,72.66000000000001,0.17966515000000008,0.05873673014515791,0.25788,0.17966515000000008,0.05873673014515791,0.25788,0.17966515000000008,0.05873673014515791,0.25788
1,Neck,20,3,No Fall,0.9554590445378136,0.11539846892414234,0.841312,0.9554590445378136,0.11539846892414234,0.841312,0.9554590445378136,0.11539846892414234,0.841312,5.292294117647064,5.824693168222419,34.370000000000005,5.292294117647064,5.824693168222419,34.370000000000005,5.292294117647064,5.824693168222419,34.370000000000005,0.16703785000000024,0.04247785862862611,0.22876,0.16703785000000024,0.04247785862862611,0.22876,0.16703785000000024,0.04247785862862611,0.22876
1,Neck,20,4,No Fall,0.9551402554621848,0.16796722606333633,1.033096,0.9551402554621848,0.16796722606333633,1.033096,0.9551402554621848,0.16796722606333633,1.033096,4.935558823529411,10.111816454295699,80.99000000000001,4.935558823529411,10.111816454295699,80.99000000000001,4.935558823529411,10.111816454295699,80.99000000000001,0.19532975000000022,0.06672805385795236,0.26389999999999997,0.19532975000000022,0.06672805385795236,0.26389999999999997,0.19532975000000022,0.06672805385795236,0.26389999999999997
1,Neck,21,1,No Fall,0.9427347008403367,0.05856868573059238,0.48287599999999986,0.9427347008403367,0.05856868573059238,0.48287599999999986,0.9427347008403367,0.05856868573059238,0.48287599999999986,7.176132352941205,7.19621034341739,59.290000000000006,7.176132352941205,7.19621034341739,59.290000000000006,7.176132352941205,7.19621034341739,59.290000000000006,0.11358226249999998,0.10525806439511515,0.35056,0.11358226249999998,0.10525806439511515,0.35056,0.11358226249999998,0.10525806439511515,0.35056
1,Neck,21,2,No Fall,0.9492123882352951,0.09063850889643023,0.8730319999999999,0.9492123882352951,0.09063850889643023,0.8730319999999999,0.9492123882352951,0.09063850889643023,0.8730319999999999,7.151588235294116,9.469708351054555,87.08000000000001,7.151588235294116,9.469708351054555,87.08000000000001,7.151588235294116,9.469708351054555,87.08000000000001,0.0827140125,0.09552019763378491,0.31234,0.0827140125,0.09552019763378491,0.31234,0.0827140125,0.09552019763378491,0.31234
1,Neck,21,3,No Fall,0.9471431554621834,0.08273860465642947,0.768844,0.9471431554621834,0.08273860465642947,0.768844,0.9471431554621834,0.08273860465642947,0.768844,4.639352941176462,4.137016597300688,30.870000000000005,4.639352941176462,4.137016597300688,30.870000000000005,4.639352941176462,4.137016597300688,30.870000000000005,-0.003259899999999948,0.08202996481130771,0.24023999999999998,-0.003259899999999948,0.08202996481130771,0.24023999999999998,-0.003259899999999948,0.08202996481130771,0.24023999999999998
1,Neck,21,4,No Fall,0.9573577848739513,0.11917066288374556,0.900848,0.9573577848739513,0.11917066288374556,0.900848,0.9573577848739513,0.11917066288374556,0.900848,5.395588235294115,6.523420887721801,50.89000000000001,5.395588235294115,6.523420887721801,50.89000000000001,5.395588235294115,6.523420887721801,50.89000000000001,0.07576887500000001,0.032701753877675245,0.14237999999999998,0.07576887500000001,0.032701753877675245,0.14237999999999998,0.07576887500000001,0.032701753877675245,0.14237999999999998
1,Neck,21,5,No Fall,0.9516134302521002,0.09892491512743234,0.8037360000000001,0.9516134302521002,0.09892491512743234,0.8037360000000001,0.9516134302521002,0.09892491512743234,0.8037360000000001,5.507558823529414,5.422975765702471,39.27,5.507558823529414,5.422975765702471,39.27,5.507558823529414,5.422975765702471,39.27,0.09527988749999997,0.02999668670029183,0.11746000000000001,0.09527988749999997,0.02999668670029183,0.11746000000000001,0.09527988749999997,0.02999668670029183,0.11746000000000001
1,Neck,22,1,No Fall,0.9599256798319301,0.22928130179665782,1.197552,0.9599256798319301,0.22928130179665782,1.197552,0.9599256798319301,0.22928130179665782,1.197552,7.2030294117647085,13.990788593902668,102.27000000000001,7.2030294117647085,13.990788593902668,102.27000000000001,7.2030294117647085,13.990788593902668,102.27000000000001,0.1123212125000001,0.10963734538454123,0.43931999999999993,0.1123212125000001,0.10963734538454123,0.43931999999999993,0.1123212125000001,0.10963734538454123,0.43931999999999993
1,Neck,22,2,No Fall,0.9620577579831939,0.2512685622860354,1.2724600000000001,0.9620577579831939,0.2512685622860354,1.2724600000000001,0.9620577579831939,0.2512685622860354,1.2724600000000001,5.7034852941176615,13.848921490524749,101.57000000000001,5.7034852941176615,13.848921490524749,101.57000000000001,5.7034852941176615,13.848921490524749,101.57000000000001,0.1680016624999999,0.05823603262303235,0.24625999999999998,0.1680016624999999,0.05823603262303235,0.24625999999999998,0.1680016624999999,0.05823603262303235,0.24625999999999998
1,Neck,22,3,No Fall,0.959514057983196,0.25457617952604505,1.24806,0.959514057983196,0.25457617952604505,1.24806,0.959514057983196,0.25457617952604505,1.24806,5.409014705882346,14.617568760557639,97.30000000000001,5.409014705882346,14.617568760557639,97.30000000000001,5.409014705882346,14.617568760557639,97.30000000000001,0.07522707499999996,0.06468838169368767,0.27846,0.07522707499999996,0.06468838169368767,0.27846,0.07522707499999996,0.06468838169368767,0.27846
1,Neck,23,1,No Fall,0.9614097226890733,0.30717203948403354,4.325876,0.9614097226890733,0.30717203948403354,4.325876,0.9614097226890733,0.30717203948403354,4.325876,5.834985294117652,36.376249856815896,687.96,5.834985294117652,36.376249856815896,687.96,5.834985294117652,36.376249856815896,687.96,0.10642344999999999,0.08854124266623183,0.44253999999999993,0.10642344999999999,0.08854124266623183,0.44253999999999993,0.10642344999999999,0.08854124266623183,0.44253999999999993
1,Neck,25,1,No Fall,0.9649157361344513,0.9754100235464532,4.5793919999999995,0.9649157361344513,0.9754100235464532,4.5793919999999995,0.9649157361344513,0.9754100235464532,4.5793919999999995,3.565823529411769,35.634720892540415,427.4200000000001,3.565823529411769,35.634720892540415,427.4200000000001,3.565823529411769,35.634720892540415,427.4200000000001,0.17192034999999975,0.06739725201270666,0.40879999999999994,0.17192034999999975,0.06739725201270666,0.40879999999999994,0.17192034999999975,0.06739725201270666,0.40879999999999994
1,Neck,25,3,No Fall,0.9723388210084016,1.0827558011726581,5.70838,0.9723388210084016,1.0827558011726581,5.70838,0.9723388210084016,1.0827558011726581,5.70838,4.942161764705888,48.366682120739426,519.33,4.942161764705888,48.366682120739426,519.33,4.942161764705888,48.366682120739426,519.33,0.16249134999999965,0.09008495753960157,0.47137999999999997,0.16249134999999965,0.09008495753960157,0.47137999999999997,0.16249134999999965,0.09008495753960157,0.47137999999999997
1,Neck,26,1,No Fall,0.9386122285714266,0.22027191959765566,3.783464,0.9386122285714266,0.22027191959765566,3.783464,0.9386122285714266,0.22027191959765566,3.783464,5.146529411764731,9.19575756475345,239.61,5.146529411764731,9.19575756475345,239.61,5.146529411764731,9.19575756475345,239.61,0.09447357499999981,0.01586218696551506,0.10597999999999999,0.09447357499999981,0.01586218696551506,0.10597999999999999,0.09447357499999981,0.01586218696551506,0.10597999999999999
1,Neck,26,2,No Fall,0.9610102495798332,0.21513249494283765,4.0748,0.9610102495798332,0.21513249494283765,4.0748,0.9610102495798332,0.21513249494283765,4.0748,5.5207941176470605,13.429110630013447,392.21000000000004,5.5207941176470605,13.429110630013447,392.21000000000004,5.5207941176470605,13.429110630013447,392.21000000000004,0.12910773749999982,0.0895394119078805,0.33557999999999993,0.12910773749999982,0.0895394119078805,0.33557999999999993,0.12910773749999982,0.0895394119078805,0.33557999999999993
1,Neck,26,3,No Fall,0.9380701999999982,0.18915493620770038,3.334504,0.9380701999999982,0.18915493620770038,3.334504,0.9380701999999982,0.18915493620770038,3.334504,5.655999999999993,13.052924010496122,321.16,5.655999999999993,13.052924010496122,321.16,5.655999999999993,13.052924010496122,321.16,0.092869525,0.024182825691715558,0.15582,0.092869525,0.024182825691715558,0.15582,0.092869525,0.024182825691715558,0.15582
1,Neck,26,4,No Fall,0.9537052689075639,0.20867078844513873,3.229584,0.9537052689075639,0.20867078844513873,3.229584,0.9537052689075639,0.20867078844513873,3.229584,9.011661764705861,12.549686641022708,253.26000000000002,9.011661764705861,12.549686641022708,253.26000000000002,9.011661764705861,12.549686641022708,253.26000000000002,0.10787332500000009,0.08137760744403344,0.34258,0.10787332500000009,0.08137760744403344,0.34258,0.10787332500000009,0.08137760744403344,0.34258
1,Neck,27,1,No Fall,0.933195377310924,0.24612735798147636,4.695048,0.933195377310924,0.24612735798147636,4.695048,0.933195377310924,0.24612735798147636,4.695048,5.398852941176484,10.843064774109466,201.95000000000002,5.398852941176484,10.843064774109466,201.95000000000002,5.398852941176484,10.843064774109466,201.95000000000002,0.07650194999999999,0.01732099245669263,0.14252,0.07650194999999999,0.01732099245669263,0.14252,0.07650194999999999,0.01732099245669263,0.14252
1,Neck,27,2,No Fall,0.958964289075631,0.2610840065360808,5.057875999999999,0.958964289075631,0.2610840065360808,5.057875999999999,0.958964289075631,0.2610840065360808,5.057875999999999,6.71870588235295,16.235563446008992,249.48000000000002,6.71870588235295,16.235563446008992,249.48000000000002,6.71870588235295,16.235563446008992,249.48000000000002,0.11016276250000002,0.1305513408241677,0.41972,0.11016276250000002,0.1305513408241677,0.41972,0.11016276250000002,0.1305513408241677,0.41972
1,Neck,27,3,No Fall,0.9344252705882331,0.2874203225892469,5.518304,0.9344252705882331,0.2874203225892469,5.518304,0.9344252705882331,0.2874203225892469,5.518304,5.351691176470584,16.225531254335046,319.69000000000005,5.351691176470584,16.225531254335046,319.69000000000005,5.351691176470584,16.225531254335046,319.69000000000005,0.0982218999999999,0.02686760003884611,0.19697999999999996,0.0982218999999999,0.02686760003884611,0.19697999999999996,0.0982218999999999,0.02686760003884611,0.19697999999999996
1,Neck,27,4,No Fall,0.9564243823529447,0.2992453930437295,5.906996,0.9564243823529447,0.2992453930437295,5.906996,0.9564243823529447,0.2992453930437295,5.906996,6.549102941176457,16.662110345767186,432.46000000000004,6.549102941176457,16.662110345767186,432.46000000000004,6.549102941176457,16.662110345767186,432.46000000000004,0.12772086249999987,0.08549882014484131,0.33375999999999995,0.12772086249999987,0.08549882014484131,0.33375999999999995,0.12772086249999987,0.08549882014484131,0.33375999999999995
1,Neck,28,1,No Fall,0.8564036563025235,0.22450762737026836,0.96746,0.8564036563025235,0.22450762737026836,0.96746,0.8564036563025235,0.22450762737026836,0.96746,5.325867647058796,23.835607570110636,271.04,5.325867647058796,23.835607570110636,271.04,5.325867647058796,23.835607570110636,271.04,0.13740203749999977,0.11332227507805609,0.39424,0.13740203749999977,0.11332227507805609,0.39424,0.13740203749999977,0.11332227507805609,0.39424
1,Neck,28,2,No Fall,0.897542158823527,0.19653822228083184,1.202188,0.897542158823527,0.19653822228083184,1.202188,0.897542158823527,0.19653822228083184,1.202188,6.542970588235299,27.41375696274278,263.55,6.542970588235299,27.41375696274278,263.55,6.542970588235299,27.41375696274278,263.55,0.12381118749999986,0.17428475954159073,0.5784799999999999,0.12381118749999986,0.17428475954159073,0.5784799999999999,0.12381118749999986,0.17428475954159073,0.5784799999999999
1,Neck,28,3,No Fall,0.8889153235294115,0.13065389935447513,1.366156,0.8889153235294115,0.13065389935447513,1.366156,0.8889153235294115,0.13065389935447513,1.366156,5.27182352941177,21.891201724870534,246.89000000000001,5.27182352941177,21.891201724870534,246.89000000000001,5.27182352941177,21.891201724870534,246.89000000000001,0.1360547999999999,0.13476254227421702,0.51016,0.1360547999999999,0.13476254227421702,0.51016,0.1360547999999999,0.13476254227421702,0.51016
1,Neck,28,4,No Fall,0.9167407042016786,0.14067519921284385,0.770796,0.9167407042016786,0.14067519921284385,0.770796,0.9167407042016786,0.14067519921284385,0.770796,5.132926470588224,19.8968974264278,202.79000000000002,5.132926470588224,19.8968974264278,202.79000000000002,5.132926470588224,19.8968974264278,202.79000000000002,0.13561432500000006,0.11263625598645424,0.46802,0.13561432500000006,0.11263625598645424,0.46802,0.13561432500000006,0.11263625598645424,0.46802
1,Neck,29,1,No Fall,0.9549657647058819,0.10788671888410628,0.7329760000000001,0.9549657647058819,0.10788671888410628,0.7329760000000001,0.9549657647058819,0.10788671888410628,0.7329760000000001,5.848808823529391,5.079822875941767,42.28,5.848808823529391,5.079822875941767,42.28,5.848808823529391,5.079822875941767,42.28,0.17023370000000018,0.03732107903916908,0.14895999999999998,0.17023370000000018,0.03732107903916908,0.14895999999999998,0.17023370000000018,0.03732107903916908,0.14895999999999998
1,Neck,29,2,No Fall,0.9628551151260498,0.12533382610191143,0.9635559999999999,0.9628551151260498,0.12533382610191143,0.9635559999999999,0.9628551151260498,0.12533382610191143,0.9635559999999999,6.445367647058839,6.908951588500343,80.22,6.445367647058839,6.908951588500343,80.22,6.445367647058839,6.908951588500343,80.22,0.16528531249999998,0.060792217331516976,0.24079999999999996,0.16528531249999998,0.060792217331516976,0.24079999999999996,0.16528531249999998,0.060792217331516976,0.24079999999999996
1,Neck,30,1,No Fall,0.954686036134455,0.14819784492529353,0.8925520000000001,0.954686036134455,0.14819784492529353,0.8925520000000001,0.954686036134455,0.14819784492529353,0.8925520000000001,4.386382352941171,8.23850379366107,67.97,4.386382352941171,8.23850379366107,67.97,4.386382352941171,8.23850379366107,67.97,0.2567785500000003,0.07670771115077836,0.35322,0.2567785500000003,0.07670771115077836,0.35322,0.2567785500000003,0.07670771115077836,0.35322
1,Neck,30,2,No Fall,0.9522918630252144,0.1772069342053641,1.095072,0.9522918630252144,0.1772069342053641,1.095072,0.9522918630252144,0.1772069342053641,1.095072,5.899073529411763,9.183677934827957,87.15,5.899073529411763,9.183677934827957,87.15,5.899073529411763,9.183677934827957,87.15,0.23788485000000037,0.08388069373053281,0.39899999999999997,0.23788485000000037,0.08388069373053281,0.39899999999999997,0.23788485000000037,0.08388069373053281,0.39899999999999997
1,Neck,31,1,No Fall,0.9588424428571442,0.09655907121533105,0.74786,0.9588424428571442,0.09655907121533105,0.74786,0.9588424428571442,0.09655907121533105,0.74786,4.995147058823529,5.452009226073388,36.68000000000001,4.995147058823529,5.452009226073388,36.68000000000001,4.995147058823529,5.452009226073388,36.68000000000001,0.24769832499999966,0.05608857648801723,0.27902,0.24769832499999966,0.05608857648801723,0.27902,0.24769832499999966,0.05608857648801723,0.27902
1,Neck,31,2,No Fall,0.9602487235294107,0.13810364616919854,1.0431,0.9602487235294107,0.13810364616919854,1.0431,0.9602487235294107,0.13810364616919854,1.0431,4.933632352941183,7.608178544997581,80.78,4.933632352941183,7.608178544997581,80.78,4.933632352941183,7.608178544997581,80.78,0.21849047499999988,0.08742264481552224,0.31849999999999995,0.21849047499999988,0.08742264481552224,0.31849999999999995,0.21849047499999988,0.08742264481552224,0.31849999999999995
1,Neck,32,1,No Fall,0.969730891596639,0.10326177431992911,0.9642879999999999,0.969730891596639,0.10326177431992911,0.9642879999999999,0.969730891596639,0.10326177431992911,0.9642879999999999,5.972058823529411,9.667649543919156,94.22,5.972058823529411,9.667649543919156,94.22,5.972058823529411,9.667649543919156,94.22,0.25384677499999947,0.038760050484298154,0.21699999999999994,0.25384677499999947,0.038760050484298154,0.21699999999999994,0.25384677499999947,0.038760050484298154,0.21699999999999994
1,Neck,32,2,No Fall,0.9738620781512614,0.14279086677980898,1.194136,0.9738620781512614,0.14279086677980898,1.194136,0.9738620781512614,0.14279086677980898,1.194136,6.110367647058813,11.47629920054055,125.51000000000002,6.110367647058813,11.47629920054055,125.51000000000002,6.110367647058813,11.47629920054055,125.51000000000002,0.12603849999999972,0.03235843998323843,0.16127999999999998,0.12603849999999972,0.03235843998323843,0.16127999999999998,0.12603849999999972,0.03235843998323843,0.16127999999999998
1,Neck,33,1,No Fall,0.9666976537815107,0.14826115365252704,0.9240280000000001,0.9666976537815107,0.14826115365252704,0.9240280000000001,0.9666976537815107,0.14826115365252704,0.9240280000000001,7.43310294117646,12.36530850046764,111.72,7.43310294117646,12.36530850046764,111.72,7.43310294117646,12.36530850046764,111.72,0.1690224375,0.10007247188701325,0.35769999999999996,0.1690224375,0.10007247188701325,0.35769999999999996,0.1690224375,0.10007247188701325,0.35769999999999996
1,Neck,33,2,No Fall,0.9710444420168055,0.18380633970000224,1.141188,0.9710444420168055,0.18380633970000224,1.141188,0.9710444420168055,0.18380633970000224,1.141188,6.512647058823548,13.465105880403206,135.8,6.512647058823548,13.465105880403206,135.8,6.512647058823548,13.465105880403206,135.8,0.2010320375,0.07081485832046791,0.31779999999999997,0.2010320375,0.07081485832046791,0.31779999999999997,0.2010320375,0.07081485832046791,0.31779999999999997
1,Neck,34,1,No Fall,0.9703057268907568,0.1141879837790602,0.9857599999999999,0.9703057268907568,0.1141879837790602,0.9857599999999999,0.9703057268907568,0.1141879837790602,0.9857599999999999,6.458117647058807,10.348720880220785,106.26,6.458117647058807,10.348720880220785,106.26,6.458117647058807,10.348720880220785,106.26,0.18231578749999994,0.09668197965364819,0.41174,0.18231578749999994,0.09668197965364819,0.41174,0.18231578749999994,0.09668197965364819,0.41174
1,Neck,34,2,No Fall,0.9726039915966387,0.11835953385621413,0.940864,0.9726039915966387,0.11835953385621413,0.940864,0.9726039915966387,0.11835953385621413,0.940864,6.312411764705852,9.522431231393444,81.41000000000001,6.312411764705852,9.522431231393444,81.41000000000001,6.312411764705852,9.522431231393444,81.41000000000001,0.18160345000000022,0.07059906387825053,0.30379999999999996,0.18160345000000022,0.07059906387825053,0.30379999999999996,0.18160345000000022,0.07059906387825053,0.30379999999999996
1,Neck,35,1,No Fall,0.9429552747899151,0.42357195060841724,2.580788,0.9429552747899151,0.42357195060841724,2.580788,0.9429552747899151,0.42357195060841724,2.580788,4.909455882352939,36.39197172320649,403.9000000000001,4.909455882352939,36.39197172320649,403.9000000000001,4.909455882352939,36.39197172320649,403.9000000000001,0.25647614999999974,0.08212411256654786,0.33361999999999997,0.25647614999999974,0.08212411256654786,0.33361999999999997,0.25647614999999974,0.08212411256654786,0.33361999999999997
1,Neck,35,2,No Fall,0.9454489445378155,0.5166661926651138,3.2351959999999997,0.9454489445378155,0.5166661926651138,3.2351959999999997,0.9454489445378155,0.5166661926651138,3.2351959999999997,5.0262205882353035,46.0743629337814,472.01000000000005,5.0262205882353035,46.0743629337814,472.01000000000005,5.0262205882353035,46.0743629337814,472.01000000000005,0.25340122499999995,0.08618242605136753,0.36484,0.25340122499999995,0.08618242605136753,0.36484,0.25340122499999995,0.08618242605136753,0.36484
1,Neck,36,1,No Fall,0.9575966588235285,0.5902537863623588,3.0841600000000002,0.9575966588235285,0.5902537863623588,3.0841600000000002,0.9575966588235285,0.5902537863623588,3.0841600000000002,7.2036617647058705,40.094359528443675,412.86,7.2036617647058705,40.094359528443675,412.86,7.2036617647058705,40.094359528443675,412.86,0.21252988750000001,0.09140002528651907,0.37366,0.21252988750000001,0.09140002528651907,0.37366,0.21252988750000001,0.09140002528651907,0.37366
1,Neck,36,2,No Fall,0.9709832369747919,0.5787482901233771,3.28668,0.9709832369747919,0.5787482901233771,3.28668,0.9709832369747919,0.5787482901233771,3.28668,7.051764705882352,37.11460289950001,332.22,7.051764705882352,37.11460289950001,332.22,7.051764705882352,37.11460289950001,332.22,0.21257906249999986,0.08532907118833977,0.37044,0.21257906249999986,0.08532907118833977,0.37044,0.21257906249999986,0.08532907118833977,0.37044
1,Neck,37,1,No Fall,0.975273023529411,0.026287362591422156,0.18934400000000007,0.975273023529411,0.026287362591422156,0.18934400000000007,0.975273023529411,0.026287362591422156,0.18934400000000007,5.465514705882369,3.355669317183892,28.840000000000003,5.465514705882369,3.355669317183892,28.840000000000003,5.465514705882369,3.355669317183892,28.840000000000003,0.13760424999999984,0.01927370223091697,0.10065999999999999,0.13760424999999984,0.01927370223091697,0.10065999999999999,0.13760424999999984,0.01927370223091697,0.10065999999999999
1,Neck,37,2,No Fall,0.9696418521008396,0.029802391143865636,0.32476400000000005,0.9696418521008396,0.029802391143865636,0.32476400000000005,0.9696418521008396,0.029802391143865636,0.32476400000000005,5.1153823529411655,3.8093143359465533,35.63,5.1153823529411655,3.8093143359465533,35.63,5.1153823529411655,3.8093143359465533,35.63,0.15562163750000005,0.01207978943894096,0.07588,0.15562163750000005,0.01207978943894096,0.07588,0.15562163750000005,0.01207978943894096,0.07588
1,Neck,38,1,No Fall,0.9658950680672291,0.04710511399223505,0.728828,0.9658950680672291,0.04710511399223505,0.728828,0.9658950680672291,0.04710511399223505,0.728828,6.003367647058798,6.46222625486548,64.61,6.003367647058798,6.46222625486548,64.61,6.003367647058798,6.46222625486548,64.61,0.12014677500000003,0.03846043462109993,0.24023999999999998,0.12014677500000003,0.03846043462109993,0.24023999999999998,0.12014677500000003,0.03846043462109993,0.24023999999999998
1,Neck,38,2,No Fall,0.9617474781512617,0.0448617398222181,0.8283799999999999,0.9617474781512617,0.0448617398222181,0.8283799999999999,0.9617474781512617,0.0448617398222181,0.8283799999999999,6.921632352941159,8.56785213647689,127.75000000000001,6.921632352941159,8.56785213647689,127.75000000000001,6.921632352941159,8.56785213647689,127.75000000000001,0.1294523999999998,0.025488445956713495,0.13663999999999998,0.1294523999999998,0.025488445956713495,0.13663999999999998,0.1294523999999998,0.025488445956713495,0.13663999999999998
1,Neck,39,1,No Fall,0.9607092478991566,0.0397139818575844,0.4594520000000001,0.9607092478991566,0.0397139818575844,0.4594520000000001,0.9607092478991566,0.0397139818575844,0.4594520000000001,5.17066176470588,6.087441732026352,83.09,5.17066176470588,6.087441732026352,83.09,5.17066176470588,6.087441732026352,83.09,0.14276438749999992,0.019983863146079726,0.11801999999999999,0.14276438749999992,0.019983863146079726,0.11801999999999999,0.14276438749999992,0.019983863146079726,0.11801999999999999
1,Neck,39,2,No Fall,0.9654725277310899,0.04718859886845993,0.8283799999999999,0.9654725277310899,0.04718859886845993,0.8283799999999999,0.9654725277310899,0.04718859886845993,0.8283799999999999,5.913573529411772,7.896241720484186,127.75000000000001,5.913573529411772,7.896241720484186,127.75000000000001,5.913573529411772,7.896241720484186,127.75000000000001,0.1346816625000001,0.026306332972454202,0.14251999999999998,0.1346816625000001,0.026306332972454202,0.14251999999999998,0.1346816625000001,0.026306332972454202,0.14251999999999998
1,Neck,40,1,No Fall,0.9759524302520993,0.06669522083686048,0.976488,0.9759524302520993,0.06669522083686048,0.976488,0.9759524302520993,0.06669522083686048,0.976488,5.528044117647048,6.229661707902056,91.35000000000001,5.528044117647048,6.229661707902056,91.35000000000001,5.528044117647048,6.229661707902056,91.35000000000001,0.14281242500000016,0.024599168004954153,0.11801999999999997,0.14281242500000016,0.024599168004954153,0.11801999999999997,0.14281242500000016,0.024599168004954153,0.11801999999999997
1,Neck,40,2,No Fall,0.9721888840336143,0.041805978574972404,0.5953599999999999,0.9721888840336143,0.041805978574972404,0.5953599999999999,0.9721888840336143,0.041805978574972404,0.5953599999999999,6.187088235294116,7.302115235877716,100.66,6.187088235294116,7.302115235877716,100.66,6.187088235294116,7.302115235877716,100.66,0.11459875000000026,0.05389089203279213,0.22469999999999998,0.11459875000000026,0.05389089203279213,0.22469999999999998,0.11459875000000026,0.05389089203279213,0.22469999999999998
1,Neck,43,1,No Fall,0.9673178546218486,0.6828939637434452,4.501556,0.9673178546218486,0.6828939637434452,4.501556,0.9673178546218486,0.6828939637434452,4.501556,5.986735294117641,26.808822259249435,289.87,5.986735294117641,26.808822259249435,289.87,5.986735294117641,26.808822259249435,289.87,0.16000739999999994,0.036557901736178657,0.27355999999999997,0.16000739999999994,0.036557901736178657,0.27355999999999997,0.16000739999999994,0.036557901736178657,0.27355999999999997
1,Neck,43,2,No Fall,0.9626357714285708,0.6734739051875592,4.635512,0.9626357714285708,0.6734739051875592,4.635512,0.9626357714285708,0.6734739051875592,4.635512,5.944397058823551,29.42502473011077,511.3500000000001,5.944397058823551,29.42502473011077,511.3500000000001,5.944397058823551,29.42502473011077,511.3500000000001,0.1297715999999996,0.05336951905739604,0.29918,0.1297715999999996,0.05336951905739604,0.29918,0.1297715999999996,0.05336951905739604,0.29918
1,Neck,43,3,No Fall,0.9626883647058811,0.6768732156101619,4.598668,0.9626883647058811,0.6768732156101619,4.598668,0.9626883647058811,0.6768732156101619,4.598668,4.567691176470593,28.6434655762846,420.77000000000004,4.567691176470593,28.6434655762846,420.77000000000004,4.567691176470593,28.6434655762846,420.77000000000004,0.13001283749999987,0.0922187776556043,0.34635999999999995,0.13001283749999987,0.0922187776556043,0.34635999999999995,0.13001283749999987,0.0922187776556043,0.34635999999999995
1,Neck,44,1,No Fall,0.9689731588235294,0.6123968580100737,4.305136,0.9689731588235294,0.6123968580100737,4.305136,0.9689731588235294,0.6123968580100737,4.305136,5.068794117647038,23.00612510179996,250.74000000000004,5.068794117647038,23.00612510179996,250.74000000000004,5.068794117647038,23.00612510179996,250.74000000000004,0.22435350000000018,0.08545894324242823,0.294,0.22435350000000018,0.08545894324242823,0.294,0.22435350000000018,0.08545894324242823,0.294
1,Neck,101,1,Fall,0.6878391268907551,0.28731228802801745,3.832264,0.6878391268907551,0.28731228802801745,3.832264,0.6878391268907551,0.28731228802801745,3.832264,9.653279411764744,24.525006509617477,464.73,9.653279411764744,24.525006509617477,464.73,9.653279411764744,24.525006509617477,464.73,0.3164004375000002,0.16340529857936345,0.49041999999999997,0.3164004375000002,0.16340529857936345,0.49041999999999997,0.3164004375000002,0.16340529857936345,0.49041999999999997
1,Neck,101,2,Fall,0.4089523042016777,0.581490881771231,5.502199999999999,0.4089523042016777,0.581490881771231,5.502199999999999,0.4089523042016777,0.581490881771231,5.502199999999999,9.960441176470267,34.02130057058194,475.09000000000003,9.960441176470267,34.02130057058194,475.09000000000003,9.960441176470267,34.02130057058194,475.09000000000003,-0.02805241249999996,0.19014928836863076,0.7512399999999999,-0.02805241249999996,0.19014928836863076,0.7512399999999999,-0.02805241249999996,0.19014928836863076,0.7512399999999999
1,Neck,101,3,Fall,0.6682910873949549,0.321718592929131,4.393464,0.6682910873949549,0.321718592929131,4.393464,0.6682910873949549,0.321718592929131,4.393464,8.98097058823562,29.426499733321,440.58000000000004,8.98097058823562,29.426499733321,440.58000000000004,8.98097058823562,29.426499733321,440.58000000000004,0.3982042749999998,0.15576808764612216,0.37842,0.3982042749999998,0.15576808764612216,0.37842,0.3982042749999998,0.15576808764612216,0.37842
1,Neck,102,2,Fall,0.7163153109243693,0.41618434138127586,5.35458,0.7163153109243693,0.41618434138127586,5.35458,0.7163153109243693,0.41618434138127586,5.35458,5.841764705882341,40.57470145790461,445.9000000000001,5.841764705882341,40.57470145790461,445.9000000000001,5.841764705882341,40.57470145790461,445.9000000000001,0.2757587875,0.15877205145579618,0.51478,0.2757587875,0.15877205145579618,0.51478,0.2757587875,0.15877205145579618,0.51478
1,Neck,102,3,Fall,0.7550536428571427,0.39328156953697696,9.729011999999999,0.7550536428571427,0.39328156953697696,9.729011999999999,0.7550536428571427,0.39328156953697696,9.729011999999999,6.253426470588202,36.15670027922628,710.8500000000001,6.253426470588202,36.15670027922628,710.8500000000001,6.253426470588202,36.15670027922628,710.8500000000001,0.3318949375000001,0.1323338331294771,0.399,0.3318949375000001,0.1323338331294771,0.399,0.3318949375000001,0.1323338331294771,0.399
1,Neck,103,1,Fall,0.5904780008403341,0.4084562497510718,8.794492,0.5904780008403341,0.4084562497510718,8.794492,0.5904780008403341,0.4084562497510718,8.794492,11.455764705882485,33.70855803455807,676.5500000000001,11.455764705882485,33.70855803455807,676.5500000000001,11.455764705882485,33.70855803455807,676.5500000000001,0.36471811250000014,0.19214797377432408,0.5404,0.36471811250000014,0.19214797377432408,0.5404,0.36471811250000014,0.19214797377432408,0.5404
1,Neck,103,2,Fall,0.41006383697479154,0.5262430470386007,2.5212519999999996,0.41006383697479154,0.5262430470386007,2.5212519999999996,0.41006383697479154,0.5262430470386007,2.5212519999999996,10.156970588235403,31.61904394923903,547.2600000000001,10.156970588235403,31.61904394923903,547.2600000000001,10.156970588235403,31.61904394923903,547.2600000000001,0.3405504374999998,0.17090367537949558,0.4438,0.3405504374999998,0.17090367537949558,0.4438,0.3405504374999998,0.17090367537949558,0.4438
1,Neck,104,1,Fall,0.6129389184873947,0.440536209356526,3.3484119999999997,0.6129389184873947,0.440536209356526,3.3484119999999997,0.6129389184873947,0.440536209356526,3.3484119999999997,6.164779411764695,44.890426753529354,850.1500000000001,6.164779411764695,44.890426753529354,850.1500000000001,6.164779411764695,44.890426753529354,850.1500000000001,0.33663568750000006,0.18643010288762793,0.5079199999999999,0.33663568750000006,0.18643010288762793,0.5079199999999999,0.33663568750000006,0.18643010288762793,0.5079199999999999
1,Neck,104,2,Fall,0.7739856336134479,0.30652555068263476,2.8020959999999997,0.7739856336134479,0.30652555068263476,2.8020959999999997,0.7739856336134479,0.30652555068263476,2.8020959999999997,4.870676470588245,41.17527131795408,686.84,4.870676470588245,41.17527131795408,686.84,4.870676470588245,41.17527131795408,686.84,0.29556047500000004,0.16988035911202887,0.48677999999999993,0.29556047500000004,0.16988035911202887,0.48677999999999993,0.29556047500000004,0.16988035911202887,0.48677999999999993
1,Neck,105,1,Fall,0.4117491798319335,0.5328537662888645,2.654476,0.4117491798319335,0.5328537662888645,2.654476,0.4117491798319335,0.5328537662888645,2.654476,7.738676470587968,32.483143080364435,551.74,7.738676470587968,32.483143080364435,551.74,7.738676470587968,32.483143080364435,551.74,0.18017142500000002,0.10018855965202604,0.5325599999999999,0.18017142500000002,0.10018855965202604,0.5325599999999999,0.18017142500000002,0.10018855965202604,0.5325599999999999
1,Neck,105,2,Fall,0.5367345403361323,0.41381639552343236,2.210152,0.5367345403361323,0.41381639552343236,2.210152,0.5367345403361323,0.41381639552343236,2.210152,8.056014705882262,33.1999894901053,478.80000000000007,8.056014705882262,33.1999894901053,478.80000000000007,8.056014705882262,33.1999894901053,478.80000000000007,0.03117423749999992,0.17264645863684394,0.64554,0.03117423749999992,0.17264645863684394,0.64554,0.03117423749999992,0.17264645863684394,0.64554
1,Neck,105,3,Fall,0.470504072268907,0.4218547388127275,2.264808,0.470504072268907,0.4218547388127275,2.264808,0.470504072268907,0.4218547388127275,2.264808,7.080544117646973,32.0690235678815,704.34,7.080544117646973,32.0690235678815,704.34,7.080544117646973,32.0690235678815,704.34,0.33737383750000016,0.1570793230149907,0.48482,0.33737383750000016,0.1570793230149907,0.48482,0.33737383750000016,0.1570793230149907,0.48482
1,Neck,105,4,Fall,0.3679783991596621,0.5485408249125239,4.001112,0.3679783991596621,0.5485408249125239,4.001112,0.3679783991596621,0.5485408249125239,4.001112,8.233926470588434,26.356339182655898,631.19,8.233926470588434,26.356339182655898,631.19,8.233926470588434,26.356339182655898,631.19,0.3598097125000001,0.10464444950127305,0.32087999999999994,0.3598097125000001,0.10464444950127305,0.32087999999999994,0.3598097125000001,0.10464444950127305,0.32087999999999994
1,Neck,106,1,Fall,0.8190269571428559,0.2801356513582651,2.193072,0.8190269571428559,0.2801356513582651,2.193072,0.8190269571428559,0.2801356513582651,2.193072,5.771058823529388,39.55063810276253,584.71,5.771058823529388,39.55063810276253,584.71,5.771058823529388,39.55063810276253,584.71,0.22049553749999976,0.11139509140365703,0.5145,0.22049553749999976,0.11139509140365703,0.5145,0.22049553749999976,0.11139509140365703,0.5145
1,Neck,106,3,Fall,0.7252671890756327,0.37171234250767526,3.237392,0.7252671890756327,0.37171234250767526,3.237392,0.7252671890756327,0.37171234250767526,3.237392,3.625970588235294,37.74952671327483,509.88000000000005,3.625970588235294,37.74952671327483,509.88000000000005,3.625970588235294,37.74952671327483,509.88000000000005,0.23038277499999996,0.16201127292304596,0.6706,0.23038277499999996,0.16201127292304596,0.6706,0.23038277499999996,0.16201127292304596,0.6706
1,Neck,107,1,Fall,0.43198041932773096,0.5869905154669879,7.3622119999999995,0.43198041932773096,0.5869905154669879,7.3622119999999995,0.43198041932773096,0.5869905154669879,7.3622119999999995,2.1294264705882355,38.524395710688665,647.5000000000001,2.1294264705882355,38.524395710688665,647.5000000000001,2.1294264705882355,38.524395710688665,647.5000000000001,0.018058075000000184,0.18276240689116627,0.6071799999999999,0.018058075000000184,0.18276240689116627,0.6071799999999999,0.018058075000000184,0.18276240689116627,0.6071799999999999
1,Neck,107,2,Fall,0.4047894386554627,0.5881834196960863,6.933015999999999,0.4047894386554627,0.5881834196960863,6.933015999999999,0.4047894386554627,0.5881834196960863,6.933015999999999,-0.019720588235290056,32.4981506698325,627.76,-0.019720588235290056,32.4981506698325,627.76,-0.019720588235290056,32.4981506698325,627.76,-0.00966656249999991,0.17159526290107754,0.5486599999999999,-0.00966656249999991,0.17159526290107754,0.5486599999999999,-0.00966656249999991,0.17159526290107754,0.5486599999999999
1,Neck,107,3,Fall,0.4082363487394952,0.5764601555495413,5.954331999999999,0.4082363487394952,0.5764601555495413,5.954331999999999,0.4082363487394952,0.5764601555495413,5.954331999999999,0.78120588235294,46.550410069039884,696.4300000000001,0.78120588235294,46.550410069039884,696.4300000000001,0.78120588235294,46.550410069039884,696.4300000000001,-0.01393831249999989,0.17619939661504802,0.56602,-0.01393831249999989,0.17619939661504802,0.56602,-0.01393831249999989,0.17619939661504802,0.56602
1,Neck,107,4,Fall,0.38388976218487403,0.6045482278523584,7.293647999999999,0.38388976218487403,0.6045482278523584,7.293647999999999,0.38388976218487403,0.6045482278523584,7.293647999999999,0.521044117647065,37.18334575839502,682.6400000000001,0.521044117647065,37.18334575839502,682.6400000000001,0.521044117647065,37.18334575839502,682.6400000000001,-0.012336974999999972,0.17992084865354538,0.5416599999999999,-0.012336974999999972,0.17992084865354538,0.5416599999999999,-0.012336974999999972,0.17992084865354538,0.5416599999999999
1,Neck,107,5,Fall,0.4406748159663852,0.6070159543194646,8.731784,0.4406748159663852,0.6070159543194646,8.731784,0.4406748159663852,0.6070159543194646,8.731784,1.6534264705882267,31.452983882741837,834.7500000000001,1.6534264705882267,31.452983882741837,834.7500000000001,1.6534264705882267,31.452983882741837,834.7500000000001,0.03509021249999999,0.2381344529924611,0.56952,0.03509021249999999,0.2381344529924611,0.56952,0.03509021249999999,0.2381344529924611,0.56952
1,Neck,107,6,Fall,0.4098152747899161,0.5541492714117837,5.266984,0.4098152747899161,0.5541492714117837,5.266984,0.4098152747899161,0.5541492714117837,5.266984,1.2972941176470556,34.20208560526071,638.4000000000001,1.2972941176470556,34.20208560526071,638.4000000000001,1.2972941176470556,34.20208560526071,638.4000000000001,0.016126512500000124,0.24309505130157769,0.58044,0.016126512500000124,0.24309505130157769,0.58044,0.016126512500000124,0.24309505130157769,0.58044
1,Neck,108,1,Fall,0.6053451873949554,0.5628649373009867,8.188396000000001,0.6053451873949554,0.5628649373009867,8.188396000000001,0.6053451873949554,0.5628649373009867,8.188396000000001,7.180882352941191,64.5707753862109,1044.68,7.180882352941191,64.5707753862109,1044.68,7.180882352941191,64.5707753862109,1044.68,0.1794158625000002,0.21223758521994532,0.7947799999999999,0.1794158625000002,0.21223758521994532,0.7947799999999999,0.1794158625000002,0.21223758521994532,0.7947799999999999
1,Neck,108,2,Fall,0.6076986596638644,0.5262833258251834,4.825832,0.6076986596638644,0.5262833258251834,4.825832,0.6076986596638644,0.5262833258251834,4.825832,3.634867647058832,51.804390734503414,656.5300000000001,3.634867647058832,51.804390734503414,656.5300000000001,3.634867647058832,51.804390734503414,656.5300000000001,0.17015442499999964,0.1969133798524047,0.7645399999999999,0.17015442499999964,0.1969133798524047,0.7645399999999999,0.17015442499999964,0.1969133798524047,0.7645399999999999
1,Neck,108,3,Fall,0.799475483193276,0.4066361767371941,6.861768,0.799475483193276,0.4066361767371941,6.861768,0.799475483193276,0.4066361767371941,6.861768,4.611235294117645,56.87840104383112,952.98,4.611235294117645,56.87840104383112,952.98,4.611235294117645,56.87840104383112,952.98,0.13511837499999982,0.13912680797673566,0.6475,0.13511837499999982,0.13912680797673566,0.6475,0.13511837499999982,0.13912680797673566,0.6475
1,Neck,108,4,Fall,0.8309083218487396,0.4325633567342107,10.148692,0.8309083218487396,0.4325633567342107,10.148692,0.8309083218487396,0.4325633567342107,10.148692,4.685117647058836,49.908365377743294,869.3300000000002,4.685117647058836,49.908365377743294,869.3300000000002,4.685117647058836,49.908365377743294,869.3300000000002,0.13959854999999982,0.12627795865341485,0.7015399999999999,0.13959854999999982,0.12627795865341485,0.7015399999999999,0.13959854999999982,0.12627795865341485,0.7015399999999999
1,Neck,108,5,Fall,0.6889186218487361,0.48505094578676095,6.44892,0.6889186218487361,0.48505094578676095,6.44892,0.6889186218487361,0.48505094578676095,6.44892,5.165632352941161,38.22819617384194,588.7700000000001,5.165632352941161,38.22819617384194,588.7700000000001,5.165632352941161,38.22819617384194,588.7700000000001,0.280974575,0.15254467456832546,0.61054,0.280974575,0.15254467456832546,0.61054,0.280974575,0.15254467456832546,0.61054
1,Neck,109,1,Fall,0.6097092504201671,0.4326156574839292,8.28014,0.6097092504201671,0.4326156574839292,8.28014,0.6097092504201671,0.4326156574839292,8.28014,1.5196911764705923,50.00065343730674,1225.91,1.5196911764705923,50.00065343730674,1225.91,1.5196911764705923,50.00065343730674,1225.91,0.03006456250000008,0.17577912409961194,0.58478,0.03006456250000008,0.17577912409961194,0.58478,0.03006456250000008,0.17577912409961194,0.58478
1,Neck,109,2,Fall,0.48534711512604806,0.4967980751708337,4.671136,0.48534711512604806,0.4967980751708337,4.671136,0.48534711512604806,0.4967980751708337,4.671136,4.023779411764677,29.983043235077847,541.73,4.023779411764677,29.983043235077847,541.73,4.023779411764677,29.983043235077847,541.73,0.13864733750000022,0.06170644581662984,0.33096,0.13864733750000022,0.06170644581662984,0.33096,0.13864733750000022,0.06170644581662984,0.33096
1,Neck,109,3,Fall,0.4783771218487415,0.4994294691736573,8.950164000000001,0.4783771218487415,0.4994294691736573,8.950164000000001,0.4783771218487415,0.4994294691736573,8.950164000000001,2.5963823529411783,33.32627591337294,702.1000000000001,2.5963823529411783,33.32627591337294,702.1000000000001,2.5963823529411783,33.32627591337294,702.1000000000001,0.22265416250000022,0.062359677296462294,0.34873999999999994,0.22265416250000022,0.062359677296462294,0.34873999999999994,0.22265416250000022,0.062359677296462294,0.34873999999999994
1,Neck,110,1,Fall,0.8294536512604996,0.30480456816361146,4.4122520000000005,0.8294536512604996,0.30480456816361146,4.4122520000000005,0.8294536512604996,0.30480456816361146,4.4122520000000005,4.7742794117647085,39.81063192296212,583.59,4.7742794117647085,39.81063192296212,583.59,4.7742794117647085,39.81063192296212,583.59,0.1272726875000001,0.13105886462015667,0.6729799999999999,0.1272726875000001,0.13105886462015667,0.6729799999999999,0.1272726875000001,0.13105886462015667,0.6729799999999999
1,Neck,110,2,Fall,0.8367040907563033,0.32535032628850824,4.96784,0.8367040907563033,0.32535032628850824,4.96784,0.8367040907563033,0.32535032628850824,4.96784,4.97710294117647,33.68157747212289,461.58000000000004,4.97710294117647,33.68157747212289,461.58000000000004,4.97710294117647,33.68157747212289,461.58000000000004,0.22945055000000017,0.09929018905069911,0.47502,0.22945055000000017,0.09929018905069911,0.47502,0.22945055000000017,0.09929018905069911,0.47502
1,Neck,111,1,Fall,0.5285613092437002,0.42064050745363374,2.303848,0.5285613092437002,0.42064050745363374,2.303848,0.5285613092437002,0.42064050745363374,2.303848,10.01150000000003,25.803495917682596,556.08,10.01150000000003,25.803495917682596,556.08,10.01150000000003,25.803495917682596,556.08,0.3630464249999996,0.17109165315798444,0.44548,0.3630464249999996,0.17109165315798444,0.44548,0.3630464249999996,0.17109165315798444,0.44548
1,Neck,112,1,Fall,0.3545372798319324,0.6312974731328507,7.419308,0.3545372798319324,0.6312974731328507,7.419308,0.3545372798319324,0.6312974731328507,7.419308,0.48483823529411235,55.335161876307474,1322.3700000000001,0.48483823529411235,55.335161876307474,1322.3700000000001,0.48483823529411235,55.335161876307474,1322.3700000000001,-0.020899724999999893,0.17373689076281917,0.5304599999999999,-0.020899724999999893,0.17373689076281917,0.5304599999999999,-0.020899724999999893,0.17373689076281917,0.5304599999999999
1,Neck,113,1,Fall,0.47415843361344323,0.4833584083981805,3.3789119999999997,0.47415843361344323,0.4833584083981805,3.3789119999999997,0.47415843361344323,0.4833584083981805,3.3789119999999997,9.66798529411718,22.361581256264525,453.6700000000001,9.66798529411718,22.361581256264525,453.6700000000001,9.66798529411718,22.361581256264525,453.6700000000001,0.30444426250000034,0.13328339929605296,0.46074,0.30444426250000034,0.13328339929605296,0.46074,0.30444426250000034,0.13328339929605296,0.46074
1,Neck,113,2,Fall,0.49771565966386844,0.4621176356097748,4.171912,0.49771565966386844,0.4621176356097748,4.171912,0.49771565966386844,0.4621176356097748,4.171912,6.853382352941131,31.530232523812366,836.5000000000001,6.853382352941131,31.530232523812366,836.5000000000001,6.853382352941131,31.530232523812366,836.5000000000001,0.07106085000000002,0.05163546881555712,0.39186,0.07106085000000002,0.05163546881555712,0.39186,0.07106085000000002,0.05163546881555712,0.39186
1,Neck,113,3,Fall,0.47415940756302444,0.48591136013716,4.671136000000001,0.47415940756302444,0.48591136013716,4.671136000000001,0.47415940756302444,0.48591136013716,4.671136000000001,5.85964705882349,36.46307393733665,913.9900000000001,5.85964705882349,36.46307393733665,913.9900000000001,5.85964705882349,36.46307393733665,913.9900000000001,0.10954256249999998,0.15238288452404525,0.42504,0.10954256249999998,0.15238288452404525,0.42504,0.10954256249999998,0.15238288452404525,0.42504
1,Neck,114,2,Fall,0.444820252941178,0.48973693712494737,2.65838,0.444820252941178,0.48973693712494737,2.65838,0.444820252941178,0.48973693712494737,2.65838,9.81852941176458,39.24575259254421,1017.73,9.81852941176458,39.24575259254421,1017.73,9.81852941176458,39.24575259254421,1017.73,0.27458882500000037,0.12693909031510228,0.6803999999999999,0.27458882500000037,0.12693909031510228,0.6803999999999999,0.27458882500000037,0.12693909031510228,0.6803999999999999
1,Neck,115,1,Fall,0.4540084420168069,0.45276214909113416,3.8456840000000003,0.4540084420168069,0.45276214909113416,3.8456840000000003,0.4540084420168069,0.45276214909113416,3.8456840000000003,10.572073529411513,29.38724782665819,429.38,10.572073529411513,29.38724782665819,429.38,10.572073529411513,29.38724782665819,429.38,-0.03393398750000017,0.19521905335377757,0.5828199999999999,-0.03393398750000017,0.19521905335377757,0.5828199999999999,-0.03393398750000017,0.19521905335377757,0.5828199999999999
1,Neck,115,2,Fall,0.6011681739495804,0.33450061591198693,3.862764,0.6011681739495804,0.33450061591198693,3.862764,0.6011681739495804,0.33450061591198693,3.862764,9.356323529411583,34.769445825759306,1070.23,9.356323529411583,34.769445825759306,1070.23,9.356323529411583,34.769445825759306,1070.23,0.42574489999999926,0.13356413749489573,0.33977999999999997,0.42574489999999926,0.13356413749489573,0.33977999999999997,0.42574489999999926,0.13356413749489573,0.33977999999999997
1,Neck,116,1,Fall,0.6906624016806737,0.40553114383510075,4.903668,0.6906624016806737,0.40553114383510075,4.903668,0.6906624016806737,0.40553114383510075,4.903668,11.925735294117635,49.49265559126548,590.94,11.925735294117635,49.49265559126548,590.94,11.925735294117635,49.49265559126548,590.94,0.22026077499999985,0.17850757319496094,0.8299199999999999,0.22026077499999985,0.17850757319496094,0.8299199999999999,0.22026077499999985,0.17850757319496094,0.8299199999999999
1,Neck,116,2,Fall,0.6894566008403359,0.3889307042311056,3.1375960000000003,0.6894566008403359,0.3889307042311056,3.1375960000000003,0.6894566008403359,0.3889307042311056,3.1375960000000003,3.19374999999999,32.15699133392352,429.24000000000007,3.19374999999999,32.15699133392352,429.24000000000007,3.19374999999999,32.15699133392352,429.24000000000007,0.3141808250000002,0.15676101292190606,0.57484,0.3141808250000002,0.15676101292190606,0.57484,0.3141808250000002,0.15676101292190606,0.57484
1,Neck,117,1,Fall,0.3635832722689082,0.583683520103542,6.6895039999999995,0.3635832722689082,0.583683520103542,6.6895039999999995,0.3635832722689082,0.583683520103542,6.6895039999999995,1.902735294117653,39.926324949758445,569.6600000000001,1.902735294117653,39.926324949758445,569.6600000000001,1.902735294117653,39.926324949758445,569.6600000000001,0.0037782500000000958,0.2034609361419836,0.6159999999999999,0.0037782500000000958,0.2034609361419836,0.6159999999999999,0.0037782500000000958,0.2034609361419836,0.6159999999999999
1,Neck,117,2,Fall,0.34412996218487285,0.6329419337618913,9.519904,0.34412996218487285,0.6329419337618913,9.519904,0.34412996218487285,0.6329419337618913,9.519904,1.6035294117646988,39.337024007485105,722.61,1.6035294117646988,39.337024007485105,722.61,1.6035294117646988,39.337024007485105,722.61,0.03546987500000005,0.2791892053692821,0.7672,0.03546987500000005,0.2791892053692821,0.7672,0.03546987500000005,0.2791892053692821,0.7672
1,Neck,118,1,Fall,0.8028954302520996,0.3861853691993006,6.0024,0.8028954302520996,0.3861853691993006,6.0024,0.8028954302520996,0.3861853691993006,6.0024,6.46535294117647,39.45905553870385,556.1500000000001,6.46535294117647,39.45905553870385,556.1500000000001,6.46535294117647,39.45905553870385,556.1500000000001,0.10319566249999984,0.13021974166821307,0.60354,0.10319566249999984,0.13021974166821307,0.60354,0.10319566249999984,0.13021974166821307,0.60354
1,Neck,118,2,Fall,0.6760268613445385,0.45610465348365764,8.697868,0.6760268613445385,0.45610465348365764,8.697868,0.6760268613445385,0.45610465348365764,8.697868,5.023882352941159,54.67610609216397,1011.3600000000001,5.023882352941159,54.67610609216397,1011.3600000000001,5.023882352941159,54.67610609216397,1011.3600000000001,0.21762711250000014,0.17374400956205363,0.79646,0.21762711250000014,0.17374400956205363,0.79646,0.21762711250000014,0.17374400956205363,0.79646
1,Neck,119,1,Fall,0.5748996773109247,0.33017852942473885,4.667964,0.5748996773109247,0.33017852942473885,4.667964,0.5748996773109247,0.33017852942473885,4.667964,6.018573529411764,21.43894809651908,455.3500000000001,6.018573529411764,21.43894809651908,455.3500000000001,6.018573529411764,21.43894809651908,455.3500000000001,0.13381313749999982,0.12001735507669649,0.45835999999999993,0.13381313749999982,0.12001735507669649,0.45835999999999993,0.13381313749999982,0.12001735507669649,0.45835999999999993
1,Neck,119,2,Fall,0.43453478151260316,0.4855044650311999,5.323592,0.43453478151260316,0.4855044650311999,5.323592,0.43453478151260316,0.4855044650311999,5.323592,4.473014705882315,32.41716760133269,632.3100000000001,4.473014705882315,32.41716760133269,632.3100000000001,4.473014705882315,32.41716760133269,632.3100000000001,-0.0618543625,0.13890161353767894,0.5430599999999999,-0.0618543625,0.13890161353767894,0.5430599999999999,-0.0618543625,0.13890161353767894,0.5430599999999999
1,Neck,119,3,Fall,0.42195478739495784,0.5600718077081992,10.435392,0.42195478739495784,0.5600718077081992,10.435392,0.42195478739495784,0.5600718077081992,10.435392,2.5233382352941245,45.541193587287694,816.27,2.5233382352941245,45.541193587287694,816.27,2.5233382352941245,45.541193587287694,816.27,0.09710513750000038,0.19984256189766528,0.66892,0.09710513750000038,0.19984256189766528,0.66892,0.09710513750000038,0.19984256189766528,0.66892
1,Neck,120,2,Fall,0.8912819697479024,0.26006307960696984,5.217696,0.8912819697479024,0.26006307960696984,5.217696,0.8912819697479024,0.26006307960696984,5.217696,5.872676470588248,39.841812821949034,685.1600000000001,5.872676470588248,39.841812821949034,685.1600000000001,5.872676470588248,39.841812821949034,685.1600000000001,0.013920900000000014,0.11261287440326655,0.5598599999999999,0.013920900000000014,0.11261287440326655,0.5598599999999999,0.013920900000000014,0.11261287440326655,0.5598599999999999
1,Neck,120,3,Fall,0.7764682310924391,0.3589500992664102,6.954732,0.7764682310924391,0.3589500992664102,6.954732,0.7764682310924391,0.3589500992664102,6.954732,3.2462352941176453,66.50253032381347,1448.5800000000002,3.2462352941176453,66.50253032381347,1448.5800000000002,3.2462352941176453,66.50253032381347,1448.5800000000002,0.30116931249999984,0.10978726549020709,0.5628,0.30116931249999984,0.10978726549020709,0.5628,0.30116931249999984,0.10978726549020709,0.5628
1,Neck,121,1,Fall,0.6027575571428581,0.6391040427478708,3.6643920000000003,0.6027575571428581,0.6391040427478708,3.6643920000000003,0.6027575571428581,0.6391040427478708,3.6643920000000003,7.741117647058781,38.70982459103233,579.8100000000001,7.741117647058781,38.70982459103233,579.8100000000001,7.741117647058781,38.70982459103233,579.8100000000001,0.3571041250000001,0.19353329621915236,0.49559999999999993,0.3571041250000001,0.19353329621915236,0.49559999999999993,0.3571041250000001,0.19353329621915236,0.49559999999999993
1,Neck,121,2,Fall,0.5309256999999968,0.6749856747247656,3.5265319999999996,0.5309256999999968,0.6749856747247656,3.5265319999999996,0.5309256999999968,0.6749856747247656,3.5265319999999996,8.429823529411898,49.526872008496085,1142.4,8.429823529411898,49.526872008496085,1142.4,8.429823529411898,49.526872008496085,1142.4,0.3232739999999998,0.18997559663038766,0.60564,0.3232739999999998,0.18997559663038766,0.60564,0.3232739999999998,0.18997559663038766,0.60564
1,Neck,122,2,Fall,0.7210566512605029,0.6385355397105,4.63234,0.7210566512605029,0.6385355397105,4.63234,0.7210566512605029,0.6385355397105,4.63234,3.1064264705882136,43.337847697575604,921.2700000000001,3.1064264705882136,43.337847697575604,921.2700000000001,3.1064264705882136,43.337847697575604,921.2700000000001,0.2390061624999998,0.1052106172137948,0.41383999999999993,0.2390061624999998,0.1052106172137948,0.41383999999999993,0.2390061624999998,0.1052106172137948,0.41383999999999993
1,Neck,123,1,Fall,0.39149548823529284,0.7862390702127512,4.216076,0.39149548823529284,0.7862390702127512,4.216076,0.39149548823529284,0.7862390702127512,4.216076,10.304147058822972,34.87400378528616,554.8900000000001,10.304147058822972,34.87400378528616,554.8900000000001,10.304147058822972,34.87400378528616,554.8900000000001,0.1173438,0.08937855448770367,0.5878599999999999,0.1173438,0.08937855448770367,0.5878599999999999,0.1173438,0.08937855448770367,0.5878599999999999
1,Neck,123,2,Fall,0.48556292184874145,0.6561885764664879,4.344908,0.48556292184874145,0.6561885764664879,4.344908,0.48556292184874145,0.6561885764664879,4.344908,7.771205882352945,43.703267317361224,1110.6200000000001,7.771205882352945,43.703267317361224,1110.6200000000001,7.771205882352945,43.703267317361224,1110.6200000000001,0.3621912875,0.20108773264916247,0.61978,0.3621912875,0.20108773264916247,0.61978,0.3621912875,0.20108773264916247,0.61978
1,Neck,124,1,Fall,0.6863464210084051,0.6782308817613778,4.540596,0.6863464210084051,0.6782308817613778,4.540596,0.6863464210084051,0.6782308817613778,4.540596,5.058676470588237,46.52953306548236,509.18000000000006,5.058676470588237,46.52953306548236,509.18000000000006,5.058676470588237,46.52953306548236,509.18000000000006,0.19483843750000016,0.1065804131048222,0.52178,0.19483843750000016,0.1065804131048222,0.52178,0.19483843750000016,0.1065804131048222,0.52178
1,Neck,124,2,Fall,0.687264752941179,0.6633870647403102,3.7841959999999997,0.687264752941179,0.6633870647403102,3.7841959999999997,0.687264752941179,0.6633870647403102,3.7841959999999997,3.5249264705882264,47.83435608007876,428.75000000000006,3.5249264705882264,47.83435608007876,428.75000000000006,3.5249264705882264,47.83435608007876,428.75000000000006,0.21474451250000037,0.09062213530930141,0.44898,0.21474451250000037,0.09062213530930141,0.44898,0.21474451250000037,0.09062213530930141,0.44898
1,Neck,125,1,Fall,0.514367583193274,0.6736264769258762,5.342136,0.514367583193274,0.6736264769258762,5.342136,0.514367583193274,0.6736264769258762,5.342136,10.823441176470357,38.11919090872049,499.03000000000003,10.823441176470357,38.11919090872049,499.03000000000003,10.823441176470357,38.11919090872049,499.03000000000003,0.24925521249999993,0.09482052265215245,0.50932,0.24925521249999993,0.09482052265215245,0.50932,0.24925521249999993,0.09482052265215245,0.50932
1,Neck,125,2,Fall,0.3820861613445382,0.8692459425063456,10.842628,0.3820861613445382,0.8692459425063456,10.842628,0.3820861613445382,0.8692459425063456,10.842628,9.721529411764621,80.50914526571168,1634.7800000000002,9.721529411764621,80.50914526571168,1634.7800000000002,9.721529411764621,80.50914526571168,1634.7800000000002,0.32772127500000037,0.20321769265495626,0.5969599999999999,0.32772127500000037,0.20321769265495626,0.5969599999999999,0.32772127500000037,0.20321769265495626,0.5969599999999999
1,Neck,126,1,Fall,0.6473212352941189,0.6427316451880362,4.0240480000000005,0.6473212352941189,0.6427316451880362,4.0240480000000005,0.6473212352941189,0.6427316451880362,4.0240480000000005,8.389235294117638,49.518183899157954,466.20000000000005,8.389235294117638,49.518183899157954,466.20000000000005,8.389235294117638,49.518183899157954,466.20000000000005,0.2790338249999994,0.15427880316511602,0.54054,0.2790338249999994,0.15427880316511602,0.54054,0.2790338249999994,0.15427880316511602,0.54054
1,Neck,126,2,Fall,0.8246578722689071,0.5530893460837791,3.3813519999999997,0.8246578722689071,0.5530893460837791,3.3813519999999997,0.8246578722689071,0.5530893460837791,3.3813519999999997,7.171500000000022,35.873069475780966,370.30000000000007,7.171500000000022,35.873069475780966,370.30000000000007,7.171500000000022,35.873069475780966,370.30000000000007,0.12253867499999997,0.12095783775893348,0.6251,0.12253867499999997,0.12095783775893348,0.6251,0.12253867499999997,0.12095783775893348,0.6251
1,Neck,127,1,Fall,-0.06415323865546237,0.1641787993254475,4.630144,-0.06415323865546237,0.1641787993254475,4.630144,-0.06415323865546237,0.1641787993254475,4.630144,6.014088235294103,26.466495238562363,692.02,6.014088235294103,26.466495238562363,692.02,6.014088235294103,26.466495238562363,692.02,-0.12203318750000021,0.16610974129678802,0.75572,-0.12203318750000021,0.16610974129678802,0.75572,-0.12203318750000021,0.16610974129678802,0.75572
1,Neck,127,2,Fall,-0.1298148689075637,0.15642888999290655,4.7641,-0.1298148689075637,0.15642888999290655,4.7641,-0.1298148689075637,0.15642888999290655,4.7641,3.697132352941151,39.32214205669614,791.7,3.697132352941151,39.32214205669614,791.7,3.697132352941151,39.32214205669614,791.7,0.20574006249999968,0.29189116941076476,0.6666799999999999,0.20574006249999968,0.29189116941076476,0.6666799999999999,0.20574006249999968,0.29189116941076476,0.6666799999999999
1,Neck,127,3,Fall,-0.3129374327731091,0.32763776754077917,5.8728359999999995,-0.3129374327731091,0.32763776754077917,5.8728359999999995,-0.3129374327731091,0.32763776754077917,5.8728359999999995,6.416279411764677,24.148971232763387,660.3800000000001,6.416279411764677,24.148971232763387,660.3800000000001,6.416279411764677,24.148971232763387,660.3800000000001,-0.09945284999999997,0.1423740617802092,0.7116199999999999,-0.09945284999999997,0.1423740617802092,0.7116199999999999,-0.09945284999999997,0.1423740617802092,0.7116199999999999
1,Neck,127,4,Fall,-0.03013358991596658,0.1364230393399736,3.099288,-0.03013358991596658,0.1364230393399736,3.099288,-0.03013358991596658,0.1364230393399736,3.099288,8.402102941176377,41.00213957857498,1380.8200000000002,8.402102941176377,41.00213957857498,1380.8200000000002,8.402102941176377,41.00213957857498,1380.8200000000002,0.006233762500000024,0.17407841144919864,0.7609,0.006233762500000024,0.17407841144919864,0.7609,0.006233762500000024,0.17407841144919864,0.7609
1,Neck,128,1,Fall,0.28743117983193306,0.45634686932062224,2.016904,0.28743117983193306,0.45634686932062224,2.016904,0.28743117983193306,0.45634686932062224,2.016904,6.109999999999999,39.85984162967276,823.4100000000001,6.109999999999999,39.85984162967276,823.4100000000001,6.109999999999999,39.85984162967276,823.4100000000001,0.037833687499999956,0.19487200657930573,0.69748,0.037833687499999956,0.19487200657930573,0.69748,0.037833687499999956,0.19487200657930573,0.69748
1,Neck,128,2,Fall,0.3394129705882355,0.5388133090453607,6.987916,0.3394129705882355,0.5388133090453607,6.987916,0.3394129705882355,0.5388133090453607,6.987916,-0.4316029411764815,76.65136000517484,1320.7600000000002,-0.4316029411764815,76.65136000517484,1320.7600000000002,-0.4316029411764815,76.65136000517484,1320.7600000000002,0.06703672499999999,0.22012954114470254,0.71932,0.06703672499999999,0.22012954114470254,0.71932,0.06703672499999999,0.22012954114470254,0.71932
1,Neck,128,3,Fall,0.34930553025210054,0.49377822654144843,2.617632,0.34930553025210054,0.49377822654144843,2.617632,0.34930553025210054,0.49377822654144843,2.617632,13.763647058823505,47.05087429209994,927.01,13.763647058823505,47.05087429209994,927.01,13.763647058823505,47.05087429209994,927.01,0.003719450000000009,0.1761926813372094,0.7776999999999998,0.003719450000000009,0.1761926813372094,0.7776999999999998,0.003719450000000009,0.1761926813372094,0.7776999999999998
1,Neck,128,4,Fall,0.30616525378151266,0.48108252004987584,4.90684,0.30616525378151266,0.48108252004987584,4.90684,0.30616525378151266,0.48108252004987584,4.90684,11.532838235294133,44.23769206115948,866.7400000000001,11.532838235294133,44.23769206115948,866.7400000000001,11.532838235294133,44.23769206115948,866.7400000000001,9.178750000001063e-05,0.1736207793488251,0.7525,9.178750000001063e-05,0.1736207793488251,0.7525,9.178750000001063e-05,0.1736207793488251,0.7525
1,Neck,129,1,Fall,0.44233360588235426,0.31851005223803985,2.1935599999999997,0.44233360588235426,0.31851005223803985,2.1935599999999997,0.44233360588235426,0.31851005223803985,2.1935599999999997,6.957720588235214,23.749576369269427,485.24,6.957720588235214,23.749576369269427,485.24,6.957720588235214,23.749576369269427,485.24,0.40923653750000005,0.125892482782032,0.41257999999999995,0.40923653750000005,0.125892482782032,0.41257999999999995,0.40923653750000005,0.125892482782032,0.41257999999999995
1,Neck,130,1,Fall,0.2534823731092436,0.6697663401338083,5.401916,0.2534823731092436,0.6697663401338083,5.401916,0.2534823731092436,0.6697663401338083,5.401916,0.5913676470588328,36.520474894641126,803.25,0.5913676470588328,36.520474894641126,803.25,0.5913676470588328,36.520474894641126,803.25,0.12056756250000018,0.340400784848555,0.7371,0.12056756250000018,0.340400784848555,0.7371,0.12056756250000018,0.340400784848555,0.7371
1,Neck,131,1,Fall,0.653094244537813,0.308020903800849,4.117988,0.653094244537813,0.308020903800849,4.117988,0.653094244537813,0.308020903800849,4.117988,6.151102941176474,20.865256366557855,470.61,6.151102941176474,20.865256366557855,470.61,6.151102941176474,20.865256366557855,470.61,0.39906326249999985,0.020766925972927962,0.3542,0.39906326249999985,0.020766925972927962,0.3542,0.39906326249999985,0.020766925972927962,0.3542
1,Neck,131,2,Fall,0.4219719596638655,0.43721902387086276,5.548316,0.4219719596638655,0.43721902387086276,5.548316,0.4219719596638655,0.43721902387086276,5.548316,4.210161764705869,22.802001994841834,657.44,4.210161764705869,22.802001994841834,657.44,4.210161764705869,22.802001994841834,657.44,0.24418677499999955,0.18905059108567462,0.44617999999999997,0.24418677499999955,0.18905059108567462,0.44617999999999997,0.24418677499999955,0.18905059108567462,0.44617999999999997
1,Neck,132,1,Fall,0.4958596193277299,0.42849546148011247,3.597292,0.4958596193277299,0.42849546148011247,3.597292,0.4958596193277299,0.42849546148011247,3.597292,10.66577941176449,32.16119784456563,492.45000000000005,10.66577941176449,32.16119784456563,492.45000000000005,10.66577941176449,32.16119784456563,492.45000000000005,0.00412229999999995,0.07630914066022951,0.5948599999999999,0.00412229999999995,0.07630914066022951,0.5948599999999999,0.00412229999999995,0.07630914066022951,0.5948599999999999
1,Neck,133,1,Fall,0.3777760243697494,0.5873449316267609,5.205252,0.3777760243697494,0.5873449316267609,5.205252,0.3777760243697494,0.5873449316267609,5.205252,1.888955882352937,40.019691967052616,644.77,1.888955882352937,40.019691967052616,644.77,1.888955882352937,40.019691967052616,644.77,-0.019137562499999955,0.1482588197421259,0.52696,-0.019137562499999955,0.1482588197421259,0.52696,-0.019137562499999955,0.1482588197421259,0.52696
1,Neck,134,1,Fall,0.6191945453781529,0.3258937030636159,4.889272,0.6191945453781529,0.3258937030636159,4.889272,0.6191945453781529,0.3258937030636159,4.889272,4.746264705882315,34.77529460423378,803.6000000000001,4.746264705882315,34.77529460423378,803.6000000000001,4.746264705882315,34.77529460423378,803.6000000000001,-0.031234787499999937,0.1420576344578924,0.4323199999999999,-0.031234787499999937,0.1420576344578924,0.4323199999999999,-0.031234787499999937,0.1420576344578924,0.4323199999999999
1,Neck,134,2,Fall,0.5025982739495812,0.44221478666073366,5.0708079999999995,0.5025982739495812,0.44221478666073366,5.0708079999999995,0.5025982739495812,0.44221478666073366,5.0708079999999995,5.781367647058816,20.066402985234756,383.18000000000006,5.781367647058816,20.066402985234756,383.18000000000006,5.781367647058816,20.066402985234756,383.18000000000006,0.05155027499999996,0.08664231979328202,0.35825999999999997,0.05155027499999996,0.08664231979328202,0.35825999999999997,0.05155027499999996,0.08664231979328202,0.35825999999999997
1,Neck,135,1,Fall,0.946461083193278,0.1923899150782029,5.380932,0.946461083193278,0.1923899150782029,5.380932,0.946461083193278,0.1923899150782029,5.380932,5.73130882352942,34.64374058292822,745.8500000000001,5.73130882352942,34.64374058292822,745.8500000000001,5.73130882352942,34.64374058292822,745.8500000000001,0.18630176249999966,0.06519040334722555,0.32395999999999997,0.18630176249999966,0.06519040334722555,0.32395999999999997,0.18630176249999966,0.06519040334722555,0.32395999999999997
1,Neck,135,2,Fall,0.9201020605042,0.2161095720678723,8.408728,0.9201020605042,0.2161095720678723,8.408728,0.9201020605042,0.2161095720678723,8.408728,6.280147058823544,31.07704794662649,664.3000000000001,6.280147058823544,31.07704794662649,664.3000000000001,6.280147058823544,31.07704794662649,664.3000000000001,0.1324070999999996,0.06584418517637648,0.51968,0.1324070999999996,0.06584418517637648,0.51968,0.1324070999999996,0.06584418517637648,0.51968
2,Neck,13,1,No Fall,0.9168054462184907,0.10126774529849411,1.046516,0.9168054462184907,0.10126774529849411,1.046516,0.9168054462184907,0.10126774529849411,1.046516,6.8009705882352955,21.346248353957037,228.83,6.8009705882352955,21.346248353957037,228.83,6.8009705882352955,21.346248353957037,228.83,0.16631571249999993,0.12430161429337884,0.6081599999999999,0.16631571249999993,0.12430161429337884,0.6081599999999999,0.16631571249999993,0.12430161429337884,0.6081599999999999
2,Neck,13,2,No Fall,0.9050082512605059,0.047945485882003036,0.733708,0.9050082512605059,0.047945485882003036,0.733708,0.9050082512605059,0.047945485882003036,0.733708,5.8600000000000225,19.063572365711536,244.44,5.8600000000000225,19.063572365711536,244.44,5.8600000000000225,19.063572365711536,244.44,0.140533575,0.1477557536186795,0.58968,0.140533575,0.1477557536186795,0.58968,0.140533575,0.1477557536186795,0.58968
2,Neck,13,3,No Fall,0.9441276537815138,0.07154558162223348,0.5821839999999999,0.9441276537815138,0.07154558162223348,0.5821839999999999,0.9441276537815138,0.07154558162223348,0.5821839999999999,8.019941176470587,12.6774855204968,104.58000000000001,8.019941176470587,12.6774855204968,104.58000000000001,8.019941176470587,12.6774855204968,104.58000000000001,0.19676825,0.1195818117336346,0.42223999999999995,0.19676825,0.1195818117336346,0.42223999999999995,0.19676825,0.1195818117336346,0.42223999999999995
2,Neck,13,4,No Fall,0.9331970176470583,0.05248750806443927,0.540948,0.9331970176470583,0.05248750806443927,0.540948,0.9331970176470583,0.05248750806443927,0.540948,5.797955882352927,11.918806139019098,158.76,5.797955882352927,11.918806139019098,158.76,5.797955882352927,11.918806139019098,158.76,0.2852325875000003,0.046999202556590625,0.23309999999999995,0.2852325875000003,0.046999202556590625,0.23309999999999995,0.2852325875000003,0.046999202556590625,0.23309999999999995
2,Neck,13,5,No Fall,0.9054755932773124,0.1072832858159639,0.8771800000000001,0.9054755932773124,0.1072832858159639,0.8771800000000001,0.9054755932773124,0.1072832858159639,0.8771800000000001,7.788705882352904,29.536288088070307,315.63,7.788705882352904,29.536288088070307,315.63,7.788705882352904,29.536288088070307,315.63,0.18324704999999974,0.15782271180670973,0.62846,0.18324704999999974,0.15782271180670973,0.62846,0.18324704999999974,0.15782271180670973,0.62846
2,Neck,13,6,No Fall,0.8889179890756301,0.0569047668819155,0.5687639999999999,0.8889179890756301,0.0569047668819155,0.5687639999999999,0.8889179890756301,0.0569047668819155,0.5687639999999999,6.479470588235261,23.208277735899227,224.28000000000003,6.479470588235261,23.208277735899227,224.28000000000003,6.479470588235261,23.208277735899227,224.28000000000003,0.1254627499999998,0.15700022721489465,0.6371399999999999,0.1254627499999998,0.15700022721489465,0.6371399999999999,0.1254627499999998,0.15700022721489465,0.6371399999999999
2,Neck,13,7,No Fall,0.9459670857142877,0.05279706836166856,0.48141200000000006,0.9459670857142877,0.05279706836166856,0.48141200000000006,0.9459670857142877,0.05279706836166856,0.48141200000000006,6.244573529411773,13.16675901972373,126.14000000000001,6.244573529411773,13.16675901972373,126.14000000000001,6.244573529411773,13.16675901972373,126.14000000000001,0.08218874999999994,0.07216197950785132,0.35868,0.08218874999999994,0.07216197950785132,0.35868,0.08218874999999994,0.07216197950785132,0.35868
2,Neck,13,8,No Fall,0.9211774033613459,0.06868411935091673,1.3012519999999999,0.9211774033613459,0.06868411935091673,1.3012519999999999,0.9211774033613459,0.06868411935091673,1.3012519999999999,5.517617647058822,13.160937704975337,145.74,5.517617647058822,13.160937704975337,145.74,5.517617647058822,13.160937704975337,145.74,0.1727544874999999,0.09203925542777737,0.40347999999999995,0.1727544874999999,0.09203925542777737,0.40347999999999995,0.1727544874999999,0.09203925542777737,0.40347999999999995
2,Neck,13,9,No Fall,0.897609566386554,0.104358020320633,1.000888,0.897609566386554,0.104358020320633,1.000888,0.897609566386554,0.104358020320633,1.000888,5.720823529411757,24.48936501200615,281.26,5.720823529411757,24.48936501200615,281.26,5.720823529411757,24.48936501200615,281.26,0.18308771249999986,0.14584326599697772,0.65268,0.18308771249999986,0.14584326599697772,0.65268,0.18308771249999986,0.14584326599697772,0.65268
2,Neck,13,10,No Fall,0.9007288193277319,0.10186081236347411,0.727608,0.9007288193277319,0.10186081236347411,0.727608,0.9007288193277319,0.10186081236347411,0.727608,5.499264705882338,22.888444289588108,241.99,5.499264705882338,22.888444289588108,241.99,5.499264705882338,22.888444289588108,241.99,0.28047223749999983,0.10060438234781735,0.4283999999999999,0.28047223749999983,0.10060438234781735,0.4283999999999999,0.28047223749999983,0.10060438234781735,0.4283999999999999
2,Neck,13,11,No Fall,0.9394730974789914,0.06435947977375044,0.533628,0.9394730974789914,0.06435947977375044,0.533628,0.9394730974789914,0.06435947977375044,0.533628,6.057794117647067,14.956414511386164,113.54000000000002,6.057794117647067,14.956414511386164,113.54000000000002,6.057794117647067,14.956414511386164,113.54000000000002,0.11249297499999997,0.07822602360711066,0.40235999999999994,0.11249297499999997,0.07822602360711066,0.40235999999999994,0.11249297499999997,0.07822602360711066,0.40235999999999994
2,Neck,13,12,No Fall,0.925272451260508,0.051290631395774514,0.5341159999999999,0.925272451260508,0.051290631395774514,0.5341159999999999,0.925272451260508,0.051290631395774514,0.5341159999999999,6.308794117647051,10.724924489788746,115.78000000000002,6.308794117647051,10.724924489788746,115.78000000000002,6.308794117647051,10.724924489788746,115.78000000000002,0.0860465375,0.06387260366501388,0.30478,0.0860465375,0.06387260366501388,0.30478,0.0860465375,0.06387260366501388,0.30478
2,Neck,14,1,No Fall,0.9101032890756319,0.10015233280118474,0.893284,0.9101032890756319,0.10015233280118474,0.893284,0.9101032890756319,0.10015233280118474,0.893284,6.591249999999996,23.87809665061088,283.2900000000001,6.591249999999996,23.87809665061088,283.2900000000001,6.591249999999996,23.87809665061088,283.2900000000001,0.20212456249999985,0.11889620117393193,0.6487599999999999,0.20212456249999985,0.11889620117393193,0.6487599999999999,0.20212456249999985,0.11889620117393193,0.6487599999999999
2,Neck,14,2,No Fall,0.8744582722689089,0.05787047565370846,0.452376,0.8744582722689089,0.05787047565370846,0.452376,0.8744582722689089,0.05787047565370846,0.452376,5.907382352941181,20.92107045305984,234.57000000000002,5.907382352941181,20.92107045305984,234.57000000000002,5.907382352941181,20.92107045305984,234.57000000000002,0.23410441249999991,0.09369439597263947,0.42182,0.23410441249999991,0.09369439597263947,0.42182,0.23410441249999991,0.09369439597263947,0.42182
2,Neck,14,3,No Fall,0.9393693974789962,0.09885217230677537,0.896944,0.9393693974789962,0.09885217230677537,0.896944,0.9393693974789962,0.09885217230677537,0.896944,5.3166911764705675,16.12619246108254,211.40000000000003,5.3166911764705675,16.12619246108254,211.40000000000003,5.3166911764705675,16.12619246108254,211.40000000000003,0.22447564999999947,0.13774309721759911,0.48328,0.22447564999999947,0.13774309721759911,0.48328,0.22447564999999947,0.13774309721759911,0.48328
2,Neck,14,4,No Fall,0.9457881865546188,0.03931167274515184,0.7039399999999999,0.9457881865546188,0.03931167274515184,0.7039399999999999,0.9457881865546188,0.03931167274515184,0.7039399999999999,4.135338235294124,12.432339124874106,190.61,4.135338235294124,12.432339124874106,190.61,4.135338235294124,12.432339124874106,190.61,0.20151153750000014,0.13578817960600065,0.36455999999999994,0.20151153750000014,0.13578817960600065,0.36455999999999994,0.20151153750000014,0.13578817960600065,0.36455999999999994
2,Neck,14,5,No Fall,0.9174326184873931,0.09552465344139152,0.845216,0.9174326184873931,0.09552465344139152,0.845216,0.9174326184873931,0.09552465344139152,0.845216,6.3733970588235165,23.551580408304776,352.03000000000003,6.3733970588235165,23.551580408304776,352.03000000000003,6.3733970588235165,23.551580408304776,352.03000000000003,0.20533948750000003,0.11819006048727652,0.6306999999999999,0.20533948750000003,0.11819006048727652,0.6306999999999999,0.20533948750000003,0.11819006048727652,0.6306999999999999
2,Neck,14,6,No Fall,0.9100844252100854,0.09497894485588028,0.789828,0.9100844252100854,0.09497894485588028,0.789828,0.9100844252100854,0.09497894485588028,0.789828,5.957117647058827,25.1125424120113,295.61,5.957117647058827,25.1125424120113,295.61,5.957117647058827,25.1125424120113,295.61,0.27764362500000067,0.10049514116728873,0.40978,0.27764362500000067,0.10049514116728873,0.40978,0.27764362500000067,0.10049514116728873,0.40978
2,Neck,14,7,No Fall,0.9472195336134448,0.06547681181418345,0.61854,0.9472195336134448,0.06547681181418345,0.61854,0.9472195336134448,0.06547681181418345,0.61854,5.7833970588235415,13.641811152065879,123.97000000000001,5.7833970588235415,13.641811152065879,123.97000000000001,5.7833970588235415,13.641811152065879,123.97000000000001,0.11473139999999998,0.09644643370881822,0.40431999999999996,0.11473139999999998,0.09644643370881822,0.40431999999999996,0.11473139999999998,0.09644643370881822,0.40431999999999996
2,Neck,14,8,No Fall,0.9334268697478986,0.0415098695573731,0.648552,0.9334268697478986,0.0415098695573731,0.648552,0.9334268697478986,0.0415098695573731,0.648552,5.295485294117656,14.088245524634356,235.20000000000002,5.295485294117656,14.088245524634356,235.20000000000002,5.295485294117656,14.088245524634356,235.20000000000002,0.11878168749999997,0.09668270636712334,0.3974599999999999,0.11878168749999997,0.09668270636712334,0.3974599999999999,0.11878168749999997,0.09668270636712334,0.3974599999999999
2,Neck,14,9,No Fall,0.9093353042016806,0.09887180781592457,0.9818560000000001,0.9093353042016806,0.09887180781592457,0.9818560000000001,0.9093353042016806,0.09887180781592457,0.9818560000000001,6.620514705882342,24.182030450939912,345.1700000000001,6.620514705882342,24.182030450939912,345.1700000000001,6.620514705882342,24.182030450939912,345.1700000000001,0.1879197250000001,0.1323248870196092,0.64652,0.1879197250000001,0.1323248870196092,0.64652,0.1879197250000001,0.1323248870196092,0.64652
2,Neck,14,10,No Fall,0.8984383462184894,0.06836211684256688,0.905484,0.8984383462184894,0.06836211684256688,0.905484,0.8984383462184894,0.06836211684256688,0.905484,5.969132352941171,24.59673345896906,302.40000000000003,5.969132352941171,24.59673345896906,302.40000000000003,5.969132352941171,24.59673345896906,302.40000000000003,0.24698493749999986,0.085405096410748,0.43805999999999995,0.24698493749999986,0.085405096410748,0.43805999999999995,0.24698493749999986,0.085405096410748,0.43805999999999995
2,Neck,14,11,No Fall,0.9427805789915992,0.07627661022976143,0.78324,0.9427805789915992,0.07627661022976143,0.78324,0.9427805789915992,0.07627661022976143,0.78324,5.475588235294113,13.484100375015782,116.48,5.475588235294113,13.484100375015782,116.48,5.475588235294113,13.484100375015782,116.48,0.11293100000000005,0.0946821879576501,0.4071199999999999,0.11293100000000005,0.0946821879576501,0.4071199999999999,0.11293100000000005,0.0946821879576501,0.4071199999999999
2,Neck,14,12,No Fall,0.9316312655462176,0.040648665586225666,0.42700000000000005,0.9316312655462176,0.040648665586225666,0.42700000000000005,0.9316312655462176,0.040648665586225666,0.42700000000000005,5.859838235294134,11.754020601012241,107.87,5.859838235294134,11.754020601012241,107.87,5.859838235294134,11.754020601012241,107.87,0.018464600000000084,0.1003000023099681,0.46521999999999997,0.018464600000000084,0.1003000023099681,0.46521999999999997,0.018464600000000084,0.1003000023099681,0.46521999999999997
2,Neck,15,1,No Fall,0.8832418621848728,0.12018351247260421,1.2143879999999998,0.8832418621848728,0.12018351247260421,1.2143879999999998,0.8832418621848728,0.12018351247260421,1.2143879999999998,5.593058823529442,30.413060714126733,514.57,5.593058823529442,30.413060714126733,514.57,5.593058823529442,30.413060714126733,514.57,0.22687761249999977,0.0991748725491519,0.42294,0.22687761249999977,0.0991748725491519,0.42294,0.22687761249999977,0.0991748725491519,0.42294
2,Neck,15,2,No Fall,0.8864050453781464,0.12329351532949527,1.356884,0.8864050453781464,0.12329351532949527,1.356884,0.8864050453781464,0.12329351532949527,1.356884,5.902529411764691,28.46257266901281,437.08000000000004,5.902529411764691,28.46257266901281,437.08000000000004,5.902529411764691,28.46257266901281,437.08000000000004,0.23601724999999985,0.11107744757392128,0.42826,0.23601724999999985,0.11107744757392128,0.42826,0.23601724999999985,0.11107744757392128,0.42826
2,Neck,15,3,No Fall,0.8818899176470556,0.1342880360257727,1.5001120000000001,0.8818899176470556,0.1342880360257727,1.5001120000000001,0.8818899176470556,0.1342880360257727,1.5001120000000001,5.86585294117648,27.23223322538773,407.05000000000007,5.86585294117648,27.23223322538773,407.05000000000007,5.86585294117648,27.23223322538773,407.05000000000007,0.2556023749999999,0.10852312866974241,0.44981999999999994,0.2556023749999999,0.10852312866974241,0.44981999999999994,0.2556023749999999,0.10852312866974241,0.44981999999999994
2,Neck,16,1,No Fall,0.4454459899159684,0.564987563888422,1.559892,0.4454459899159684,0.564987563888422,1.559892,0.4454459899159684,0.564987563888422,1.559892,0.7332647058823585,21.633324307316094,189.70000000000002,0.7332647058823585,21.633324307316094,189.70000000000002,0.7332647058823585,21.633324307316094,189.70000000000002,0.010548650000000145,0.1782236659737512,0.6663999999999999,0.010548650000000145,0.1782236659737512,0.6663999999999999,0.010548650000000145,0.1782236659737512,0.6663999999999999
2,Neck,16,2,No Fall,0.40986981596638594,0.5280930337562849,1.426912,0.40986981596638594,0.5280930337562849,1.426912,0.40986981596638594,0.5280930337562849,1.426912,1.6483676470588338,25.248315415341565,299.46000000000004,1.6483676470588338,25.248315415341565,299.46000000000004,1.6483676470588338,25.248315415341565,299.46000000000004,-0.021131425000000016,0.1528612373630065,0.70462,-0.021131425000000016,0.1528612373630065,0.70462,-0.021131425000000016,0.1528612373630065,0.70462
2,Neck,16,3,No Fall,0.45993451512605293,0.5493427887407322,1.7043400000000002,0.45993451512605293,0.5493427887407322,1.7043400000000002,0.45993451512605293,0.5493427887407322,1.7043400000000002,2.778632352941175,25.36675095727291,337.96000000000004,2.778632352941175,25.36675095727291,337.96000000000004,2.778632352941175,25.36675095727291,337.96000000000004,0.00033144999999992633,0.16000334852780446,0.6640199999999999,0.00033144999999992633,0.16000334852780446,0.6640199999999999,0.00033144999999992633,0.16000334852780446,0.6640199999999999
2,Neck,16,4,No Fall,0.4076141999999989,0.5389075565836331,1.9271120000000002,0.4076141999999989,0.5389075565836331,1.9271120000000002,0.4076141999999989,0.5389075565836331,1.9271120000000002,2.8025294117647084,25.52862171555521,380.52000000000004,2.8025294117647084,25.52862171555521,380.52000000000004,2.8025294117647084,25.52862171555521,380.52000000000004,0.07700078749999993,0.22652745477090167,0.7531999999999999,0.07700078749999993,0.22652745477090167,0.7531999999999999,0.07700078749999993,0.22652745477090167,0.7531999999999999
2,Neck,16,5,No Fall,0.3021197747899158,0.5736654397868609,1.83244,0.3021197747899158,0.5736654397868609,1.83244,0.3021197747899158,0.5736654397868609,1.83244,4.256249999999984,29.332161794190945,294.42,4.256249999999984,29.332161794190945,294.42,4.256249999999984,29.332161794190945,294.42,-0.009499875000000017,0.21889487739569957,0.8103199999999999,-0.009499875000000017,0.21889487739569957,0.8103199999999999,-0.009499875000000017,0.21889487739569957,0.8103199999999999
2,Neck,16,6,No Fall,0.3999125142857169,0.555384116511013,1.5154839999999998,0.3999125142857169,0.555384116511013,1.5154839999999998,0.3999125142857169,0.555384116511013,1.5154839999999998,3.6713088235294067,21.775404137975137,184.45000000000002,3.6713088235294067,21.775404137975137,184.45000000000002,3.6713088235294067,21.775404137975137,184.45000000000002,0.08405617499999968,0.24625539323953194,0.7855399999999999,0.08405617499999968,0.24625539323953194,0.7855399999999999,0.08405617499999968,0.24625539323953194,0.7855399999999999
2,Neck,17,1,No Fall,-0.04872116134453792,0.21910413722777947,0.763964,-0.04872116134453792,0.21910413722777947,0.763964,-0.04872116134453792,0.21910413722777947,0.763964,6.3645294117646705,11.520149813356856,121.17000000000002,6.3645294117646705,11.520149813356856,121.17000000000002,6.3645294117646705,11.520149813356856,121.17000000000002,-0.07291270000000008,0.09081590895065751,0.26655999999999996,-0.07291270000000008,0.09081590895065751,0.26655999999999996,-0.07291270000000008,0.09081590895065751,0.26655999999999996
2,Neck,17,2,No Fall,0.048137765546218424,0.2668752601513658,1.41032,0.048137765546218424,0.2668752601513658,1.41032,0.048137765546218424,0.2668752601513658,1.41032,7.035985294117632,13.705735953256069,141.47000000000003,7.035985294117632,13.705735953256069,141.47000000000003,7.035985294117632,13.705735953256069,141.47000000000003,-0.04916546249999997,0.0889660156766447,0.29988,-0.04916546249999997,0.0889660156766447,0.29988,-0.04916546249999997,0.0889660156766447,0.29988
2,Neck,17,3,No Fall,-0.04318497563025216,0.19048946072806291,0.864492,-0.04318497563025216,0.19048946072806291,0.864492,-0.04318497563025216,0.19048946072806291,0.864492,6.556250000000037,10.504110600961583,118.79,6.556250000000037,10.504110600961583,118.79,6.556250000000037,10.504110600961583,118.79,-0.008166287500000109,0.12323530606376662,0.34341999999999995,-0.008166287500000109,0.12323530606376662,0.34341999999999995,-0.008166287500000109,0.12323530606376662,0.34341999999999995
2,Neck,17,4,No Fall,0.028807429411764462,0.21976134537958567,1.089216,0.028807429411764462,0.21976134537958567,1.089216,0.028807429411764462,0.21976134537958567,1.089216,6.392088235294129,15.894791261619648,211.19000000000003,6.392088235294129,15.894791261619648,211.19000000000003,6.392088235294129,15.894791261619648,211.19000000000003,-0.04990886249999999,0.09507880969616403,0.35685999999999996,-0.04990886249999999,0.09507880969616403,0.35685999999999996,-0.04990886249999999,0.09507880969616403,0.35685999999999996
2,Neck,17,5,No Fall,-0.2319668529411766,0.06985447811419883,0.828624,-0.2319668529411766,0.06985447811419883,0.828624,-0.2319668529411766,0.06985447811419883,0.828624,5.242676470588192,10.774229668175272,137.55,5.242676470588192,10.774229668175272,137.55,5.242676470588192,10.774229668175272,137.55,0.14528780000000005,0.3314029481664929,0.76972,0.14528780000000005,0.3314029481664929,0.76972,0.14528780000000005,0.3314029481664929,0.76972
2,Neck,17,6,No Fall,-0.08861880084033574,0.17491706291146705,1.1697359999999999,-0.08861880084033574,0.17491706291146705,1.1697359999999999,-0.08861880084033574,0.17491706291146705,1.1697359999999999,7.475088235293986,12.925589636196747,121.59,7.475088235293986,12.925589636196747,121.59,7.475088235293986,12.925589636196747,121.59,0.14304386250000004,0.28510516750256637,0.64008,0.14304386250000004,0.28510516750256637,0.64008,0.14304386250000004,0.28510516750256637,0.64008
2,Neck,18,1,No Fall,0.5347996613445369,0.3639031534424693,1.513776,0.5347996613445369,0.3639031534424693,1.513776,0.5347996613445369,0.3639031534424693,1.513776,11.102794117647083,25.2007357032056,286.16,11.102794117647083,25.2007357032056,286.16,11.102794117647083,25.2007357032056,286.16,0.09122688750000037,0.15924646040110693,0.69748,0.09122688750000037,0.15924646040110693,0.69748,0.09122688750000037,0.15924646040110693,0.69748
2,Neck,18,2,No Fall,0.6489653647058811,0.29113421051109756,0.931348,0.6489653647058811,0.29113421051109756,0.931348,0.6489653647058811,0.29113421051109756,0.931348,4.4376323529411605,22.28058293592949,223.86,4.4376323529411605,22.28058293592949,223.86,4.4376323529411605,22.28058293592949,223.86,0.13116923750000004,0.10925803266113528,0.5046999999999999,0.13116923750000004,0.10925803266113528,0.5046999999999999,0.13116923750000004,0.10925803266113528,0.5046999999999999
2,Neck,18,3,No Fall,0.6952542151260507,0.353145289769372,1.406904,0.6952542151260507,0.353145289769372,1.406904,0.6952542151260507,0.353145289769372,1.406904,4.193132352941178,29.52653587220925,256.55,4.193132352941178,29.52653587220925,256.55,4.193132352941178,29.52653587220925,256.55,0.1872200750000001,0.17924223384568347,0.6573,0.1872200750000001,0.17924223384568347,0.6573,0.1872200750000001,0.17924223384568347,0.6573
2,Neck,18,4,No Fall,0.5943954823529403,0.3010068726672285,1.3334599999999999,0.5943954823529403,0.3010068726672285,1.3334599999999999,0.5943954823529403,0.3010068726672285,1.3334599999999999,6.7029264705882365,26.859021565356066,349.23,6.7029264705882365,26.859021565356066,349.23,6.7029264705882365,26.859021565356066,349.23,0.18469254999999957,0.13877402530484426,0.54292,0.18469254999999957,0.13877402530484426,0.54292,0.18469254999999957,0.13877402530484426,0.54292
2,Neck,18,5,No Fall,0.320173006722689,0.5291614387850069,1.4181279999999998,0.320173006722689,0.5291614387850069,1.4181279999999998,0.320173006722689,0.5291614387850069,1.4181279999999998,8.534764705882342,30.55934811484947,273.49,8.534764705882342,30.55934811484947,273.49,8.534764705882342,30.55934811484947,273.49,0.39847246250000057,0.1378532587446799,0.6013,0.39847246250000057,0.1378532587446799,0.6013,0.39847246250000057,0.1378532587446799,0.6013
2,Neck,18,6,No Fall,0.41019875462184924,0.4320280764943059,1.438624,0.41019875462184924,0.4320280764943059,1.438624,0.41019875462184924,0.4320280764943059,1.438624,6.233455882352966,21.64321010705975,198.52000000000004,6.233455882352966,21.64321010705975,198.52000000000004,6.233455882352966,21.64321010705975,198.52000000000004,0.3258882375000008,0.11746022278138878,0.6231399999999999,0.3258882375000008,0.11746022278138878,0.6231399999999999,0.3258882375000008,0.11746022278138878,0.6231399999999999
2,Neck,19,1,No Fall,0.9312565512605065,0.050441172151265395,0.404552,0.9312565512605065,0.050441172151265395,0.404552,0.9312565512605065,0.050441172151265395,0.404552,5.734735294117668,8.224294272330514,60.480000000000004,5.734735294117668,8.224294272330514,60.480000000000004,5.734735294117668,8.224294272330514,60.480000000000004,0.006236737499999997,0.0309901996993319,0.15414,0.006236737499999997,0.0309901996993319,0.15414,0.006236737499999997,0.0309901996993319,0.15414
2,Neck,19,2,No Fall,0.9407119100840353,0.10392474330147405,0.8364319999999998,0.9407119100840353,0.10392474330147405,0.8364319999999998,0.9407119100840353,0.10392474330147405,0.8364319999999998,5.997485294117656,8.01331059096217,58.38000000000001,5.997485294117656,8.01331059096217,58.38000000000001,5.997485294117656,8.01331059096217,58.38000000000001,-0.021790475000000017,0.029682261835845335,0.12851999999999997,-0.021790475000000017,0.029682261835845335,0.12851999999999997,-0.021790475000000017,0.029682261835845335,0.12851999999999997
2,Neck,19,3,No Fall,0.9512295915966401,0.10842307042967468,0.900848,0.9512295915966401,0.10842307042967468,0.900848,0.9512295915966401,0.10842307042967468,0.900848,5.856147058823536,9.325888737446718,84.77000000000001,5.856147058823536,9.325888737446718,84.77000000000001,5.856147058823536,9.325888737446718,84.77000000000001,0.06649650000000006,0.05687955654908676,0.20944,0.06649650000000006,0.05687955654908676,0.20944,0.06649650000000006,0.05687955654908676,0.20944
2,Neck,19,4,No Fall,0.9322906806722686,0.1542255516752368,0.964044,0.9322906806722686,0.1542255516752368,0.964044,0.9322906806722686,0.1542255516752368,0.964044,6.266455882352955,10.073434183920213,96.95000000000002,6.266455882352955,10.073434183920213,96.95000000000002,6.266455882352955,10.073434183920213,96.95000000000002,-0.050255274999999947,0.02433664998530388,0.15302,-0.050255274999999947,0.02433664998530388,0.15302,-0.050255274999999947,0.02433664998530388,0.15302
2,Neck,19,5,No Fall,0.9491504655462166,0.11225887976886832,0.710528,0.9491504655462166,0.11225887976886832,0.710528,0.9491504655462166,0.11225887976886832,0.710528,5.699985294117654,10.258704276221914,74.9,5.699985294117654,10.258704276221914,74.9,5.699985294117654,10.258704276221914,74.9,0.0009575124999999841,0.035277129985301275,0.16365999999999997,0.0009575124999999841,0.035277129985301275,0.16365999999999997,0.0009575124999999841,0.035277129985301275,0.16365999999999997
2,Neck,19,6,No Fall,0.9497429857142858,0.25814985254975326,1.431792,0.9497429857142858,0.25814985254975326,1.431792,0.9497429857142858,0.25814985254975326,1.431792,5.9010882352941145,14.860393991919302,122.71000000000001,5.9010882352941145,14.860393991919302,122.71000000000001,5.9010882352941145,14.860393991919302,122.71000000000001,-0.013629262499999996,0.028975349899003782,0.15498,-0.013629262499999996,0.028975349899003782,0.15498,-0.013629262499999996,0.028975349899003782,0.15498
2,Neck,20,1,No Fall,0.9348884092436954,0.0840195140534024,0.6012159999999999,0.9348884092436954,0.0840195140534024,0.6012159999999999,0.9348884092436954,0.0840195140534024,0.6012159999999999,5.723470588235288,9.721583652314472,60.690000000000005,5.723470588235288,9.721583652314472,60.690000000000005,5.723470588235288,9.721583652314472,60.690000000000005,-0.04205092500000003,0.016103704013245464,0.09463999999999999,-0.04205092500000003,0.016103704013245464,0.09463999999999999,-0.04205092500000003,0.016103704013245464,0.09463999999999999
2,Neck,20,2,No Fall,0.946489327731091,0.1577307414399214,0.974048,0.946489327731091,0.1577307414399214,0.974048,0.946489327731091,0.1577307414399214,0.974048,5.807132352941184,10.548837638904335,73.57000000000001,5.807132352941184,10.548837638904335,73.57000000000001,5.807132352941184,10.548837638904335,73.57000000000001,-0.00045123749999999627,0.0298134738580272,0.1659,-0.00045123749999999627,0.0298134738580272,0.1659,-0.00045123749999999627,0.0298134738580272,0.1659
2,Neck,20,3,No Fall,0.9424833705882363,0.15172671931789344,1.0506639999999998,0.9424833705882363,0.15172671931789344,1.0506639999999998,0.9424833705882363,0.15172671931789344,1.0506639999999998,6.262205882352938,12.498501508316954,82.67000000000002,6.262205882352938,12.498501508316954,82.67000000000002,6.262205882352938,12.498501508316954,82.67000000000002,0.08212155000000002,0.0905692111887759,0.30044,0.08212155000000002,0.0905692111887759,0.30044,0.08212155000000002,0.0905692111887759,0.30044
2,Neck,20,4,No Fall,0.9414717957983201,0.2164774850140035,1.041636,0.9414717957983201,0.2164774850140035,1.041636,0.9414717957983201,0.2164774850140035,1.041636,5.981367647058822,11.178767291547233,65.94,5.981367647058822,11.178767291547233,65.94,5.981367647058822,11.178767291547233,65.94,-0.05509586250000005,0.011139310740950634,0.06971999999999999,-0.05509586250000005,0.011139310740950634,0.06971999999999999,-0.05509586250000005,0.011139310740950634,0.06971999999999999
2,Neck,20,5,No Fall,0.9459312033613465,0.20460861678512757,1.124596,0.9459312033613465,0.20460861678512757,1.124596,0.9459312033613465,0.20460861678512757,1.124596,6.132088235294121,13.221047152195476,77.14000000000001,6.132088235294121,13.221047152195476,77.14000000000001,6.132088235294121,13.221047152195476,77.14000000000001,-0.05169858749999991,0.012791777426766333,0.09589999999999999,-0.05169858749999991,0.012791777426766333,0.09589999999999999,-0.05169858749999991,0.012791777426766333,0.09589999999999999
2,Neck,20,6,No Fall,0.9561696176470598,0.3059350586742083,1.356396,0.9561696176470598,0.3059350586742083,1.356396,0.9561696176470598,0.3059350586742083,1.356396,6.0812647058823375,15.537572163175385,118.72,6.0812647058823375,15.537572163175385,118.72,6.0812647058823375,15.537572163175385,118.72,-0.005475837500000005,0.04750876456105148,0.23981999999999998,-0.005475837500000005,0.04750876456105148,0.23981999999999998,-0.005475837500000005,0.04750876456105148,0.23981999999999998
2,Neck,21,1,No Fall,0.9343138815126037,0.0743804774455063,0.68442,0.9343138815126037,0.0743804774455063,0.68442,0.9343138815126037,0.0743804774455063,0.68442,5.6009558823529435,6.829445969060982,46.550000000000004,5.6009558823529435,6.829445969060982,46.550000000000004,5.6009558823529435,6.829445969060982,46.550000000000004,-0.05665458749999988,0.01188988655670443,0.08134,-0.05665458749999988,0.01188988655670443,0.08134,-0.05665458749999988,0.01188988655670443,0.08134
2,Neck,21,2,No Fall,0.9349626344537822,0.10642298151495558,0.86254,0.9349626344537822,0.10642298151495558,0.86254,0.9349626344537822,0.10642298151495558,0.86254,5.598779411764712,8.562778629291586,70.98000000000002,5.598779411764712,8.562778629291586,70.98000000000002,5.598779411764712,8.562778629291586,70.98000000000002,0.036497125000000005,0.04163643434120865,0.17331999999999997,0.036497125000000005,0.04163643434120865,0.17331999999999997,0.036497125000000005,0.04163643434120865,0.17331999999999997
2,Neck,21,3,No Fall,0.9297499537815148,0.10869629951173801,1.086044,0.9297499537815148,0.10869629951173801,1.086044,0.9297499537815148,0.10869629951173801,1.086044,5.690249999999999,10.042278979118835,78.26,5.690249999999999,10.042278979118835,78.26,5.690249999999999,10.042278979118835,78.26,-0.05472486250000001,0.018204381348834026,0.10457999999999999,-0.05472486250000001,0.018204381348834026,0.10457999999999999,-0.05472486250000001,0.018204381348834026,0.10457999999999999
2,Neck,21,4,No Fall,0.9294999563025201,0.15202201143490918,1.1021480000000001,0.9294999563025201,0.15202201143490918,1.1021480000000001,0.9294999563025201,0.15202201143490918,1.1021480000000001,5.707338235294137,9.596409772199024,91.77000000000001,5.707338235294137,9.596409772199024,91.77000000000001,5.707338235294137,9.596409772199024,91.77000000000001,-0.06275674999999992,0.015043812885330337,0.08791999999999998,-0.06275674999999992,0.015043812885330337,0.08791999999999998,-0.06275674999999992,0.015043812885330337,0.08791999999999998
2,Neck,21,5,No Fall,0.9414180747899175,0.16027249133110105,1.067256,0.9414180747899175,0.16027249133110105,1.067256,0.9414180747899175,0.16027249133110105,1.067256,5.812970588235304,10.097713621487166,79.52000000000001,5.812970588235304,10.097713621487166,79.52000000000001,5.812970588235304,10.097713621487166,79.52000000000001,-0.03687162499999997,0.031792456834194106,0.1316,-0.03687162499999997,0.031792456834194106,0.1316,-0.03687162499999997,0.031792456834194106,0.1316
2,Neck,21,6,No Fall,0.9448781588235299,0.1743556845371579,1.1094680000000001,0.9448781588235299,0.1743556845371579,1.1094680000000001,0.9448781588235299,0.1743556845371579,1.1094680000000001,5.402882352941157,10.742874368933375,81.69,5.402882352941157,10.742874368933375,81.69,5.402882352941157,10.742874368933375,81.69,-0.03922135,0.03254365007036608,0.16365999999999997,-0.03922135,0.03254365007036608,0.16365999999999997,-0.03922135,0.03254365007036608,0.16365999999999997
2,Neck,22,1,No Fall,0.9532027621848714,0.307416297586968,1.4152,0.9532027621848714,0.307416297586968,1.4152,0.9532027621848714,0.307416297586968,1.4152,6.447794117647046,13.494395590116625,99.89000000000001,6.447794117647046,13.494395590116625,99.89000000000001,6.447794117647046,13.494395590116625,99.89000000000001,0.05051681250000001,0.0182773676563427,0.0987,0.05051681250000001,0.0182773676563427,0.0987,0.05051681250000001,0.0182773676563427,0.0987
2,Neck,22,2,No Fall,0.9461674630252106,0.36320056680158824,1.702632,0.9461674630252106,0.36320056680158824,1.702632,0.9461674630252106,0.36320056680158824,1.702632,6.06820588235293,13.849818564722774,83.30000000000001,6.06820588235293,13.849818564722774,83.30000000000001,6.06820588235293,13.849818564722774,83.30000000000001,-0.043487849999999995,0.012867534545545255,0.08259999999999999,-0.043487849999999995,0.012867534545545255,0.08259999999999999,-0.043487849999999995,0.012867534545545255,0.08259999999999999
2,Neck,22,3,No Fall,0.9516748403361366,0.441620381193994,1.678964,0.9516748403361366,0.441620381193994,1.678964,0.9516748403361366,0.441620381193994,1.678964,6.163367647058808,18.753531931079603,138.39000000000001,6.163367647058808,18.753531931079603,138.39000000000001,6.163367647058808,18.753531931079603,138.39000000000001,-0.041414362499999975,0.018674983610478094,0.11788,-0.041414362499999975,0.018674983610478094,0.11788,-0.041414362499999975,0.018674983610478094,0.11788
2,Neck,23,1,No Fall,0.9220182806722704,0.24102832546607314,2.448296,0.9220182806722704,0.24102832546607314,2.448296,0.9220182806722704,0.24102832546607314,2.448296,6.326117647058821,38.765511203765634,496.37,6.326117647058821,38.765511203765634,496.37,6.326117647058821,38.765511203765634,496.37,0.09049512499999998,0.09820656041758377,0.5154799999999999,0.09049512499999998,0.09820656041758377,0.5154799999999999,0.09049512499999998,0.09820656041758377,0.5154799999999999
2,Neck,23,2,No Fall,0.9195918647058815,0.22460911669426503,2.196488,0.9195918647058815,0.22460911669426503,2.196488,0.9195918647058815,0.22460911669426503,2.196488,6.038147058823527,37.142619552128615,541.3100000000001,6.038147058823527,37.142619552128615,541.3100000000001,6.038147058823527,37.142619552128615,541.3100000000001,0.22944005000000037,0.08304124698266084,0.45177999999999996,0.22944005000000037,0.08304124698266084,0.45177999999999996,0.22944005000000037,0.08304124698266084,0.45177999999999996
2,Neck,23,3,No Fall,0.9258536428571422,0.26715342169691697,2.261636,0.9258536428571422,0.26715342169691697,2.261636,0.9258536428571422,0.26715342169691697,2.261636,6.58033823529411,43.21683463114716,676.6200000000001,6.58033823529411,43.21683463114716,676.6200000000001,6.58033823529411,43.21683463114716,676.6200000000001,0.10244570000000003,0.13255661107040845,0.55734,0.10244570000000003,0.13255661107040845,0.55734,0.10244570000000003,0.13255661107040845,0.55734
2,Neck,24,1,No Fall,0.9741132033613457,0.8021229145407812,3.391844,0.9741132033613457,0.8021229145407812,3.391844,0.9741132033613457,0.8021229145407812,3.391844,6.92291176470588,35.68970790575008,387.38000000000005,6.92291176470588,35.68970790575008,387.38000000000005,6.92291176470588,35.68970790575008,387.38000000000005,0.32509907499999957,0.029736292271703435,0.15764,0.32509907499999957,0.029736292271703435,0.15764,0.32509907499999957,0.029736292271703435,0.15764
2,Neck,24,2,No Fall,0.9679844462184863,0.8930662336750469,3.4831,0.9679844462184863,0.8930662336750469,3.4831,0.9679844462184863,0.8930662336750469,3.4831,6.580588235294129,36.42121642668973,318.78000000000003,6.580588235294129,36.42121642668973,318.78000000000003,6.580588235294129,36.42121642668973,318.78000000000003,0.24160456250000023,0.048291765282032044,0.25395999999999996,0.24160456250000023,0.048291765282032044,0.25395999999999996,0.24160456250000023,0.048291765282032044,0.25395999999999996
2,Neck,24,3,No Fall,0.9733847403361356,1.0113321561767332,4.1899679999999995,0.9733847403361356,1.0113321561767332,4.1899679999999995,0.9733847403361356,1.0113321561767332,4.1899679999999995,7.170735294117651,34.178809199920046,291.13000000000005,7.170735294117651,34.178809199920046,291.13000000000005,7.170735294117651,34.178809199920046,291.13000000000005,0.23435702500000008,0.04781245294700827,0.19795999999999997,0.23435702500000008,0.04781245294700827,0.19795999999999997,0.23435702500000008,0.04781245294700827,0.19795999999999997
2,Neck,25,1,No Fall,0.9749255285714279,1.0041789520983118,3.838364,0.9749255285714279,1.0041789520983118,3.838364,0.9749255285714279,1.0041789520983118,3.838364,6.128823529411759,37.99978448919702,325.15000000000003,6.128823529411759,37.99978448919702,325.15000000000003,6.128823529411759,37.99978448919702,325.15000000000003,0.27788565000000015,0.08861797654924368,0.4032,0.27788565000000015,0.08861797654924368,0.4032,0.27788565000000015,0.08861797654924368,0.4032
2,Neck,25,2,No Fall,0.9771332159663846,1.0657585482711078,4.171912,0.9771332159663846,1.0657585482711078,4.171912,0.9771332159663846,1.0657585482711078,4.171912,6.877338235294099,33.60040263999766,348.11,6.877338235294099,33.60040263999766,348.11,6.877338235294099,33.60040263999766,348.11,0.29591913750000076,0.04815052135696907,0.25801999999999997,0.29591913750000076,0.04815052135696907,0.25801999999999997,0.29591913750000076,0.04815052135696907,0.25801999999999997
2,Neck,25,3,No Fall,0.9678705453781539,1.1084714784247718,5.1232679999999995,0.9678705453781539,1.1084714784247718,5.1232679999999995,0.9678705453781539,1.1084714784247718,5.1232679999999995,5.683544117647054,42.511563138086636,531.3000000000001,5.683544117647054,42.511563138086636,531.3000000000001,5.683544117647054,42.511563138086636,531.3000000000001,0.25448605000000035,0.0712825336856997,0.42867999999999995,0.25448605000000035,0.0712825336856997,0.42867999999999995,0.25448605000000035,0.0712825336856997,0.42867999999999995
2,Neck,26,1,No Fall,0.9305253714285726,0.16809018893341743,2.999248,0.9305253714285726,0.16809018893341743,2.999248,0.9305253714285726,0.16809018893341743,2.999248,5.634235294117658,8.204684771476593,192.36,5.634235294117658,8.204684771476593,192.36,5.634235294117658,8.204684771476593,192.36,0.24184772499999954,0.03679216515047271,0.16072,0.24184772499999954,0.03679216515047271,0.16072,0.24184772499999954,0.03679216515047271,0.16072
2,Neck,26,2,No Fall,0.9511032344537824,0.22771321824053448,3.968172,0.9511032344537824,0.22771321824053448,3.968172,0.9511032344537824,0.22771321824053448,3.968172,6.998573529411767,18.491605385242426,388.5,6.998573529411767,18.491605385242426,388.5,6.998573529411767,18.491605385242426,388.5,0.16408761249999976,0.07227033424966073,0.42672,0.16408761249999976,0.07227033424966073,0.42672,0.16408761249999976,0.07227033424966073,0.42672
2,Neck,26,3,No Fall,0.9334031873949622,0.20437557765250744,4.515708,0.9334031873949622,0.20437557765250744,4.515708,0.9334031873949622,0.20437557765250744,4.515708,5.427676470588246,15.542609664133943,400.26000000000005,5.427676470588246,15.542609664133943,400.26000000000005,5.427676470588246,15.542609664133943,400.26000000000005,0.22488287500000007,0.022283702303524295,0.19893999999999995,0.22488287500000007,0.022283702303524295,0.19893999999999995,0.22488287500000007,0.022283702303524295,0.19893999999999995
2,Neck,26,4,No Fall,0.9431558058823534,0.23545821660674213,4.661376,0.9431558058823534,0.23545821660674213,4.661376,0.9431558058823534,0.23545821660674213,4.661376,8.424338235294119,19.15036175399778,339.36,8.424338235294119,19.15036175399778,339.36,8.424338235294119,19.15036175399778,339.36,0.14804658750000016,0.08413294944071154,0.42294,0.14804658750000016,0.08413294944071154,0.42294,0.14804658750000016,0.08413294944071154,0.42294
2,Neck,27,1,No Fall,0.9354019882352904,0.2985696936451814,7.501048,0.9354019882352904,0.2985696936451814,7.501048,0.9354019882352904,0.2985696936451814,7.501048,5.7175441176470825,19.33379169759286,717.7800000000001,5.7175441176470825,19.33379169759286,717.7800000000001,5.7175441176470825,19.33379169759286,717.7800000000001,0.2531347000000004,0.042687168773487244,0.31024,0.2531347000000004,0.042687168773487244,0.31024,0.2531347000000004,0.042687168773487244,0.31024
2,Neck,27,2,No Fall,0.9486726151260491,0.2868730380140562,4.7702,0.9486726151260491,0.2868730380140562,4.7702,0.9486726151260491,0.2868730380140562,4.7702,6.975470588235292,23.569736223230542,404.25,6.975470588235292,23.569736223230542,404.25,6.975470588235292,23.569736223230542,404.25,0.1624289625000001,0.07260982930356796,0.41132,0.1624289625000001,0.07260982930356796,0.41132,0.1624289625000001,0.07260982930356796,0.41132
2,Neck,27,3,No Fall,0.932335687394958,0.29588046146265734,6.014112,0.932335687394958,0.29588046146265734,6.014112,0.932335687394958,0.29588046146265734,6.014112,5.644000000000004,23.058694179691425,771.2600000000001,5.644000000000004,23.058694179691425,771.2600000000001,5.644000000000004,23.058694179691425,771.2600000000001,0.20716395000000012,0.05898687459941304,0.41747999999999996,0.20716395000000012,0.05898687459941304,0.41747999999999996,0.20716395000000012,0.05898687459941304,0.41747999999999996
2,Neck,27,4,No Fall,0.9418027336134482,0.31127640136868906,5.305536,0.9418027336134482,0.31127640136868906,5.305536,0.9418027336134482,0.31127640136868906,5.305536,7.761647058823526,21.075190680424114,356.51,7.761647058823526,21.075190680424114,356.51,7.761647058823526,21.075190680424114,356.51,0.1354026625000001,0.07164987134462214,0.42279999999999995,0.1354026625000001,0.07164987134462214,0.42279999999999995,0.1354026625000001,0.07164987134462214,0.42279999999999995
2,Neck,28,1,No Fall,0.8548196042016829,0.19663686892584084,1.078724,0.8548196042016829,0.19663686892584084,1.078724,0.8548196042016829,0.19663686892584084,1.078724,5.864544117647033,28.82932153933409,241.99,5.864544117647033,28.82932153933409,241.99,5.864544117647033,28.82932153933409,241.99,0.17994191249999983,0.1177010411042123,0.49587999999999993,0.17994191249999983,0.1177010411042123,0.49587999999999993,0.17994191249999983,0.1177010411042123,0.49587999999999993
2,Neck,28,2,No Fall,0.9015043907563017,0.16557122006363356,1.454972,0.9015043907563017,0.16557122006363356,1.454972,0.9015043907563017,0.16557122006363356,1.454972,7.226764705882329,31.754526371992554,374.7800000000001,7.226764705882329,31.754526371992554,374.7800000000001,7.226764705882329,31.754526371992554,374.7800000000001,0.16517007499999994,0.09407343987040132,0.48006,0.16517007499999994,0.09407343987040132,0.48006,0.16517007499999994,0.09407343987040132,0.48006
2,Neck,28,3,No Fall,0.86632430672269,0.1442879404193173,0.9659960000000001,0.86632430672269,0.1442879404193173,0.9659960000000001,0.86632430672269,0.1442879404193173,0.9659960000000001,7.94132352941177,25.543882145812734,263.48,7.94132352941177,25.543882145812734,263.48,7.94132352941177,25.543882145812734,263.48,0.10826436250000006,0.13614020705031774,0.5786199999999999,0.10826436250000006,0.13614020705031774,0.5786199999999999,0.10826436250000006,0.13614020705031774,0.5786199999999999
2,Neck,28,4,No Fall,0.8777081882352927,0.20963549043793092,1.260992,0.8777081882352927,0.20963549043793092,1.260992,0.8777081882352927,0.20963549043793092,1.260992,7.9813970588235,30.469923059713807,307.72,7.9813970588235,30.469923059713807,307.72,7.9813970588235,30.469923059713807,307.72,0.16944576249999982,0.11507243660227498,0.54348,0.16944576249999982,0.11507243660227498,0.54348,0.16944576249999982,0.11507243660227498,0.54348
2,Neck,29,1,No Fall,0.9427550000000019,0.07651350617192744,0.5460719999999999,0.9427550000000019,0.07651350617192744,0.5460719999999999,0.9427550000000019,0.07651350617192744,0.5460719999999999,6.18354411764707,9.506079921613047,67.13000000000001,6.18354411764707,9.506079921613047,67.13000000000001,6.18354411764707,9.506079921613047,67.13000000000001,0.06738296250000002,0.06595066457832352,0.29344,0.06738296250000002,0.06595066457832352,0.29344,0.06738296250000002,0.06595066457832352,0.29344
2,Neck,29,2,No Fall,0.9533484445378164,0.10181190164132763,0.751764,0.9533484445378164,0.10181190164132763,0.751764,0.9533484445378164,0.10181190164132763,0.751764,6.67898529411766,8.73640598984797,62.30000000000001,6.67898529411766,8.73640598984797,62.30000000000001,6.67898529411766,8.73640598984797,62.30000000000001,0.1083735625000002,0.04370626441114108,0.21098,0.1083735625000002,0.04370626441114108,0.21098,0.1083735625000002,0.04370626441114108,0.21098
2,Neck,30,1,No Fall,0.955139691596639,0.1399238109055806,0.807152,0.955139691596639,0.1399238109055806,0.807152,0.955139691596639,0.1399238109055806,0.807152,5.95866176470589,14.42959905497946,89.32000000000001,5.95866176470589,14.42959905497946,89.32000000000001,5.95866176470589,14.42959905497946,89.32000000000001,0.18763272499999978,0.09937010756509122,0.37576,0.18763272499999978,0.09937010756509122,0.37576,0.18763272499999978,0.09937010756509122,0.37576
2,Neck,30,2,No Fall,0.9556742361344555,0.15226021470239448,0.797392,0.9556742361344555,0.15226021470239448,0.797392,0.9556742361344555,0.15226021470239448,0.797392,8.182676470588225,14.690880616664204,75.81,8.182676470588225,14.690880616664204,75.81,8.182676470588225,14.690880616664204,75.81,0.1762536125000002,0.09851895139928847,0.43917999999999996,0.1762536125000002,0.09851895139928847,0.43917999999999996,0.1762536125000002,0.09851895139928847,0.43917999999999996
2,Neck,31,1,No Fall,0.94012067142857,0.1092294494707292,0.7664040000000001,0.94012067142857,0.1092294494707292,0.7664040000000001,0.94012067142857,0.1092294494707292,0.7664040000000001,5.125308823529417,12.972609116785854,82.46000000000001,5.125308823529417,12.972609116785854,82.46000000000001,5.125308823529417,12.972609116785854,82.46000000000001,0.19587811250000023,0.03731428754809419,0.21559999999999999,0.19587811250000023,0.03731428754809419,0.21559999999999999,0.19587811250000023,0.03731428754809419,0.21559999999999999
2,Neck,31,2,No Fall,0.9337201310924353,0.10462562985130414,0.780556,0.9337201310924353,0.10462562985130414,0.780556,0.9337201310924353,0.10462562985130414,0.780556,6.462382352941194,10.622875588605297,101.64000000000001,6.462382352941194,10.622875588605297,101.64000000000001,6.462382352941194,10.622875588605297,101.64000000000001,0.11016818750000011,0.06240214364444534,0.3913,0.11016818750000011,0.06240214364444534,0.3913,0.11016818750000011,0.06240214364444534,0.3913
2,Neck,32,1,No Fall,0.9410511008403385,0.08791569841428368,0.833992,0.9410511008403385,0.08791569841428368,0.833992,0.9410511008403385,0.08791569841428368,0.833992,5.777102941176455,6.751089021278048,61.95,5.777102941176455,6.751089021278048,61.95,5.777102941176455,6.751089021278048,61.95,0.19357896249999992,0.03305195045404437,0.17528000000000002,0.19357896249999992,0.03305195045404437,0.17528000000000002,0.19357896249999992,0.03305195045404437,0.17528000000000002
2,Neck,32,2,No Fall,0.9342000831932765,0.1357125229140496,1.122888,0.9342000831932765,0.1357125229140496,1.122888,0.9342000831932765,0.1357125229140496,1.122888,6.4259264705882355,10.104042794707592,98.63000000000001,6.4259264705882355,10.104042794707592,98.63000000000001,6.4259264705882355,10.104042794707592,98.63000000000001,0.1456915249999999,0.06895254894438693,0.30184,0.1456915249999999,0.06895254894438693,0.30184,0.1456915249999999,0.06895254894438693,0.30184
2,Neck,33,1,No Fall,0.9424721957983193,0.12708644279973086,0.847168,0.9424721957983193,0.12708644279973086,0.847168,0.9424721957983193,0.12708644279973086,0.847168,5.4388088235294205,10.620167309247476,71.47000000000001,5.4388088235294205,10.620167309247476,71.47000000000001,5.4388088235294205,10.620167309247476,71.47000000000001,0.09145701250000002,0.09878408081246487,0.36399999999999993,0.09145701250000002,0.09878408081246487,0.36399999999999993,0.09145701250000002,0.09878408081246487,0.36399999999999993
2,Neck,33,2,No Fall,0.9419052033613475,0.1775102934031514,1.114348,0.9419052033613475,0.1775102934031514,1.114348,0.9419052033613475,0.1775102934031514,1.114348,4.766705882352942,11.892314516413947,84.91000000000001,4.766705882352942,11.892314516413947,84.91000000000001,4.766705882352942,11.892314516413947,84.91000000000001,0.09932527500000003,0.09586861711747431,0.38611999999999996,0.09932527500000003,0.09586861711747431,0.38611999999999996,0.09932527500000003,0.09586861711747431,0.38611999999999996
2,Neck,34,1,No Fall,0.9310193176470617,0.11592434307758309,0.793732,0.9310193176470617,0.11592434307758309,0.793732,0.9310193176470617,0.11592434307758309,0.793732,6.032338235294106,7.415477771883572,65.24000000000001,6.032338235294106,7.415477771883572,65.24000000000001,6.032338235294106,7.415477771883572,65.24000000000001,0.2214481500000001,0.060173783175823704,0.20761999999999997,0.2214481500000001,0.060173783175823704,0.20761999999999997,0.2214481500000001,0.060173783175823704,0.20761999999999997
2,Neck,34,2,No Fall,0.9368048344537806,0.1430327051059921,1.224148,0.9368048344537806,0.1430327051059921,1.224148,0.9368048344537806,0.1430327051059921,1.224148,4.845161764705863,10.631737688923542,70.28,4.845161764705863,10.631737688923542,70.28,4.845161764705863,10.631737688923542,70.28,0.13205622499999997,0.08988736812863386,0.42826,0.13205622499999997,0.08988736812863386,0.42826,0.13205622499999997,0.08988736812863386,0.42826
2,Neck,35,1,No Fall,0.9714565252100843,0.7224606816999076,2.862608,0.9714565252100843,0.7224606816999076,2.862608,0.9714565252100843,0.7224606816999076,2.862608,4.929661764705872,22.90638189708117,197.05,4.929661764705872,22.90638189708117,197.05,4.929661764705872,22.90638189708117,197.05,0.19047551249999986,0.08556779421746159,0.38388,0.19047551249999986,0.08556779421746159,0.38388,0.19047551249999986,0.08556779421746159,0.38388
2,Neck,35,2,No Fall,0.9596883436974799,0.7503234400973101,3.121492,0.9596883436974799,0.7503234400973101,3.121492,0.9596883436974799,0.7503234400973101,3.121492,6.1748235294117775,21.110329604784585,205.8,6.1748235294117775,21.110329604784585,205.8,6.1748235294117775,21.110329604784585,205.8,0.18519164999999999,0.08344417860532245,0.3843,0.18519164999999999,0.08344417860532245,0.3843,0.18519164999999999,0.08344417860532245,0.3843
2,Neck,36,1,No Fall,0.9538355731092436,0.6184418825773504,4.314164,0.9538355731092436,0.6184418825773504,4.314164,0.9538355731092436,0.6184418825773504,4.314164,6.467941176470578,22.443149398233714,247.59000000000003,6.467941176470578,22.443149398233714,247.59000000000003,6.467941176470578,22.443149398233714,247.59000000000003,0.14471625000000019,0.09022250598272927,0.39718,0.14471625000000019,0.09022250598272927,0.39718,0.14471625000000019,0.09022250598272927,0.39718
2,Neck,36,2,No Fall,0.9520746722689083,0.6096677316881194,4.381264,0.9520746722689083,0.6096677316881194,4.381264,0.9520746722689083,0.6096677316881194,4.381264,2.2622794117647023,21.66622784503731,316.40000000000003,2.2622794117647023,21.66622784503731,316.40000000000003,2.2622794117647023,21.66622784503731,316.40000000000003,0.099656725,0.10473516797812707,0.41566,0.099656725,0.10473516797812707,0.41566,0.099656725,0.10473516797812707,0.41566
2,Neck,37,1,No Fall,0.9225574899159683,0.03829165413837002,0.4697000000000001,0.9225574899159683,0.03829165413837002,0.4697000000000001,0.9225574899159683,0.03829165413837002,0.4697000000000001,4.032191176470578,9.756047886341337,101.57000000000001,4.032191176470578,9.756047886341337,101.57000000000001,4.032191176470578,9.756047886341337,101.57000000000001,0.14523005000000008,0.03785969396686323,0.18689999999999998,0.14523005000000008,0.03785969396686323,0.18689999999999998,0.14523005000000008,0.03785969396686323,0.18689999999999998
2,Neck,37,2,No Fall,0.9319160689075618,0.022681657502441888,0.2547360000000001,0.9319160689075618,0.022681657502441888,0.2547360000000001,0.9319160689075618,0.022681657502441888,0.2547360000000001,5.525441176470591,6.834647401333322,71.61,5.525441176470591,6.834647401333322,71.61,5.525441176470591,6.834647401333322,71.61,0.19955495000000006,0.02061426032696824,0.11130000000000001,0.19955495000000006,0.02061426032696824,0.11130000000000001,0.19955495000000006,0.02061426032696824,0.11130000000000001
2,Neck,38,1,No Fall,0.9181700521008396,0.049619832750297466,0.6212240000000001,0.9181700521008396,0.049619832750297466,0.6212240000000001,0.9181700521008396,0.049619832750297466,0.6212240000000001,4.974691176470566,7.9541264946519945,114.31,4.974691176470566,7.9541264946519945,114.31,4.974691176470566,7.9541264946519945,114.31,0.1334947249999999,0.0536793460820523,0.29819999999999997,0.1334947249999999,0.0536793460820523,0.29819999999999997,0.1334947249999999,0.0536793460820523,0.29819999999999997
2,Neck,38,2,No Fall,0.9407690142857146,0.050590953282998945,0.740296,0.9407690142857146,0.050590953282998945,0.740296,0.9407690142857146,0.050590953282998945,0.740296,5.7397794117647,6.109968081212211,73.64,5.7397794117647,6.109968081212211,73.64,5.7397794117647,6.109968081212211,73.64,0.1962726499999998,0.05160206140204661,0.38359999999999994,0.1962726499999998,0.05160206140204661,0.38359999999999994,0.1962726499999998,0.05160206140204661,0.38359999999999994
2,Neck,39,1,No Fall,0.9165942016806733,0.030601483978200773,0.40479600000000004,0.9165942016806733,0.030601483978200773,0.40479600000000004,0.9165942016806733,0.030601483978200773,0.40479600000000004,5.6042941176470515,2.8257838015188144,26.880000000000003,5.6042941176470515,2.8257838015188144,26.880000000000003,5.6042941176470515,2.8257838015188144,26.880000000000003,0.12898296250000013,0.017632746171812496,0.10402,0.12898296250000013,0.017632746171812496,0.10402,0.12898296250000013,0.017632746171812496,0.10402
2,Neck,39,2,No Fall,0.9551437411764694,0.02309420155055469,0.3252519999999999,0.9551437411764694,0.02309420155055469,0.3252519999999999,0.9551437411764694,0.02309420155055469,0.3252519999999999,5.605514705882335,2.9343858733405495,35.07000000000001,5.605514705882335,2.9343858733405495,35.07000000000001,5.605514705882335,2.9343858733405495,35.07000000000001,0.07879042499999998,0.010476326298007033,0.07476,0.07879042499999998,0.010476326298007033,0.07476,0.07879042499999998,0.010476326298007033,0.07476
2,Neck,40,1,No Fall,0.9284180008403327,0.05897775711074328,0.6436719999999999,0.9284180008403327,0.05897775711074328,0.6436719999999999,0.9284180008403327,0.05897775711074328,0.6436719999999999,5.777249999999999,6.749473821685311,69.16000000000001,5.777249999999999,6.749473821685311,69.16000000000001,5.777249999999999,6.749473821685311,69.16000000000001,0.11264574999999999,0.04950333054726765,0.24962,0.11264574999999999,0.04950333054726765,0.24962,0.11264574999999999,0.04950333054726765,0.24962
2,Neck,40,2,No Fall,0.9571849857142889,0.05502663160247414,0.626836,0.9571849857142889,0.05502663160247414,0.626836,0.9571849857142889,0.05502663160247414,0.626836,5.64089705882353,5.979926132629397,44.730000000000004,5.64089705882353,5.979926132629397,44.730000000000004,5.64089705882353,5.979926132629397,44.730000000000004,0.13598313749999985,0.04983452840194479,0.21419999999999995,0.13598313749999985,0.04983452840194479,0.21419999999999995,0.13598313749999985,0.04983452840194479,0.21419999999999995
2,Neck,41,1,No Fall,0.9186431865546228,0.07312842854099447,0.8805959999999999,0.9186431865546228,0.07312842854099447,0.8805959999999999,0.9186431865546228,0.07312842854099447,0.8805959999999999,5.8678970588235435,7.5425357155183095,161.21,5.8678970588235435,7.5425357155183095,161.21,5.8678970588235435,7.5425357155183095,161.21,0.2685921000000003,0.021749905472956736,0.13986,0.2685921000000003,0.021749905472956736,0.13986,0.2685921000000003,0.021749905472956736,0.13986
2,Neck,41,2,No Fall,0.9198861512605052,0.03814416941340465,0.3081720000000001,0.9198861512605052,0.03814416941340465,0.3081720000000001,0.9198861512605052,0.03814416941340465,0.3081720000000001,5.65739705882354,3.6083082798562627,25.55,5.65739705882354,3.6083082798562627,25.55,5.65739705882354,3.6083082798562627,25.55,0.2535673874999995,0.020233495833539783,0.11437999999999998,0.2535673874999995,0.020233495833539783,0.11437999999999998,0.2535673874999995,0.020233495833539783,0.11437999999999998
2,Neck,41,3,No Fall,0.9400772025210069,0.054397792084435154,0.5958479999999999,0.9400772025210069,0.054397792084435154,0.5958479999999999,0.9400772025210069,0.054397792084435154,0.5958479999999999,5.862529411764708,7.726524169368583,83.58000000000001,5.862529411764708,7.726524169368583,83.58000000000001,5.862529411764708,7.726524169368583,83.58000000000001,0.3976158375,0.026816535580429308,0.16086,0.3976158375,0.026816535580429308,0.16086,0.3976158375,0.026816535580429308,0.16086
2,Neck,41,4,No Fall,0.9462995100840338,0.04213302995385139,0.44090799999999986,0.9462995100840338,0.04213302995385139,0.44090799999999986,0.9462995100840338,0.04213302995385139,0.44090799999999986,5.735897058823529,6.670105388837956,75.32000000000001,5.735897058823529,6.670105388837956,75.32000000000001,5.735897058823529,6.670105388837956,75.32000000000001,0.37576804999999935,0.017887316631000322,0.09477999999999998,0.37576804999999935,0.017887316631000322,0.09477999999999998,0.37576804999999935,0.017887316631000322,0.09477999999999998
2,Neck,41,5,No Fall,0.9293033722689079,0.018020122624395847,0.147864,0.9293033722689079,0.018020122624395847,0.147864,0.9293033722689079,0.018020122624395847,0.147864,5.479676470588229,2.5664774729984385,20.090000000000003,5.479676470588229,2.5664774729984385,20.090000000000003,5.479676470588229,2.5664774729984385,20.090000000000003,0.3556546874999995,0.015121343605070552,0.09016000000000002,0.3556546874999995,0.015121343605070552,0.09016000000000002,0.3556546874999995,0.015121343605070552,0.09016000000000002
2,Neck,41,6,No Fall,0.9392815882352957,0.05649834973640336,0.7200439999999999,0.9392815882352957,0.05649834973640336,0.7200439999999999,0.9392815882352957,0.05649834973640336,0.7200439999999999,5.607132352941203,6.389971809493585,106.4,5.607132352941203,6.389971809493585,106.4,5.607132352941203,6.389971809493585,106.4,0.3766616,0.010947925813356556,0.062439999999999996,0.3766616,0.010947925813356556,0.062439999999999996,0.3766616,0.010947925813356556,0.062439999999999996
2,Neck,41,7,No Fall,0.9324125268907552,0.06554287002880044,0.561688,0.9324125268907552,0.06554287002880044,0.561688,0.9324125268907552,0.06554287002880044,0.561688,5.416235294117653,6.9327769414782345,68.25,5.416235294117653,6.9327769414782345,68.25,5.416235294117653,6.9327769414782345,68.25,0.35770052499999955,0.022325963946506624,0.24009999999999998,0.35770052499999955,0.022325963946506624,0.24009999999999998,0.35770052499999955,0.022325963946506624,0.24009999999999998
2,Neck,41,8,No Fall,0.9396353882352942,0.07148134852390585,0.630252,0.9396353882352942,0.07148134852390585,0.630252,0.9396353882352942,0.07148134852390585,0.630252,5.6151323529411785,7.376314563559483,79.94000000000001,5.6151323529411785,7.376314563559483,79.94000000000001,5.6151323529411785,7.376314563559483,79.94000000000001,0.3688177499999998,0.014814864446489372,0.0882,0.3688177499999998,0.014814864446489372,0.0882,0.3688177499999998,0.014814864446489372,0.0882
2,Neck,41,11,No Fall,0.9358053571428567,0.009836884462636482,0.10638399999999992,0.9358053571428567,0.009836884462636482,0.10638399999999992,0.9358053571428567,0.009836884462636482,0.10638399999999992,5.559205882352927,1.8949896667237984,16.450000000000003,5.559205882352927,1.8949896667237984,16.450000000000003,5.559205882352927,1.8949896667237984,16.450000000000003,0.1114121749999999,0.05674343556037007,0.2884,0.1114121749999999,0.05674343556037007,0.2884,0.1114121749999999,0.05674343556037007,0.2884
2,Neck,42,4,No Fall,0.9616079983193262,0.08323732249222027,0.839604,0.9616079983193262,0.08323732249222027,0.839604,0.9616079983193262,0.08323732249222027,0.839604,5.395617647058796,8.101178556729236,85.33000000000001,5.395617647058796,8.101178556729236,85.33000000000001,5.395617647058796,8.101178556729236,85.33000000000001,0.007243074999999999,0.02626745866390174,0.1281,0.007243074999999999,0.02626745866390174,0.1281,0.007243074999999999,0.02626745866390174,0.1281
2,Neck,42,5,No Fall,0.9648693453781552,0.02038318212155155,0.268644,0.9648693453781552,0.02038318212155155,0.268644,0.9648693453781552,0.02038318212155155,0.268644,5.712205882352927,5.208975496940152,85.05000000000001,5.712205882352927,5.208975496940152,85.05000000000001,5.712205882352927,5.208975496940152,85.05000000000001,0.029225962500000015,0.01971538905403753,0.12333999999999998,0.029225962500000015,0.01971538905403753,0.12333999999999998,0.029225962500000015,0.01971538905403753,0.12333999999999998
2,Neck,42,6,No Fall,0.9673916697478994,0.030796561778526788,0.24814800000000004,0.9673916697478994,0.030796561778526788,0.24814800000000004,0.9673916697478994,0.030796561778526788,0.24814800000000004,5.546882352941194,3.2868022377722124,31.85,5.546882352941194,3.2868022377722124,31.85,5.546882352941194,3.2868022377722124,31.85,0.028458762500000002,0.01534825512242865,0.0924,0.028458762500000002,0.01534825512242865,0.0924,0.028458762500000002,0.01534825512242865,0.0924
2,Neck,42,7,No Fall,0.9346878781512603,0.09296195751817349,0.9272,0.9346878781512603,0.09296195751817349,0.9272,0.9346878781512603,0.09296195751817349,0.9272,5.597632352941172,18.131395042799976,202.51000000000002,5.597632352941172,18.131395042799976,202.51000000000002,5.597632352941172,18.131395042799976,202.51000000000002,0.3325726250000005,0.13831096647867286,0.47474,0.3325726250000005,0.13831096647867286,0.47474,0.3325726250000005,0.13831096647867286,0.47474
2,Neck,42,8,No Fall,0.9170297109243671,0.02675527547138187,0.3145159999999999,0.9170297109243671,0.02675527547138187,0.3145159999999999,0.9170297109243671,0.02675527547138187,0.3145159999999999,5.309764705882366,2.628859637082899,34.72,5.309764705882366,2.628859637082899,34.72,5.309764705882366,2.628859637082899,34.72,0.36676053749999993,0.011736265330740424,0.06579999999999997,0.36676053749999993,0.011736265330740424,0.06579999999999997,0.36676053749999993,0.011736265330740424,0.06579999999999997
2,Neck,42,9,No Fall,0.9719081302521004,0.03708327145884241,0.257908,0.9719081302521004,0.03708327145884241,0.257908,0.9719081302521004,0.03708327145884241,0.257908,5.898632352941163,3.6145937648678426,27.93,5.898632352941163,3.6145937648678426,27.93,5.898632352941163,3.6145937648678426,27.93,0.13945006250000014,0.11111397510286708,0.41944,0.13945006250000014,0.11111397510286708,0.41944,0.13945006250000014,0.11111397510286708,0.41944
2,Neck,42,11,No Fall,0.9540293890756303,0.013706862394007606,0.1517679999999999,0.9540293890756303,0.013706862394007606,0.1517679999999999,0.9540293890756303,0.013706862394007606,0.1517679999999999,5.609720588235301,4.375988267772844,62.650000000000006,5.609720588235301,4.375988267772844,62.650000000000006,5.609720588235301,4.375988267772844,62.650000000000006,0.3219341999999996,0.03722368698363192,0.2107,0.3219341999999996,0.03722368698363192,0.2107,0.3219341999999996,0.03722368698363192,0.2107
2,Neck,42,14,No Fall,0.9483448042016828,0.0130036271857198,0.13176,0.9483448042016828,0.0130036271857198,0.13176,0.9483448042016828,0.0130036271857198,0.13176,5.852926470588243,3.0541520016707833,46.2,5.852926470588243,3.0541520016707833,46.2,5.852926470588243,3.0541520016707833,46.2,0.2142380625000001,0.06196640281168078,0.29372,0.2142380625000001,0.06196640281168078,0.29372,0.2142380625000001,0.06196640281168078,0.29372
2,Neck,43,2,No Fall,0.9568414378151244,0.6164232865401458,3.526044,0.9568414378151244,0.6164232865401458,3.526044,0.9568414378151244,0.6164232865401458,3.526044,6.790779411764705,29.167562511092548,392.98,6.790779411764705,29.167562511092548,392.98,6.790779411764705,29.167562511092548,392.98,0.22220415000000024,0.045781039317638175,0.26222,0.22220415000000024,0.045781039317638175,0.26222,0.22220415000000024,0.045781039317638175,0.26222
2,Neck,43,3,No Fall,0.9518484596638689,0.7153112490323853,4.1899679999999995,0.9518484596638689,0.7153112490323853,4.1899679999999995,0.9518484596638689,0.7153112490323853,4.1899679999999995,6.147720588235297,28.332398710266887,299.6,6.147720588235297,28.332398710266887,299.6,6.147720588235297,28.332398710266887,299.6,0.20420391250000025,0.051210219893892565,0.24023999999999995,0.20420391250000025,0.051210219893892565,0.24023999999999995,0.20420391250000025,0.051210219893892565,0.24023999999999995
2,Neck,44,1,No Fall,0.9500163579831952,0.587196794840446,3.75394,0.9500163579831952,0.587196794840446,3.75394,0.9500163579831952,0.587196794840446,3.75394,5.721397058823555,23.258938875515195,250.53000000000003,5.721397058823555,23.258938875515195,250.53000000000003,5.721397058823555,23.258938875515195,250.53000000000003,0.2733085250000001,0.06531181768087514,0.2387,0.2733085250000001,0.06531181768087514,0.2387,0.2733085250000001,0.06531181768087514,0.2387
2,Neck,44,2,No Fall,0.9506166697478982,0.6440764455974574,3.4906639999999998,0.9506166697478982,0.6440764455974574,3.4906639999999998,0.9506166697478982,0.6440764455974574,3.4906639999999998,5.622161764705881,25.792663146128767,302.96000000000004,5.622161764705881,25.792663146128767,302.96000000000004,5.622161764705881,25.792663146128767,302.96000000000004,0.26584206249999975,0.03798451657825065,0.22848,0.26584206249999975,0.03798451657825065,0.22848,0.26584206249999975,0.03798451657825065,0.22848
2,Neck,44,3,No Fall,0.943669077310925,0.7301383555241547,4.388828,0.943669077310925,0.7301383555241547,4.388828,0.943669077310925,0.7301383555241547,4.388828,5.468794117647067,23.980368219545674,275.38000000000005,5.468794117647067,23.980368219545674,275.38000000000005,5.468794117647067,23.980368219545674,275.38000000000005,0.2137661749999998,0.040612173171974734,0.18591999999999997,0.2137661749999998,0.040612173171974734,0.18591999999999997,0.2137661749999998,0.040612173171974734,0.18591999999999997
2,Neck,102,1,Fall,0.6987253201680663,0.38484376087758104,7.732848,0.6987253201680663,0.38484376087758104,7.732848,0.6987253201680663,0.38484376087758104,7.732848,5.412382352941181,37.207222159023665,591.9200000000001,5.412382352941181,37.207222159023665,591.9200000000001,5.412382352941181,37.207222159023665,591.9200000000001,0.30354730000000024,0.11521191000864414,0.5154799999999999,0.30354730000000024,0.11521191000864414,0.5154799999999999,0.30354730000000024,0.11521191000864414,0.5154799999999999
2,Neck,102,2,Fall,0.7247926193277293,0.3066078966272095,2.5307679999999997,0.7247926193277293,0.3066078966272095,2.5307679999999997,0.7247926193277293,0.3066078966272095,2.5307679999999997,4.545029411764696,35.06297405900622,267.82000000000005,4.545029411764696,35.06297405900622,267.82000000000005,4.545029411764696,35.06297405900622,267.82000000000005,0.29512481249999967,0.13245238568873152,0.5518799999999999,0.29512481249999967,0.13245238568873152,0.5518799999999999,0.29512481249999967,0.13245238568873152,0.5518799999999999
2,Neck,103,1,Fall,0.603369966386556,0.3368377805572431,1.5128,0.603369966386556,0.3368377805572431,1.5128,0.603369966386556,0.3368377805572431,1.5128,9.314191176470677,21.22515358908968,373.80000000000007,9.314191176470677,21.22515358908968,373.80000000000007,9.314191176470677,21.22515358908968,373.80000000000007,0.34639990000000026,0.18522116564020336,0.57792,0.34639990000000026,0.18522116564020336,0.57792,0.34639990000000026,0.18522116564020336,0.57792
2,Neck,103,2,Fall,0.5507545445378126,0.36728542394709257,1.4783959999999998,0.5507545445378126,0.36728542394709257,1.4783959999999998,0.5507545445378126,0.36728542394709257,1.4783959999999998,8.695117647058673,22.012324306559826,222.95000000000005,8.695117647058673,22.012324306559826,222.95000000000005,8.695117647058673,22.012324306559826,222.95000000000005,0.4250302874999997,0.16193507495515103,0.63084,0.4250302874999997,0.16193507495515103,0.63084,0.4250302874999997,0.16193507495515103,0.63084
2,Neck,104,1,Fall,0.6519108445378149,0.33630993811076804,1.93858,0.6519108445378149,0.33630993811076804,1.93858,0.6519108445378149,0.33630993811076804,1.93858,6.835014705882326,38.20208321611056,354.34000000000003,6.835014705882326,38.20208321611056,354.34000000000003,6.835014705882326,38.20208321611056,354.34000000000003,0.36953568750000015,0.17525909699949385,0.6481999999999999,0.36953568750000015,0.17525909699949385,0.6481999999999999,0.36953568750000015,0.17525909699949385,0.6481999999999999
2,Neck,105,1,Fall,0.34418506722689257,0.5710691016149012,2.40828,0.34418506722689257,0.5710691016149012,2.40828,0.34418506722689257,0.5710691016149012,2.40828,10.366838235294418,34.866638867675405,412.93000000000006,10.366838235294418,34.866638867675405,412.93000000000006,10.366838235294418,34.866638867675405,412.93000000000006,0.2677467625,0.11264516327177072,0.6349,0.2677467625,0.11264516327177072,0.6349,0.2677467625,0.11264516327177072,0.6349
2,Neck,105,2,Fall,0.5988900546218495,0.3600575920284776,3.067324,0.5988900546218495,0.3600575920284776,3.067324,0.5988900546218495,0.3600575920284776,3.067324,9.643058823529412,41.28918483651446,537.3900000000001,9.643058823529412,41.28918483651446,537.3900000000001,9.643058823529412,41.28918483651446,537.3900000000001,0.14093135000000012,0.14559408213986189,0.67872,0.14093135000000012,0.14559408213986189,0.67872,0.14093135000000012,0.14559408213986189,0.67872
2,Neck,106,1,Fall,0.5981547226890765,0.4285933341389669,2.561512,0.5981547226890765,0.4285933341389669,2.561512,0.5981547226890765,0.4285933341389669,2.561512,7.161000000000028,38.25411481173526,409.50000000000006,7.161000000000028,38.25411481173526,409.50000000000006,7.161000000000028,38.25411481173526,409.50000000000006,0.3686094125000001,0.1505093141027314,0.6223,0.3686094125000001,0.1505093141027314,0.6223,0.3686094125000001,0.1505093141027314,0.6223
2,Neck,106,2,Fall,0.5285471613445369,0.46030600045262227,2.322636,0.5285471613445369,0.46030600045262227,2.322636,0.5285471613445369,0.46030600045262227,2.322636,10.165808823529398,38.161011534298616,448.00000000000006,10.165808823529398,38.161011534298616,448.00000000000006,10.165808823529398,38.161011534298616,448.00000000000006,0.2738456000000001,0.18174544734850992,0.7399,0.2738456000000001,0.18174544734850992,0.7399,0.2738456000000001,0.18174544734850992,0.7399
2,Neck,107,1,Fall,0.4016327142857165,0.5809177709680484,2.610556,0.4016327142857165,0.5809177709680484,2.610556,0.4016327142857165,0.5809177709680484,2.610556,1.5594264705882281,35.45628946766023,529.97,1.5594264705882281,35.45628946766023,529.97,1.5594264705882281,35.45628946766023,529.97,-0.015001787500000108,0.24707556956775034,0.7209999999999999,-0.015001787500000108,0.24707556956775034,0.7209999999999999,-0.015001787500000108,0.24707556956775034,0.7209999999999999
2,Neck,107,2,Fall,0.4104435235294128,0.5585337408910973,2.656428,0.4104435235294128,0.5585337408910973,2.656428,0.4104435235294128,0.5585337408910973,2.656428,2.7030294117646996,38.39665248626298,477.05000000000007,2.7030294117646996,38.39665248626298,477.05000000000007,2.7030294117646996,38.39665248626298,477.05000000000007,-0.009519562500000108,0.24383473852771478,0.7462,-0.009519562500000108,0.24383473852771478,0.7462,-0.009519562500000108,0.24383473852771478,0.7462
2,Neck,107,3,Fall,0.3397684109243708,0.6024422400992883,4.224128,0.3397684109243708,0.6024422400992883,4.224128,0.3397684109243708,0.6024422400992883,4.224128,1.688279411764701,32.4280740571784,737.6600000000001,1.688279411764701,32.4280740571784,737.6600000000001,1.688279411764701,32.4280740571784,737.6600000000001,-0.025475099999999893,0.23916588729272775,0.6433,-0.025475099999999893,0.23916588729272775,0.6433,-0.025475099999999893,0.23916588729272775,0.6433
2,Neck,108,1,Fall,0.6102269302520977,0.42186373173377906,2.4939240000000003,0.6102269302520977,0.42186373173377906,2.4939240000000003,0.6102269302520977,0.42186373173377906,2.4939240000000003,7.363147058823544,39.934292601003506,620.6200000000001,7.363147058823544,39.934292601003506,620.6200000000001,7.363147058823544,39.934292601003506,620.6200000000001,0.15184023749999995,0.2270917021115557,0.7951999999999999,0.15184023749999995,0.2270917021115557,0.7951999999999999,0.15184023749999995,0.2270917021115557,0.7951999999999999
2,Neck,108,2,Fall,0.5942049983193268,0.4478890690532836,2.2823759999999997,0.5942049983193268,0.4478890690532836,2.2823759999999997,0.5942049983193268,0.4478890690532836,2.2823759999999997,11.165499999999994,33.68294374345306,412.58000000000004,11.165499999999994,33.68294374345306,412.58000000000004,11.165499999999994,33.68294374345306,412.58000000000004,0.13195752499999983,0.22498287066448444,0.82236,0.13195752499999983,0.22498287066448444,0.82236,0.13195752499999983,0.22498287066448444,0.82236
2,Neck,108,3,Fall,0.5825217554621841,0.46383288774462195,3.673908,0.5825217554621841,0.46383288774462195,3.673908,0.5825217554621841,0.46383288774462195,3.673908,9.86194117647056,33.57120543421502,377.93,9.86194117647056,33.57120543421502,377.93,9.86194117647056,33.57120543421502,377.93,0.11066291249999997,0.2296471905594532,0.7979999999999999,0.11066291249999997,0.2296471905594532,0.7979999999999999,0.11066291249999997,0.2296471905594532,0.7979999999999999
2,Neck,108,4,Fall,0.6441200680672257,0.428451896005191,3.06708,0.6441200680672257,0.428451896005191,3.06708,0.6441200680672257,0.428451896005191,3.06708,5.649323529411768,45.826644958051645,582.0500000000001,5.649323529411768,45.826644958051645,582.0500000000001,5.649323529411768,45.826644958051645,582.0500000000001,0.11387582499999996,0.2172623720597174,0.7852599999999998,0.11387582499999996,0.2172623720597174,0.7852599999999998,0.11387582499999996,0.2172623720597174,0.7852599999999998
2,Neck,108,5,Fall,0.5727571420168056,0.5122601213115968,3.615104,0.5727571420168056,0.5122601213115968,3.615104,0.5727571420168056,0.5122601213115968,3.615104,8.500573529411763,46.82779907667752,706.72,8.500573529411763,46.82779907667752,706.72,8.500573529411763,46.82779907667752,706.72,0.14025549999999992,0.22493860220397002,0.8146599999999999,0.14025549999999992,0.22493860220397002,0.8146599999999999,0.14025549999999992,0.22493860220397002,0.8146599999999999
2,Neck,109,1,Fall,0.37731022016806576,0.5641265265659163,3.955972,0.37731022016806576,0.5641265265659163,3.955972,0.37731022016806576,0.5641265265659163,3.955972,4.207338235294138,22.25811075788997,418.32000000000005,4.207338235294138,22.25811075788997,418.32000000000005,4.207338235294138,22.25811075788997,418.32000000000005,0.03780078749999997,0.16283799868816043,0.49266,0.03780078749999997,0.16283799868816043,0.49266,0.03780078749999997,0.16283799868816043,0.49266
2,Neck,109,2,Fall,0.5488206907563046,0.41108331145835175,3.9496279999999997,0.5488206907563046,0.41108331145835175,3.9496279999999997,0.5488206907563046,0.41108331145835175,3.9496279999999997,5.181573529411753,44.83468121082052,749.8400000000001,5.181573529411753,44.83468121082052,749.8400000000001,5.181573529411753,44.83468121082052,749.8400000000001,0.22834306250000022,0.08822421752398636,0.59808,0.22834306250000022,0.08822421752398636,0.59808,0.22834306250000022,0.08822421752398636,0.59808
2,Neck,110,1,Fall,0.6003550285714268,0.4872851659357408,4.538888,0.6003550285714268,0.4872851659357408,4.538888,0.6003550285714268,0.4872851659357408,4.538888,12.57569117647059,33.27598595653787,532.2800000000001,12.57569117647059,33.27598595653787,532.2800000000001,12.57569117647059,33.27598595653787,532.2800000000001,0.14820260000000018,0.1611481563047349,0.6144599999999999,0.14820260000000018,0.1611481563047349,0.6144599999999999,0.14820260000000018,0.1611481563047349,0.6144599999999999
2,Neck,110,2,Fall,0.6134301991596656,0.3594998176256094,2.856508,0.6134301991596656,0.3594998176256094,2.856508,0.6134301991596656,0.3594998176256094,2.856508,3.6478529411764713,55.97498226454456,993.8600000000001,3.6478529411764713,55.97498226454456,993.8600000000001,3.6478529411764713,55.97498226454456,993.8600000000001,0.19525248750000013,0.08997258839211016,0.60564,0.19525248750000013,0.08997258839211016,0.60564,0.19525248750000013,0.08997258839211016,0.60564
2,Neck,112,1,Fall,0.2970940924369748,0.6413840767965123,2.917752,0.2970940924369748,0.6413840767965123,2.917752,0.2970940924369748,0.6413840767965123,2.917752,5.009558823529395,23.727572479076606,359.38000000000005,5.009558823529395,23.727572479076606,359.38000000000005,5.009558823529395,23.727572479076606,359.38000000000005,0.011360212499999762,0.24319697878933938,0.6896399999999999,0.011360212499999762,0.24319697878933938,0.6896399999999999,0.011360212499999762,0.24319697878933938,0.6896399999999999
2,Neck,113,1,Fall,0.5051752932773167,0.40691051427007796,2.249924,0.5051752932773167,0.40691051427007796,2.249924,0.5051752932773167,0.40691051427007796,2.249924,6.815705882352904,34.06489790171141,690.97,6.815705882352904,34.06489790171141,690.97,6.815705882352904,34.06489790171141,690.97,0.24029634999999935,0.0699930221353869,0.46297999999999995,0.24029634999999935,0.0699930221353869,0.46297999999999995,0.24029634999999935,0.0699930221353869,0.46297999999999995
2,Neck,113,2,Fall,0.5308779252100814,0.41095304483248346,2.6086039999999997,0.5308779252100814,0.41095304483248346,2.6086039999999997,0.5308779252100814,0.41095304483248346,2.6086039999999997,6.5315147058823415,39.32893810021508,824.4600000000002,6.5315147058823415,39.32893810021508,824.4600000000002,6.5315147058823415,39.32893810021508,824.4600000000002,0.19884514999999975,0.0779652982698808,0.6686399999999999,0.19884514999999975,0.0779652982698808,0.6686399999999999,0.19884514999999975,0.0779652982698808,0.6686399999999999
2,Neck,114,1,Fall,0.31306173949579685,0.5947114582823964,4.026732,0.31306173949579685,0.5947114582823964,4.026732,0.31306173949579685,0.5947114582823964,4.026732,4.101955882352948,29.781099347654628,548.87,4.101955882352948,29.781099347654628,548.87,4.101955882352948,29.781099347654628,548.87,0.06705343750000008,0.18266377265438746,0.6068999999999999,0.06705343750000008,0.18266377265438746,0.6068999999999999,0.06705343750000008,0.18266377265438746,0.6068999999999999
2,Neck,114,2,Fall,0.3185141142857136,0.5285742126003746,3.40868,0.3185141142857136,0.5285742126003746,3.40868,0.3185141142857136,0.5285742126003746,3.40868,9.938529411764554,30.699675388941003,658.9100000000001,9.938529411764554,30.699675388941003,658.9100000000001,9.938529411764554,30.699675388941003,658.9100000000001,0.2009324625000001,0.14280837320373338,0.63994,0.2009324625000001,0.14280837320373338,0.63994,0.2009324625000001,0.14280837320373338,0.63994
2,Neck,116,1,Fall,0.5125374294117627,0.41918331768013706,2.634468,0.5125374294117627,0.41918331768013706,2.634468,0.5125374294117627,0.41918331768013706,2.634468,7.095867647058821,34.80788885078356,510.09000000000003,7.095867647058821,34.80788885078356,510.09000000000003,7.095867647058821,34.80788885078356,510.09000000000003,0.1883945874999999,0.23749911852576971,0.74452,0.1883945874999999,0.23749911852576971,0.74452,0.1883945874999999,0.23749911852576971,0.74452
2,Neck,117,1,Fall,0.32381424537815134,0.5464918224262969,2.034472,0.32381424537815134,0.5464918224262969,2.034472,0.32381424537815134,0.5464918224262969,2.034472,2.7311470588235256,32.31499470619385,617.1200000000001,2.7311470588235256,32.31499470619385,617.1200000000001,2.7311470588235256,32.31499470619385,617.1200000000001,0.0035766500000000002,0.27325160142408644,0.80934,0.0035766500000000002,0.27325160142408644,0.80934,0.0035766500000000002,0.27325160142408644,0.80934
2,Neck,118,1,Fall,0.7025395117647032,0.38717354083402583,3.2849720000000002,0.7025395117647032,0.38717354083402583,3.2849720000000002,0.7025395117647032,0.38717354083402583,3.2849720000000002,9.32529411764705,42.977456503517175,577.8500000000001,9.32529411764705,42.977456503517175,577.8500000000001,9.32529411764705,42.977456503517175,577.8500000000001,0.19746011249999992,0.20715143367965,0.8091999999999999,0.19746011249999992,0.20715143367965,0.8091999999999999,0.19746011249999992,0.20715143367965,0.8091999999999999
2,Neck,119,1,Fall,0.41032054957983305,0.475185204970466,3.678788,0.41032054957983305,0.475185204970466,3.678788,0.41032054957983305,0.475185204970466,3.678788,4.50713235294116,25.554612254375005,527.94,4.50713235294116,25.554612254375005,527.94,4.50713235294116,25.554612254375005,527.94,0.12519683749999985,0.18149525794399898,0.5914999999999999,0.12519683749999985,0.18149525794399898,0.5914999999999999,0.12519683749999985,0.18149525794399898,0.5914999999999999
2,Neck,119,2,Fall,0.409520629411763,0.4617493331797495,4.588908,0.409520629411763,0.4617493331797495,4.588908,0.409520629411763,0.4617493331797495,4.588908,4.975485294117646,36.49593682254739,712.74,4.975485294117646,36.49593682254739,712.74,4.975485294117646,36.49593682254739,712.74,0.2742985000000005,0.10503692274725415,0.53242,0.2742985000000005,0.10503692274725415,0.53242,0.2742985000000005,0.10503692274725415,0.53242
2,Neck,120,1,Fall,0.5711190613445392,0.432390206780972,3.774924,0.5711190613445392,0.432390206780972,3.774924,0.5711190613445392,0.432390206780972,3.774924,11.705323529411757,38.06315144245132,553.6300000000001,11.705323529411757,38.06315144245132,553.6300000000001,11.705323529411757,38.06315144245132,553.6300000000001,0.26088912499999983,0.20895982983767014,0.7587999999999999,0.26088912499999983,0.20895982983767014,0.7587999999999999,0.26088912499999983,0.20895982983767014,0.7587999999999999
2,Neck,120,2,Fall,0.6544032327731091,0.36967263637979464,4.692852,0.6544032327731091,0.36967263637979464,4.692852,0.6544032327731091,0.36967263637979464,4.692852,9.187926470588247,38.33326175152158,621.95,9.187926470588247,38.33326175152158,621.95,9.187926470588247,38.33326175152158,621.95,0.22017126250000035,0.17289389148253917,0.72814,0.22017126250000035,0.17289389148253917,0.72814,0.22017126250000035,0.17289389148253917,0.72814
2,Neck,122,1,Fall,0.6589299453781524,0.4623123133900923,3.146624,0.6589299453781524,0.4623123133900923,3.146624,0.6589299453781524,0.4623123133900923,3.146624,10.882867647058811,43.98093805597348,632.0300000000001,10.882867647058811,43.98093805597348,632.0300000000001,10.882867647058811,43.98093805597348,632.0300000000001,0.2662506,0.1820362686048296,0.7844199999999999,0.2662506,0.1820362686048296,0.7844199999999999,0.2662506,0.1820362686048296,0.7844199999999999
2,Neck,123,1,Fall,0.5882286386554597,0.3986565570862209,3.522628,0.5882286386554597,0.3986565570862209,3.522628,0.5882286386554597,0.3986565570862209,3.522628,4.842455882352964,42.00997895389215,844.06,4.842455882352964,42.00997895389215,844.06,4.842455882352964,42.00997895389215,844.06,0.4297644749999995,0.08348571476504532,0.4085199999999999,0.4297644749999995,0.08348571476504532,0.4085199999999999,0.4297644749999995,0.08348571476504532,0.4085199999999999
2,Neck,123,2,Fall,0.6504522781512612,0.4166471385068795,4.568656,0.6504522781512612,0.4166471385068795,4.568656,0.6504522781512612,0.4166471385068795,4.568656,7.8732352941178885,40.306593261970264,533.0500000000001,7.8732352941178885,40.306593261970264,533.0500000000001,7.8732352941178885,40.306593261970264,533.0500000000001,0.45571058749999993,0.13157763829377198,0.36428,0.45571058749999993,0.13157763829377198,0.36428,0.45571058749999993,0.13157763829377198,0.36428
2,Neck,124,1,Fall,0.7134564613445374,0.43622189437611986,5.64982,0.7134564613445374,0.43622189437611986,5.64982,0.7134564613445374,0.43622189437611986,5.64982,7.927176470588218,50.25237160401976,673.33,7.927176470588218,50.25237160401976,673.33,7.927176470588218,50.25237160401976,673.33,0.360672812500001,0.17603702120892756,0.65338,0.360672812500001,0.17603702120892756,0.65338,0.360672812500001,0.17603702120892756,0.65338
2,Neck,124,2,Fall,0.6664351495798335,0.4628832177004168,4.976136,0.6664351495798335,0.4628832177004168,4.976136,0.6664351495798335,0.4628832177004168,4.976136,4.537073529411761,54.377295545488415,741.8600000000001,4.537073529411761,54.377295545488415,741.8600000000001,4.537073529411761,54.377295545488415,741.8600000000001,0.3888030125000002,0.14272058886765107,0.6670999999999999,0.3888030125000002,0.14272058886765107,0.6670999999999999,0.3888030125000002,0.14272058886765107,0.6670999999999999
2,Neck,125,1,Fall,0.3293537117647056,0.6389615803994104,2.786724,0.3293537117647056,0.6389615803994104,2.786724,0.3293537117647056,0.6389615803994104,2.786724,10.982529411764904,37.031947049527,514.08,10.982529411764904,37.031947049527,514.08,10.982529411764904,37.031947049527,514.08,0.2638602749999997,0.09650874080922525,0.5704999999999999,0.2638602749999997,0.09650874080922525,0.5704999999999999,0.2638602749999997,0.09650874080922525,0.5704999999999999
2,Neck,125,2,Fall,0.5648317042016784,0.4471695002232369,3.1522360000000003,0.5648317042016784,0.4471695002232369,3.1522360000000003,0.5648317042016784,0.4471695002232369,3.1522360000000003,9.2254117647059,42.745949632200876,583.52,9.2254117647059,42.745949632200876,583.52,9.2254117647059,42.745949632200876,583.52,0.21490052500000023,0.13569661312642683,0.58772,0.21490052500000023,0.13569661312642683,0.58772,0.21490052500000023,0.13569661312642683,0.58772
2,Neck,126,1,Fall,0.7043966285714319,0.4225926584695332,4.440799999999999,0.7043966285714319,0.4225926584695332,4.440799999999999,0.7043966285714319,0.4225926584695332,4.440799999999999,6.487705882352944,47.59680405666463,570.57,6.487705882352944,47.59680405666463,570.57,6.487705882352944,47.59680405666463,570.57,0.2552109874999994,0.13178060579829334,0.71176,0.2552109874999994,0.13178060579829334,0.71176,0.2552109874999994,0.13178060579829334,0.71176
2,Neck,126,2,Fall,0.6055457697479008,0.46596925536153005,4.076752,0.6055457697479008,0.46596925536153005,4.076752,0.6055457697479008,0.46596925536153005,4.076752,8.685985294117696,60.44900871745615,754.95,8.685985294117696,60.44900871745615,754.95,8.685985294117696,60.44900871745615,754.95,0.34365143749999943,0.16992471533589448,0.66304,0.34365143749999943,0.16992471533589448,0.66304,0.34365143749999943,0.16992471533589448,0.66304
2,Neck,127,1,Fall,-0.1788621495798324,0.58004755939697,3.5943639999999997,-0.1788621495798324,0.58004755939697,3.5943639999999997,-0.1788621495798324,0.58004755939697,3.5943639999999997,5.4838823529411735,47.4868433768413,658.4200000000001,5.4838823529411735,47.4868433768413,658.4200000000001,5.4838823529411735,47.4868433768413,658.4200000000001,-0.08454635000000006,0.14975174527174973,0.6437199999999998,-0.08454635000000006,0.14975174527174973,0.6437199999999998,-0.08454635000000006,0.14975174527174973,0.6437199999999998
2,Neck,127,2,Fall,-0.13802234201680694,0.34065028667727865,2.54858,-0.13802234201680694,0.34065028667727865,2.54858,-0.13802234201680694,0.34065028667727865,2.54858,0.11285294117646559,45.01677622113981,689.9200000000001,0.11285294117646559,45.01677622113981,689.9200000000001,0.11285294117646559,45.01677622113981,689.9200000000001,0.11409921250000003,0.26458175780698157,0.8290799999999998,0.11409921250000003,0.26458175780698157,0.8290799999999998,0.11409921250000003,0.26458175780698157,0.8290799999999998
2,Neck,127,3,Fall,-0.12256806890756308,0.13633840865944352,2.480016,-0.12256806890756308,0.13633840865944352,2.480016,-0.12256806890756308,0.13633840865944352,2.480016,5.2280735294117955,26.197371313933214,569.1,5.2280735294117955,26.197371313933214,569.1,5.2280735294117955,26.197371313933214,569.1,0.03406103750000001,0.20121645396317503,0.8208199999999999,0.03406103750000001,0.20121645396317503,0.8208199999999999,0.03406103750000001,0.20121645396317503,0.8208199999999999
2,Neck,127,4,Fall,0.05563861260504157,0.31082637826941795,3.74662,0.05563861260504157,0.31082637826941795,3.74662,0.05563861260504157,0.31082637826941795,3.74662,5.402397058823508,26.406214698247922,474.88000000000005,5.402397058823508,26.406214698247922,474.88000000000005,5.402397058823508,26.406214698247922,474.88000000000005,0.15353196250000023,0.2969153672803545,0.8182999999999999,0.15353196250000023,0.2969153672803545,0.8182999999999999,0.15353196250000023,0.2969153672803545,0.8182999999999999
2,Neck,128,2,Fall,0.19940433529411764,0.4681551043626757,3.488468,0.19940433529411764,0.4681551043626757,3.488468,0.19940433529411764,0.4681551043626757,3.488468,-0.03352941176470935,39.045798250009376,682.9200000000001,-0.03352941176470935,39.045798250009376,682.9200000000001,-0.03352941176470935,39.045798250009376,682.9200000000001,0.0593852874999999,0.2515878910999792,0.7215599999999999,0.0593852874999999,0.2515878910999792,0.7215599999999999,0.0593852874999999,0.2515878910999792,0.7215599999999999
2,Neck,129,1,Fall,0.3343558655462159,0.5423194716594306,3.064152,0.3343558655462159,0.5423194716594306,3.064152,0.3343558655462159,0.5423194716594306,3.064152,9.248161764705474,46.48255054436454,884.8000000000001,9.248161764705474,46.48255054436454,884.8000000000001,9.248161764705474,46.48255054436454,884.8000000000001,0.38190057499999924,0.10894188486111568,0.42615999999999987,0.38190057499999924,0.10894188486111568,0.42615999999999987,0.38190057499999924,0.10894188486111568,0.42615999999999987
2,Neck,130,1,Fall,0.26369372184873835,0.586549592972447,3.887164,0.26369372184873835,0.586549592972447,3.887164,0.26369372184873835,0.586549592972447,3.887164,0.6927205882352948,49.979417771847835,1019.97,0.6927205882352948,49.979417771847835,1019.97,0.6927205882352948,49.979417771847835,1019.97,0.047926550000000165,0.2340913059925781,0.73164,0.047926550000000165,0.2340913059925781,0.73164,0.047926550000000165,0.2340913059925781,0.73164
2,Neck,131,1,Fall,0.22938050420168044,0.5689702897428967,3.072204,0.22938050420168044,0.5689702897428967,3.072204,0.22938050420168044,0.5689702897428967,3.072204,8.533338235294133,47.844414070776324,820.96,8.533338235294133,47.844414070776324,820.96,8.533338235294133,47.844414070776324,820.96,-0.0036183874999999423,0.20053816387568607,0.7349999999999999,-0.0036183874999999423,0.20053816387568607,0.7349999999999999,-0.0036183874999999423,0.20053816387568607,0.7349999999999999
2,Neck,131,2,Fall,0.17271847563025033,0.6189842250414122,4.529128,0.17271847563025033,0.6189842250414122,4.529128,0.17271847563025033,0.6189842250414122,4.529128,5.714617647058807,32.42158982342985,494.20000000000005,5.714617647058807,32.42158982342985,494.20000000000005,5.714617647058807,32.42158982342985,494.20000000000005,0.32740802499999994,0.12320668718236584,0.4194399999999999,0.32740802499999994,0.12320668718236584,0.4194399999999999,0.32740802499999994,0.12320668718236584,0.4194399999999999
2,Neck,132,1,Fall,0.6941997352941182,0.2473325144038695,2.405596,0.6941997352941182,0.2473325144038695,2.405596,0.6941997352941182,0.2473325144038695,2.405596,9.084764705882252,29.622525075247612,451.08000000000004,9.084764705882252,29.622525075247612,451.08000000000004,9.084764705882252,29.622525075247612,451.08000000000004,0.414715000000001,0.16935165059270624,0.42125999999999997,0.414715000000001,0.16935165059270624,0.42125999999999997,0.414715000000001,0.16935165059270624,0.42125999999999997
2,Neck,133,1,Fall,0.31757061344538073,0.6093097599703244,4.610868,0.31757061344538073,0.6093097599703244,4.610868,0.31757061344538073,0.6093097599703244,4.610868,2.1416323529411736,45.55422896176618,650.8600000000001,2.1416323529411736,45.55422896176618,650.8600000000001,2.1416323529411736,45.55422896176618,650.8600000000001,0.04315849999999986,0.1571723607528223,0.6148799999999999,0.04315849999999986,0.1571723607528223,0.6148799999999999,0.04315849999999986,0.1571723607528223,0.6148799999999999
2,Neck,134,1,Fall,0.5061967613445395,0.39575027108730276,2.011536,0.5061967613445395,0.39575027108730276,2.011536,0.5061967613445395,0.39575027108730276,2.011536,7.219544117647031,30.03899282179735,480.97,7.219544117647031,30.03899282179735,480.97,7.219544117647031,30.03899282179735,480.97,-0.10927770000000005,0.09857792614176614,0.60816,-0.10927770000000005,0.09857792614176614,0.60816,-0.10927770000000005,0.09857792614176614,0.60816
2,Neck,134,2,Fall,0.5499282764705832,0.34575922348551963,3.336944,0.5499282764705832,0.34575922348551963,3.336944,0.5499282764705832,0.34575922348551963,3.336944,6.698823529411801,28.73393170061078,548.1,6.698823529411801,28.73393170061078,548.1,6.698823529411801,28.73393170061078,548.1,0.1934827999999998,0.10722846852374926,0.5164599999999999,0.1934827999999998,0.10722846852374926,0.5164599999999999,0.1934827999999998,0.10722846852374926,0.5164599999999999
2,Neck,135,1,Fall,0.8999393050420192,0.12848223921446902,2.060092,0.8999393050420192,0.12848223921446902,2.060092,0.8999393050420192,0.12848223921446902,2.060092,5.601514705882362,21.305591644897802,279.65000000000003,5.601514705882362,21.305591644897802,279.65000000000003,5.601514705882362,21.305591644897802,279.65000000000003,0.09591671250000006,0.09235043539023154,0.35531999999999997,0.09591671250000006,0.09235043539023154,0.35531999999999997,0.09591671250000006,0.09235043539023154,0.35531999999999997
3,Neck,13,1,No Fall,0.960677005042018,0.05877198747921667,0.635376,0.960677005042018,0.05877198747921667,0.635376,0.960677005042018,0.05877198747921667,0.635376,6.365588235294106,10.269567567288812,74.83000000000001,6.365588235294106,10.269567567288812,74.83000000000001,6.365588235294106,10.269567567288812,74.83000000000001,0.13942547499999985,0.1198545309923617,0.43511999999999995,0.13942547499999985,0.1198545309923617,0.43511999999999995,0.13942547499999985,0.1198545309923617,0.43511999999999995
3,Neck,13,2,No Fall,0.9642125957983246,0.04206188899916659,0.7503,0.9642125957983246,0.04206188899916659,0.7503,0.9642125957983246,0.04206188899916659,0.7503,5.853147058823512,11.03895021192096,167.09000000000003,5.853147058823512,11.03895021192096,167.09000000000003,5.853147058823512,11.03895021192096,167.09000000000003,0.054469449999999905,0.0328330948780653,0.21475999999999998,0.054469449999999905,0.0328330948780653,0.21475999999999998,0.054469449999999905,0.0328330948780653,0.21475999999999998
3,Neck,13,3,No Fall,0.9576719605042032,0.043869957520991223,0.5072760000000001,0.9576719605042032,0.043869957520991223,0.5072760000000001,0.9576719605042032,0.043869957520991223,0.5072760000000001,6.639588235294104,7.959658188464421,81.55000000000001,6.639588235294104,7.959658188464421,81.55000000000001,6.639588235294104,7.959658188464421,81.55000000000001,0.24682035000000024,0.13127979885484897,0.44842,0.24682035000000024,0.13127979885484897,0.44842,0.24682035000000024,0.13127979885484897,0.44842
3,Neck,13,4,No Fall,0.9648264403361386,0.02693526230571033,0.43334400000000006,0.9648264403361386,0.02693526230571033,0.43334400000000006,0.9648264403361386,0.02693526230571033,0.43334400000000006,6.622897058823505,7.450459115211268,98.28,6.622897058823505,7.450459115211268,98.28,6.622897058823505,7.450459115211268,98.28,0.2930539499999999,0.03287162691147764,0.17919999999999997,0.2930539499999999,0.03287162691147764,0.17919999999999997,0.2930539499999999,0.03287162691147764,0.17919999999999997
3,Neck,13,5,No Fall,0.9644213798319317,0.07017391953571589,0.629764,0.9644213798319317,0.07017391953571589,0.629764,0.9644213798319317,0.07017391953571589,0.629764,7.82107352941176,15.16178618813917,125.65000000000002,7.82107352941176,15.16178618813917,125.65000000000002,7.82107352941176,15.16178618813917,125.65000000000002,0.11362548749999977,0.1346864317700626,0.44589999999999996,0.11362548749999977,0.1346864317700626,0.44589999999999996,0.11362548749999977,0.1346864317700626,0.44589999999999996
3,Neck,13,6,No Fall,0.9545526050420164,0.053595336748941874,0.37917599999999996,0.9545526050420164,0.053595336748941874,0.37917599999999996,0.9545526050420164,0.053595336748941874,0.37917599999999996,7.001044117647056,12.895332968900252,117.46000000000001,7.001044117647056,12.895332968900252,117.46000000000001,7.001044117647056,12.895332968900252,117.46000000000001,0.04765363750000001,0.054315552821613995,0.26796,0.04765363750000001,0.054315552821613995,0.26796,0.04765363750000001,0.054315552821613995,0.26796
3,Neck,13,7,No Fall,0.9574342655462197,0.05161517789148059,0.472384,0.9574342655462197,0.05161517789148059,0.472384,0.9574342655462197,0.05161517789148059,0.472384,7.650882352941168,9.865063821239342,112.28000000000002,7.650882352941168,9.865063821239342,112.28000000000002,7.650882352941168,9.865063821239342,112.28000000000002,0.24683758749999948,0.11533642942019456,0.42251999999999995,0.24683758749999948,0.11533642942019456,0.42251999999999995,0.24683758749999948,0.11533642942019456,0.42251999999999995
3,Neck,13,8,No Fall,0.9583678731092432,0.027010927901909374,0.434808,0.9583678731092432,0.027010927901909374,0.434808,0.9583678731092432,0.027010927901909374,0.434808,6.409382352941162,7.4730276722119005,108.71000000000001,6.409382352941162,7.4730276722119005,108.71000000000001,6.409382352941162,7.4730276722119005,108.71000000000001,0.2868040875000002,0.03268839923727189,0.18381999999999998,0.2868040875000002,0.03268839923727189,0.18381999999999998,0.2868040875000002,0.03268839923727189,0.18381999999999998
3,Neck,13,9,No Fall,0.9560603815126101,0.06683487066360631,0.630252,0.9560603815126101,0.06683487066360631,0.630252,0.9560603815126101,0.06683487066360631,0.630252,8.362088235294115,16.17940969166612,126.63000000000001,8.362088235294115,16.17940969166612,126.63000000000001,8.362088235294115,16.17940969166612,126.63000000000001,0.13027682499999998,0.1440036087933574,0.42195999999999995,0.13027682499999998,0.1440036087933574,0.42195999999999995,0.13027682499999998,0.1440036087933574,0.42195999999999995
3,Neck,13,10,No Fall,0.9625778983193264,0.0367750196418905,0.3164680000000001,0.9625778983193264,0.0367750196418905,0.3164680000000001,0.9625778983193264,0.0367750196418905,0.3164680000000001,5.65789705882355,12.112371895780825,137.13,5.65789705882355,12.112371895780825,137.13,5.65789705882355,12.112371895780825,137.13,0.04228070000000004,0.041152693291122464,0.266,0.04228070000000004,0.041152693291122464,0.266,0.04228070000000004,0.041152693291122464,0.266
3,Neck,13,11,No Fall,0.9539930966386537,0.058640347970921915,0.5590040000000001,0.9539930966386537,0.058640347970921915,0.5590040000000001,0.9539930966386537,0.058640347970921915,0.5590040000000001,6.626294117647063,9.643780617980742,99.75000000000001,6.626294117647063,9.643780617980742,99.75000000000001,6.626294117647063,9.643780617980742,99.75000000000001,0.25160248749999975,0.11733914668239466,0.42069999999999996,0.25160248749999975,0.11733914668239466,0.42069999999999996,0.25160248749999975,0.11733914668239466,0.42069999999999996
3,Neck,13,12,No Fall,0.9522439857142896,0.02030446245182732,0.20618000000000003,0.9522439857142896,0.02030446245182732,0.20618000000000003,0.9522439857142896,0.02030446245182732,0.20618000000000003,6.415852941176465,6.481855350016452,65.10000000000001,6.415852941176465,6.481855350016452,65.10000000000001,6.415852941176465,6.481855350016452,65.10000000000001,0.29324172500000023,0.033070185685336935,0.18703999999999998,0.29324172500000023,0.033070185685336935,0.18703999999999998,0.29324172500000023,0.033070185685336935,0.18703999999999998
3,Neck,14,1,No Fall,0.9508893756302538,0.05619269553988964,0.4865360000000001,0.9508893756302538,0.05619269553988964,0.4865360000000001,0.9508893756302538,0.05619269553988964,0.4865360000000001,5.409235294117649,11.839107770092424,111.44000000000001,5.409235294117649,11.839107770092424,111.44000000000001,5.409235294117649,11.839107770092424,111.44000000000001,0.12572979999999992,0.11945618454678908,0.45009999999999994,0.12572979999999992,0.11945618454678908,0.45009999999999994,0.12572979999999992,0.11945618454678908,0.45009999999999994
3,Neck,14,2,No Fall,0.9554706294117626,0.04971483297849767,0.3979640000000001,0.9554706294117626,0.04971483297849767,0.3979640000000001,0.9554706294117626,0.04971483297849767,0.3979640000000001,5.110632352941179,14.172981598654575,135.8,5.110632352941179,14.172981598654575,135.8,5.110632352941179,14.172981598654575,135.8,0.0675738875,0.05346844833864344,0.3101,0.0675738875,0.05346844833864344,0.3101,0.0675738875,0.05346844833864344,0.3101
3,Neck,14,3,No Fall,0.9605203016806702,0.0590556024524854,0.53802,0.9605203016806702,0.0590556024524854,0.53802,0.9605203016806702,0.0590556024524854,0.53802,5.523397058823533,9.550818013431643,84.56,5.523397058823533,9.550818013431643,84.56,5.523397058823533,9.550818013431643,84.56,0.24461237499999997,0.13396200686542256,0.43889999999999996,0.24461237499999997,0.13396200686542256,0.43889999999999996,0.24461237499999997,0.13396200686542256,0.43889999999999996
3,Neck,14,4,No Fall,0.9687032210084005,0.014235170386646484,0.256444,0.9687032210084005,0.014235170386646484,0.256444,0.9687032210084005,0.014235170386646484,0.256444,5.035691176470609,2.7501785430217955,36.120000000000005,5.035691176470609,2.7501785430217955,36.120000000000005,5.035691176470609,2.7501785430217955,36.120000000000005,0.28437176250000024,0.02236962326284621,0.15344,0.28437176250000024,0.02236962326284621,0.15344,0.28437176250000024,0.02236962326284621,0.15344
3,Neck,14,5,No Fall,0.9619200722689104,0.07823234022646489,0.7239479999999999,0.9619200722689104,0.07823234022646489,0.7239479999999999,0.9619200722689104,0.07823234022646489,0.7239479999999999,4.251117647058831,17.690978718585868,168.63000000000002,4.251117647058831,17.690978718585868,168.63000000000002,4.251117647058831,17.690978718585868,168.63000000000002,0.09541035000000003,0.13726572338037268,0.5094599999999999,0.09541035000000003,0.13726572338037268,0.5094599999999999,0.09541035000000003,0.13726572338037268,0.5094599999999999
3,Neck,14,6,No Fall,0.9636468848739485,0.030797451163030908,0.37746800000000014,0.9636468848739485,0.030797451163030908,0.37746800000000014,0.9636468848739485,0.030797451163030908,0.37746800000000014,5.3437058823529275,11.279551261494937,119.49000000000001,5.3437058823529275,11.279551261494937,119.49000000000001,5.3437058823529275,11.279551261494937,119.49000000000001,0.023021249999999934,0.035299619961387446,0.22091999999999998,0.023021249999999934,0.035299619961387446,0.22091999999999998,0.023021249999999934,0.035299619961387446,0.22091999999999998
3,Neck,14,7,No Fall,0.9593385932773081,0.05525229665821375,0.5233800000000001,0.9593385932773081,0.05525229665821375,0.5233800000000001,0.9593385932773081,0.05525229665821375,0.5233800000000001,5.21701470588238,9.675150514718023,109.06000000000002,5.21701470588238,9.675150514718023,109.06000000000002,5.21701470588238,9.675150514718023,109.06000000000002,0.24676513749999995,0.13669973278300657,0.43526,0.24676513749999995,0.13669973278300657,0.43526,0.24676513749999995,0.13669973278300657,0.43526
3,Neck,14,8,No Fall,0.9579491773109229,0.016343361915244433,0.2562,0.9579491773109229,0.016343361915244433,0.2562,0.9579491773109229,0.016343361915244433,0.2562,5.006808823529419,3.875411310208048,74.13000000000001,5.006808823529419,3.875411310208048,74.13000000000001,5.006808823529419,3.875411310208048,74.13000000000001,0.28183592499999927,0.021074626671075396,0.13677999999999998,0.28183592499999927,0.021074626671075396,0.13677999999999998,0.28183592499999927,0.021074626671075396,0.13677999999999998
3,Neck,14,9,No Fall,0.9552712773109254,0.07127478822917731,0.5263079999999999,0.9552712773109254,0.07127478822917731,0.5263079999999999,0.9552712773109254,0.07127478822917731,0.5263079999999999,5.079220588235281,17.26187362690493,151.69,5.079220588235281,17.26187362690493,151.69,5.079220588235281,17.26187362690493,151.69,0.10440823750000007,0.13962560924528408,0.43595999999999996,0.10440823750000007,0.13962560924528408,0.43595999999999996,0.10440823750000007,0.13962560924528408,0.43595999999999996
3,Neck,14,10,No Fall,0.9600165647058838,0.06572933606662411,0.569984,0.9600165647058838,0.06572933606662411,0.569984,0.9600165647058838,0.06572933606662411,0.569984,6.235838235294127,13.82553458219964,141.47000000000003,6.235838235294127,13.82553458219964,141.47000000000003,6.235838235294127,13.82553458219964,141.47000000000003,0.09870218749999998,0.13387894357468147,0.42979999999999996,0.09870218749999998,0.13387894357468147,0.42979999999999996,0.09870218749999998,0.13387894357468147,0.42979999999999996
3,Neck,14,11,No Fall,0.9531762092436978,0.060294683110234816,0.631228,0.9531762092436978,0.060294683110234816,0.631228,0.9531762092436978,0.060294683110234816,0.631228,5.291764705882346,8.891487713923722,70.84,5.291764705882346,8.891487713923722,70.84,5.291764705882346,8.891487713923722,70.84,0.2416197,0.11925647692459,0.42405999999999994,0.2416197,0.11925647692459,0.42405999999999994,0.2416197,0.11925647692459,0.42405999999999994
3,Neck,14,12,No Fall,0.951238357142861,0.01631578730490935,0.20544799999999996,0.951238357142861,0.01631578730490935,0.20544799999999996,0.951238357142861,0.01631578730490935,0.20544799999999996,4.795397058823514,4.753167954093664,52.64,4.795397058823514,4.753167954093664,52.64,4.795397058823514,4.753167954093664,52.64,0.2909095874999999,0.028801105884018307,0.16477999999999998,0.2909095874999999,0.028801105884018307,0.16477999999999998,0.2909095874999999,0.028801105884018307,0.16477999999999998
3,Neck,15,1,No Fall,0.9554299285714295,0.10574402261108772,1.9617600000000002,0.9554299285714295,0.10574402261108772,1.9617600000000002,0.9554299285714295,0.10574402261108772,1.9617600000000002,5.485029411764692,20.691068257863854,407.5400000000001,5.485029411764692,20.691068257863854,407.5400000000001,5.485029411764692,20.691068257863854,407.5400000000001,0.07869242499999994,0.04000406001433343,0.22778,0.07869242499999994,0.04000406001433343,0.22778,0.07869242499999994,0.04000406001433343,0.22778
3,Neck,15,2,No Fall,0.9561352218487402,0.11113535064506606,1.8260960000000002,0.9561352218487402,0.11113535064506606,1.8260960000000002,0.9561352218487402,0.11113535064506606,1.8260960000000002,5.296661764705884,26.532565114755048,599.4100000000001,5.296661764705884,26.532565114755048,599.4100000000001,5.296661764705884,26.532565114755048,599.4100000000001,0.04361595000000005,0.05602786382730163,0.26726,0.04361595000000005,0.05602786382730163,0.26726,0.04361595000000005,0.05602786382730163,0.26726
3,Neck,15,3,No Fall,0.9539137966386569,0.10529952956905486,1.8709920000000002,0.9539137966386569,0.10529952956905486,1.8709920000000002,0.9539137966386569,0.10529952956905486,1.8709920000000002,5.2801323529411714,17.423935835249335,368.27,5.2801323529411714,17.423935835249335,368.27,5.2801323529411714,17.423935835249335,368.27,0.04816551250000009,0.05285990803563497,0.27159999999999995,0.04816551250000009,0.05285990803563497,0.27159999999999995,0.04816551250000009,0.05285990803563497,0.27159999999999995
3,Neck,16,1,No Fall,0.489320060504202,0.4380528263561883,1.292224,0.489320060504202,0.4380528263561883,1.292224,0.489320060504202,0.4380528263561883,1.292224,4.787073529411765,17.09971199991352,153.79000000000002,4.787073529411765,17.09971199991352,153.79000000000002,4.787073529411765,17.09971199991352,153.79000000000002,0.02766566249999989,0.2248236883336774,0.60312,0.02766566249999989,0.2248236883336774,0.60312,0.02766566249999989,0.2248236883336774,0.60312
3,Neck,16,2,No Fall,0.6275610285714289,0.2875229261522928,0.93574,0.6275610285714289,0.2875229261522928,0.93574,0.6275610285714289,0.2875229261522928,0.93574,6.561264705882272,19.097607255803737,239.68,6.561264705882272,19.097607255803737,239.68,6.561264705882272,19.097607255803737,239.68,0.24480277500000022,0.17684959087009122,0.57736,0.24480277500000022,0.17684959087009122,0.57736,0.24480277500000022,0.17684959087009122,0.57736
3,Neck,16,3,No Fall,0.6043199260504224,0.33275204657460616,1.5554999999999999,0.6043199260504224,0.33275204657460616,1.5554999999999999,0.6043199260504224,0.33275204657460616,1.5554999999999999,9.846852941176046,19.53603250225601,183.26000000000002,9.846852941176046,19.53603250225601,183.26000000000002,9.846852941176046,19.53603250225601,183.26000000000002,0.22075488750000016,0.11854169221462961,0.49629999999999996,0.22075488750000016,0.11854169221462961,0.49629999999999996,0.22075488750000016,0.11854169221462961,0.49629999999999996
3,Neck,16,4,No Fall,0.6164672815125981,0.3186531886806425,1.198284,0.6164672815125981,0.3186531886806425,1.198284,0.6164672815125981,0.3186531886806425,1.198284,10.21563235294088,17.380253841549248,239.19,10.21563235294088,17.380253841549248,239.19,10.21563235294088,17.380253841549248,239.19,0.14697226249999987,0.14949934952224145,0.5630799999999999,0.14697226249999987,0.14949934952224145,0.5630799999999999,0.14697226249999987,0.14949934952224145,0.5630799999999999
3,Neck,16,5,No Fall,0.5076852638655522,0.39499563397442894,1.050176,0.5076852638655522,0.39499563397442894,1.050176,0.5076852638655522,0.39499563397442894,1.050176,10.95082352941139,19.012549737609106,271.53000000000003,10.95082352941139,19.012549737609106,271.53000000000003,10.95082352941139,19.012549737609106,271.53000000000003,0.2920708000000003,0.1383950424228212,0.60522,0.2920708000000003,0.1383950424228212,0.60522,0.2920708000000003,0.1383950424228212,0.60522
3,Neck,16,6,No Fall,0.4822103823529464,0.368886530205701,1.122156,0.4822103823529464,0.368886530205701,1.122156,0.4822103823529464,0.368886530205701,1.122156,8.914749999999573,20.789619567500438,343.91,8.914749999999573,20.789619567500438,343.91,8.914749999999573,20.789619567500438,343.91,0.2955869874999996,0.1307149923504972,0.42335999999999996,0.2955869874999996,0.1307149923504972,0.42335999999999996,0.2955869874999996,0.1307149923504972,0.42335999999999996
3,Neck,17,1,No Fall,0.08042075966386623,0.07544373268309004,1.2141440000000001,0.08042075966386623,0.07544373268309004,1.2141440000000001,0.08042075966386623,0.07544373268309004,1.2141440000000001,7.345058823529374,15.519367048956386,216.51000000000002,7.345058823529374,15.519367048956386,216.51000000000002,7.345058823529374,15.519367048956386,216.51000000000002,0.14466654999999992,0.31793846202704096,0.7071399999999999,0.14466654999999992,0.31793846202704096,0.7071399999999999,0.14466654999999992,0.31793846202704096,0.7071399999999999
3,Neck,17,2,No Fall,0.04186594033613344,0.29640922973071937,0.73932,0.04186594033613344,0.29640922973071937,0.73932,0.04186594033613344,0.29640922973071937,0.73932,5.027588235294094,5.263342259484858,64.82000000000001,5.027588235294094,5.263342259484858,64.82000000000001,5.027588235294094,5.263342259484858,64.82000000000001,0.12449386250000023,0.27914274362081043,0.6795599999999999,0.12449386250000023,0.27914274362081043,0.6795599999999999,0.12449386250000023,0.27914274362081043,0.6795599999999999
3,Neck,17,3,No Fall,0.09412694705882331,0.2284633086650415,0.685152,0.09412694705882331,0.2284633086650415,0.685152,0.09412694705882331,0.2284633086650415,0.685152,2.8922941176470567,10.993145029703381,134.05,2.8922941176470567,10.993145029703381,134.05,2.8922941176470567,10.993145029703381,134.05,0.04937887500000004,0.19942452421096496,0.45233999999999996,0.04937887500000004,0.19942452421096496,0.45233999999999996,0.04937887500000004,0.19942452421096496,0.45233999999999996
3,Neck,17,4,No Fall,0.05996822857142806,0.23604118027488652,0.73932,0.05996822857142806,0.23604118027488652,0.73932,0.05996822857142806,0.23604118027488652,0.73932,5.139058823529379,7.729998927388404,107.03000000000002,5.139058823529379,7.729998927388404,107.03000000000002,5.139058823529379,7.729998927388404,107.03000000000002,0.032897900000000216,0.20981498558062753,0.49951999999999996,0.032897900000000216,0.20981498558062753,0.49951999999999996,0.032897900000000216,0.20981498558062753,0.49951999999999996
3,Neck,17,5,No Fall,-0.03603146974789936,0.20200362370636527,0.9472079999999999,-0.03603146974789936,0.20200362370636527,0.9472079999999999,-0.03603146974789936,0.20200362370636527,0.9472079999999999,2.1893823529411773,14.296607122025094,129.22000000000003,2.1893823529411773,14.296607122025094,129.22000000000003,2.1893823529411773,14.296607122025094,129.22000000000003,0.07640123750000014,0.2644706239273918,0.5835199999999999,0.07640123750000014,0.2644706239273918,0.5835199999999999,0.07640123750000014,0.2644706239273918,0.5835199999999999
3,Neck,17,6,No Fall,-0.006533868907562684,0.17083133463201808,0.816668,-0.006533868907562684,0.17083133463201808,0.816668,-0.006533868907562684,0.17083133463201808,0.816668,3.2447794117647044,11.14104861067789,113.33000000000001,3.2447794117647044,11.14104861067789,113.33000000000001,3.2447794117647044,11.14104861067789,113.33000000000001,0.09866010000000036,0.28977152559498254,0.6396599999999999,0.09866010000000036,0.28977152559498254,0.6396599999999999,0.09866010000000036,0.28977152559498254,0.6396599999999999
3,Neck,18,1,No Fall,0.6808118756302532,0.36940572089489276,1.301008,0.6808118756302532,0.36940572089489276,1.301008,0.6808118756302532,0.36940572089489276,1.301008,4.249294117647076,21.601030879944805,199.22000000000003,4.249294117647076,21.601030879944805,199.22000000000003,4.249294117647076,21.601030879944805,199.22000000000003,0.23595608749999983,0.19706622256741627,0.5818399999999999,0.23595608749999983,0.19706622256741627,0.5818399999999999,0.23595608749999983,0.19706622256741627,0.5818399999999999
3,Neck,18,2,No Fall,0.6043178243697477,0.5225882938614559,1.453996,0.6043178243697477,0.5225882938614559,1.453996,0.6043178243697477,0.5225882938614559,1.453996,9.825588235294132,20.567530466950014,206.01000000000005,9.825588235294132,20.567530466950014,206.01000000000005,9.825588235294132,20.567530466950014,206.01000000000005,0.06010296249999992,0.1458735865312952,0.5283599999999999,0.06010296249999992,0.1458735865312952,0.5283599999999999,0.06010296249999992,0.1458735865312952,0.5283599999999999
3,Neck,18,3,No Fall,0.38613497226890786,0.4994509427425333,1.397632,0.38613497226890786,0.4994509427425333,1.397632,0.38613497226890786,0.4994509427425333,1.397632,6.321514705882363,26.093077232592876,286.02000000000004,6.321514705882363,26.093077232592876,286.02000000000004,6.321514705882363,26.093077232592876,286.02000000000004,-0.007004637499999919,0.16231880369049456,0.5556599999999999,-0.007004637499999919,0.16231880369049456,0.5556599999999999,-0.007004637499999919,0.16231880369049456,0.5556599999999999
3,Neck,18,4,No Fall,0.49554103529411797,0.5072917488022394,1.271972,0.49554103529411797,0.5072917488022394,1.271972,0.49554103529411797,0.5072917488022394,1.271972,6.048735294117655,28.112075684351712,260.12,6.048735294117655,28.112075684351712,260.12,6.048735294117655,28.112075684351712,260.12,-0.0380136749999999,0.13163628041860626,0.6052199999999999,-0.0380136749999999,0.13163628041860626,0.6052199999999999,-0.0380136749999999,0.13163628041860626,0.6052199999999999
3,Neck,18,5,No Fall,0.3142385781512601,0.527105936013526,1.496452,0.3142385781512601,0.527105936013526,1.496452,0.3142385781512601,0.527105936013526,1.496452,7.648588235294125,29.771772133910208,210.42000000000002,7.648588235294125,29.771772133910208,210.42000000000002,7.648588235294125,29.771772133910208,210.42000000000002,-0.01983782500000001,0.1790582777101625,0.52472,-0.01983782500000001,0.1790582777101625,0.52472,-0.01983782500000001,0.1790582777101625,0.52472
3,Neck,18,6,No Fall,0.3286245823529414,0.5020751863696337,1.2544039999999999,0.3286245823529414,0.5020751863696337,1.2544039999999999,0.3286245823529414,0.5020751863696337,1.2544039999999999,5.526088235294136,20.053967197800166,218.68,5.526088235294136,20.053967197800166,218.68,5.526088235294136,20.053967197800166,218.68,-0.014865112499999859,0.18108197029823736,0.53326,-0.014865112499999859,0.18108197029823736,0.53326,-0.014865112499999859,0.18108197029823736,0.53326
3,Neck,19,4,No Fall,0.966191405042017,0.2607249914335802,1.820484,0.966191405042017,0.2607249914335802,1.820484,0.966191405042017,0.2607249914335802,1.820484,6.7175588235294255,39.74532025017453,313.53000000000003,6.7175588235294255,39.74532025017453,313.53000000000003,6.7175588235294255,39.74532025017453,313.53000000000003,0.043456787499999906,0.02438380369438847,0.13706,0.043456787499999906,0.02438380369438847,0.13706,0.043456787499999906,0.02438380369438847,0.13706
3,Neck,19,6,No Fall,0.9654797042016813,0.21995762326396576,1.4213,0.9654797042016813,0.21995762326396576,1.4213,0.9654797042016813,0.21995762326396576,1.4213,6.816352941176431,22.790361560451746,165.48000000000002,6.816352941176431,22.790361560451746,165.48000000000002,6.816352941176431,22.790361560451746,165.48000000000002,0.04558820000000002,0.024483176703063308,0.13398,0.04558820000000002,0.024483176703063308,0.13398,0.04558820000000002,0.024483176703063308,0.13398
3,Neck,20,3,No Fall,0.9690563546218481,0.2672654057562341,1.3451719999999998,0.9690563546218481,0.2672654057562341,1.3451719999999998,0.9690563546218481,0.2672654057562341,1.3451719999999998,6.722220588235288,31.777799121483156,197.96000000000004,6.722220588235288,31.777799121483156,197.96000000000004,6.722220588235288,31.777799121483156,197.96000000000004,0.049194249999999905,0.015243086440749135,0.10443999999999999,0.049194249999999905,0.015243086440749135,0.10443999999999999,0.049194249999999905,0.015243086440749135,0.10443999999999999
3,Neck,20,4,No Fall,0.9722706445378135,0.3712516985768727,1.908812,0.9722706445378135,0.3712516985768727,1.908812,0.9722706445378135,0.3712516985768727,1.908812,6.815191176470564,63.046489468140635,336.0,6.815191176470564,63.046489468140635,336.0,6.815191176470564,63.046489468140635,336.0,0.0475229125,0.020050993310190328,0.13412,0.0475229125,0.020050993310190328,0.13412,0.0475229125,0.020050993310190328,0.13412
3,Neck,20,6,No Fall,0.9701898781512587,0.3659687620305906,1.9236959999999999,0.9701898781512587,0.3659687620305906,1.9236959999999999,0.9701898781512587,0.3659687620305906,1.9236959999999999,7.007617647058835,49.68950981722452,312.83000000000004,7.007617647058835,49.68950981722452,312.83000000000004,7.007617647058835,49.68950981722452,312.83000000000004,0.04387600000000002,0.02016998849212258,0.12894,0.04387600000000002,0.02016998849212258,0.12894,0.04387600000000002,0.02016998849212258,0.12894
3,Neck,21,2,No Fall,0.9690238554621866,0.1886565542447846,1.480104,0.9690238554621866,0.1886565542447846,1.480104,0.9690238554621866,0.1886565542447846,1.480104,5.926088235294132,25.280074851248926,222.81,5.926088235294132,25.280074851248926,222.81,5.926088235294132,25.280074851248926,222.81,0.05546441249999996,0.01435985766729545,0.0938,0.05546441249999996,0.01435985766729545,0.0938,0.05546441249999996,0.01435985766729545,0.0938
3,Neck,21,4,No Fall,0.9654918529411781,0.26033017359144256,1.8944159999999999,0.9654918529411781,0.26033017359144256,1.8944159999999999,0.9654918529411781,0.26033017359144256,1.8944159999999999,7.22450000000001,42.808848694905784,332.01,7.22450000000001,42.808848694905784,332.01,7.22450000000001,42.808848694905784,332.01,0.029439025000000018,0.020870332035545586,0.17164,0.029439025000000018,0.020870332035545586,0.17164,0.029439025000000018,0.020870332035545586,0.17164
3,Neck,22,1,No Fall,0.9740063764705869,0.37024065071498924,1.9263799999999998,0.9740063764705869,0.37024065071498924,1.9263799999999998,0.9740063764705869,0.37024065071498924,1.9263799999999998,6.886794117647041,66.04340381039144,331.73,6.886794117647041,66.04340381039144,331.73,6.886794117647041,66.04340381039144,331.73,0.1697339874999999,0.022823700651285316,0.15302,0.1697339874999999,0.022823700651285316,0.15302,0.1697339874999999,0.022823700651285316,0.15302
3,Neck,22,2,No Fall,0.9679455394957968,0.42883153565240845,1.8995399999999998,0.9679455394957968,0.42883153565240845,1.8995399999999998,0.9679455394957968,0.42883153565240845,1.8995399999999998,7.388352941176471,78.27499794598128,431.90000000000003,7.388352941176471,78.27499794598128,431.90000000000003,7.388352941176471,78.27499794598128,431.90000000000003,0.1701119875000001,0.022854154694313015,0.12823999999999997,0.1701119875000001,0.022854154694313015,0.12823999999999997,0.1701119875000001,0.022854154694313015,0.12823999999999997
3,Neck,22,3,No Fall,0.9704852924369728,0.5101782938841328,2.3953480000000003,0.9704852924369728,0.5101782938841328,2.3953480000000003,0.9704852924369728,0.5101782938841328,2.3953480000000003,8.080852941176515,104.339898903141,574.21,8.080852941176515,104.339898903141,574.21,8.080852941176515,104.339898903141,574.21,0.1732187625,0.026371676957667445,0.16155999999999998,0.1732187625,0.026371676957667445,0.16155999999999998,0.1732187625,0.026371676957667445,0.16155999999999998
3,Neck,25,1,No Fall,0.9879253462184877,1.2692409785146763,6.212972000000001,0.9879253462184877,1.2692409785146763,6.212972000000001,0.9879253462184877,1.2692409785146763,6.212972000000001,16.80251470588238,148.31259101655777,1165.43,16.80251470588238,148.31259101655777,1165.43,16.80251470588238,148.31259101655777,1165.43,0.17152607499999983,0.05863908568587738,0.23716,0.17152607499999983,0.05863908568587738,0.23716,0.17152607499999983,0.05863908568587738,0.23716
3,Neck,25,2,No Fall,0.9827854042016763,1.280601729537914,6.361568,0.9827854042016763,1.280601729537914,6.361568,0.9827854042016763,1.280601729537914,6.361568,17.767411764705876,143.95054908235727,1133.7200000000003,17.767411764705876,143.95054908235727,1133.7200000000003,17.767411764705876,143.95054908235727,1133.7200000000003,0.18136177500000014,0.052705392853784824,0.23856,0.18136177500000014,0.052705392853784824,0.23856,0.18136177500000014,0.052705392853784824,0.23856
3,Neck,25,3,No Fall,0.9801918277310938,1.4316617060778705,7.060872,0.9801918277310938,1.4316617060778705,7.060872,0.9801918277310938,1.4316617060778705,7.060872,18.493220588235317,175.2287473489564,1309.2800000000002,18.493220588235317,175.2287473489564,1309.2800000000002,18.493220588235317,175.2287473489564,1309.2800000000002,0.16375266249999998,0.06533805899804579,0.29777999999999993,0.16375266249999998,0.06533805899804579,0.29777999999999993,0.16375266249999998,0.06533805899804579,0.29777999999999993
3,Neck,26,1,No Fall,0.9709838521008397,0.09931044492927422,1.8234119999999998,0.9709838521008397,0.09931044492927422,1.8234119999999998,0.9709838521008397,0.09931044492927422,1.8234119999999998,5.511132352941186,5.459618607819473,126.0,5.511132352941186,5.459618607819473,126.0,5.511132352941186,5.459618607819473,126.0,0.08865561249999994,0.01464859072594539,0.09716,0.08865561249999994,0.01464859072594539,0.09716,0.08865561249999994,0.01464859072594539,0.09716
3,Neck,26,2,No Fall,0.9667806957983213,0.1924400785556891,2.8518719999999997,0.9667806957983213,0.1924400785556891,2.8518719999999997,0.9667806957983213,0.1924400785556891,2.8518719999999997,8.14155882352943,25.844376142513905,427.07000000000005,8.14155882352943,25.844376142513905,427.07000000000005,8.14155882352943,25.844376142513905,427.07000000000005,0.16621998749999967,0.10157358399137474,0.44519999999999993,0.16621998749999967,0.10157358399137474,0.44519999999999993,0.16621998749999967,0.10157358399137474,0.44519999999999993
3,Neck,26,3,No Fall,0.9679619428571429,0.12081046172957867,1.92638,0.9679619428571429,0.12081046172957867,1.92638,0.9679619428571429,0.12081046172957867,1.92638,5.588749999999986,10.876043531362646,207.76000000000002,5.588749999999986,10.876043531362646,207.76000000000002,5.588749999999986,10.876043531362646,207.76000000000002,0.049068074999999996,0.03411962520030454,0.12502,0.049068074999999996,0.03411962520030454,0.12502,0.049068074999999996,0.03411962520030454,0.12502
3,Neck,26,4,No Fall,0.9682998008403372,0.1731359362897226,3.0892839999999997,0.9682998008403372,0.1731359362897226,3.0892839999999997,0.9682998008403372,0.1731359362897226,3.0892839999999997,5.916279411764709,17.315458727664172,265.3,5.916279411764709,17.315458727664172,265.3,5.916279411764709,17.315458727664172,265.3,0.14516109999999988,0.12660840980237223,0.40991999999999995,0.14516109999999988,0.12660840980237223,0.40991999999999995,0.14516109999999988,0.12660840980237223,0.40991999999999995
3,Neck,27,1,No Fall,0.9725827697478955,0.2528573008101301,5.605412,0.9725827697478955,0.2528573008101301,5.605412,0.9725827697478955,0.2528573008101301,5.605412,5.33819117647058,26.57886757680772,788.6200000000001,5.33819117647058,26.57886757680772,788.6200000000001,5.33819117647058,26.57886757680772,788.6200000000001,0.0637098875000001,0.027700455808882474,0.15777999999999998,0.0637098875000001,0.027700455808882474,0.15777999999999998,0.0637098875000001,0.027700455808882474,0.15777999999999998
3,Neck,27,2,No Fall,0.9726321336134469,0.31086832087444877,6.994015999999999,0.9726321336134469,0.31086832087444877,6.994015999999999,0.9726321336134469,0.31086832087444877,6.994015999999999,6.421191176470594,31.336850948162628,915.95,6.421191176470594,31.336850948162628,915.95,6.421191176470594,31.336850948162628,915.95,0.15243987500000006,0.1291259001858113,0.41663999999999995,0.15243987500000006,0.1291259001858113,0.41663999999999995,0.15243987500000006,0.1291259001858113,0.41663999999999995
3,Neck,27,3,No Fall,0.9656098546218485,0.2634884374959195,5.40094,0.9656098546218485,0.2634884374959195,5.40094,0.9656098546218485,0.2634884374959195,5.40094,6.464352941176477,29.79745674400445,874.44,6.464352941176477,29.79745674400445,874.44,6.464352941176477,29.79745674400445,874.44,0.05604217500000001,0.030258181757111667,0.20299999999999999,0.05604217500000001,0.030258181757111667,0.20299999999999999,0.05604217500000001,0.030258181757111667,0.20299999999999999
3,Neck,27,4,No Fall,0.9659399722689078,0.3417050764407139,8.012228,0.9659399722689078,0.3417050764407139,8.012228,0.9659399722689078,0.3417050764407139,8.012228,8.322617647058824,29.797584234643132,556.01,8.322617647058824,29.797584234643132,556.01,8.322617647058824,29.797584234643132,556.01,0.14918041249999991,0.1833878799925444,0.6992999999999999,0.14918041249999991,0.1833878799925444,0.6992999999999999,0.14918041249999991,0.1833878799925444,0.6992999999999999
3,Neck,28,1,No Fall,0.9307590168067261,0.1351455011953115,0.996984,0.9307590168067261,0.1351455011953115,0.996984,0.9307590168067261,0.1351455011953115,0.996984,5.576911764705905,28.529627814768226,342.09000000000003,5.576911764705905,28.529627814768226,342.09000000000003,5.576911764705905,28.529627814768226,342.09000000000003,0.04099375000000007,0.06815831738739353,0.36469999999999997,0.04099375000000007,0.06815831738739353,0.36469999999999997,0.04099375000000007,0.06815831738739353,0.36469999999999997
3,Neck,28,2,No Fall,0.9163726025210089,0.18921969365039631,1.303936,0.9163726025210089,0.18921969365039631,1.303936,0.9163726025210089,0.18921969365039631,1.303936,8.988426470588237,32.59298023249579,294.84000000000003,8.988426470588237,32.59298023249579,294.84000000000003,8.988426470588237,32.59298023249579,294.84000000000003,0.18444921250000004,0.14008136879705793,0.5213599999999999,0.18444921250000004,0.14008136879705793,0.5213599999999999,0.18444921250000004,0.14008136879705793,0.5213599999999999
3,Neck,28,3,No Fall,0.9205305470588239,0.1626063179011844,0.957944,0.9205305470588239,0.1626063179011844,0.957944,0.9205305470588239,0.1626063179011844,0.957944,6.130897058823522,29.108604791144955,282.52000000000004,6.130897058823522,29.108604791144955,282.52000000000004,6.130897058823522,29.108604791144955,282.52000000000004,0.03294418749999998,0.06614665132787163,0.3719799999999999,0.03294418749999998,0.06614665132787163,0.3719799999999999,0.03294418749999998,0.06614665132787163,0.3719799999999999
3,Neck,28,4,No Fall,0.9130517932773111,0.20906649593704646,1.4034879999999998,0.9130517932773111,0.20906649593704646,1.4034879999999998,0.9130517932773111,0.20906649593704646,1.4034879999999998,6.610750000000003,28.908477304406034,314.3,6.610750000000003,28.908477304406034,314.3,6.610750000000003,28.908477304406034,314.3,0.19470473749999975,0.19145721039553193,0.65282,0.19470473749999975,0.19145721039553193,0.65282,0.19470473749999975,0.19145721039553193,0.65282
3,Neck,29,1,No Fall,0.8879007243697496,0.12731531195981718,0.8056879999999998,0.8879007243697496,0.12731531195981718,0.8056879999999998,0.8879007243697496,0.12731531195981718,0.8056879999999998,3.9697058823529523,11.936106105141278,83.02000000000001,3.9697058823529523,11.936106105141278,83.02000000000001,3.9697058823529523,11.936106105141278,83.02000000000001,0.22413186250000003,0.049783291254055805,0.29806,0.22413186250000003,0.049783291254055805,0.29806,0.22413186250000003,0.049783291254055805,0.29806
3,Neck,29,2,No Fall,0.8787283235294124,0.13936048319901484,0.9799040000000001,0.8787283235294124,0.13936048319901484,0.9799040000000001,0.8787283235294124,0.13936048319901484,0.9799040000000001,5.088235294117651,13.257255622462331,107.17000000000002,5.088235294117651,13.257255622462331,107.17000000000002,5.088235294117651,13.257255622462331,107.17000000000002,0.2808182999999999,0.055718392265327425,0.2708999999999999,0.2808182999999999,0.055718392265327425,0.2708999999999999,0.2808182999999999,0.055718392265327425,0.2708999999999999
3,Neck,30,1,No Fall,0.8714511260504196,0.19470097417586676,0.88084,0.8714511260504196,0.19470097417586676,0.88084,0.8714511260504196,0.19470097417586676,0.88084,2.2659264705882354,18.144341340948138,122.36000000000001,2.2659264705882354,18.144341340948138,122.36000000000001,2.2659264705882354,18.144341340948138,122.36000000000001,0.3062707374999998,0.0835906955030899,0.36204,0.3062707374999998,0.0835906955030899,0.36204,0.3062707374999998,0.0835906955030899,0.36204
3,Neck,30,2,No Fall,0.8484012252100842,0.20297840901823605,0.9840519999999999,0.8484012252100842,0.20297840901823605,0.9840519999999999,0.8484012252100842,0.20297840901823605,0.9840519999999999,4.624102941176472,18.135482257133194,107.52000000000001,4.624102941176472,18.135482257133194,107.52000000000001,4.624102941176472,18.135482257133194,107.52000000000001,0.33143984999999987,0.06464368942976514,0.31667999999999996,0.33143984999999987,0.06464368942976514,0.31667999999999996,0.33143984999999987,0.06464368942976514,0.31667999999999996
3,Neck,31,1,No Fall,0.8695547949579808,0.13600924503422476,0.861564,0.8695547949579808,0.13600924503422476,0.861564,0.8695547949579808,0.13600924503422476,0.861564,4.001838235294106,12.959358675002987,107.38000000000001,4.001838235294106,12.959358675002987,107.38000000000001,4.001838235294106,12.959358675002987,107.38000000000001,0.34423978749999984,0.02698631504030336,0.13622,0.34423978749999984,0.02698631504030336,0.13622,0.34423978749999984,0.02698631504030336,0.13622
3,Neck,31,2,No Fall,0.8391029285714283,0.14810799731139562,1.00406,0.8391029285714283,0.14810799731139562,1.00406,0.8391029285714283,0.14810799731139562,1.00406,4.2215441176470625,14.239581599364888,131.60000000000002,4.2215441176470625,14.239581599364888,131.60000000000002,4.2215441176470625,14.239581599364888,131.60000000000002,0.3575439000000004,0.02537414506566937,0.1911,0.3575439000000004,0.02537414506566937,0.1911,0.3575439000000004,0.02537414506566937,0.1911
3,Neck,32,1,No Fall,0.8653464613445392,0.1348664768768376,1.497672,0.8653464613445392,0.1348664768768376,1.497672,0.8653464613445392,0.1348664768768376,1.497672,10.972720588235303,21.149729766324786,202.37,10.972720588235303,21.149729766324786,202.37,10.972720588235303,21.149729766324786,202.37,0.29373916250000015,0.06988897600947785,0.36441999999999997,0.29373916250000015,0.06988897600947785,0.36441999999999997,0.29373916250000015,0.06988897600947785,0.36441999999999997
3,Neck,32,2,No Fall,0.8450397151260501,0.1547343922615734,1.1746159999999999,0.8450397151260501,0.1547343922615734,1.1746159999999999,0.8450397151260501,0.1547343922615734,1.1746159999999999,9.818720588235267,18.29135834383817,182.0,9.818720588235267,18.29135834383817,182.0,9.818720588235267,18.29135834383817,182.0,0.3301185999999994,0.0648504088517964,0.33977999999999997,0.3301185999999994,0.0648504088517964,0.33977999999999997,0.3301185999999994,0.0648504088517964,0.33977999999999997
3,Neck,33,1,No Fall,0.8598238084033588,0.20477464600441944,1.297348,0.8598238084033588,0.20477464600441944,1.297348,0.8598238084033588,0.20477464600441944,1.297348,10.485749999999985,26.16733073426399,187.11,10.485749999999985,26.16733073426399,187.11,10.485749999999985,26.16733073426399,187.11,0.31877300000000014,0.08914063436466171,0.39871999999999996,0.31877300000000014,0.08914063436466171,0.39871999999999996,0.31877300000000014,0.08914063436466171,0.39871999999999996
3,Neck,33,2,No Fall,0.8062758042016808,0.1959230930132345,1.372012,0.8062758042016808,0.1959230930132345,1.372012,0.8062758042016808,0.1959230930132345,1.372012,10.933205882352908,24.765203811629043,182.0,10.933205882352908,24.765203811629043,182.0,10.933205882352908,24.765203811629043,182.0,0.3354429750000002,0.08105790775368714,0.32703999999999994,0.3354429750000002,0.08105790775368714,0.32703999999999994,0.3354429750000002,0.08105790775368714,0.32703999999999994
3,Neck,34,1,No Fall,0.8767218336134427,0.13251962902433712,1.041392,0.8767218336134427,0.13251962902433712,1.041392,0.8767218336134427,0.13251962902433712,1.041392,7.518514705882375,17.350180441027,177.03,7.518514705882375,17.350180441027,177.03,7.518514705882375,17.350180441027,177.03,0.25930318749999964,0.06832539275517785,0.31611999999999996,0.25930318749999964,0.06832539275517785,0.31611999999999996,0.25930318749999964,0.06832539275517785,0.31611999999999996
3,Neck,34,2,No Fall,0.8275897680672256,0.15490796400543624,1.2519639999999999,0.8275897680672256,0.15490796400543624,1.2519639999999999,0.8275897680672256,0.15490796400543624,1.2519639999999999,7.746544117647096,17.955258417037463,171.36,7.746544117647096,17.955258417037463,171.36,7.746544117647096,17.955258417037463,171.36,0.4187239875000002,0.07786058429633515,0.32409999999999994,0.4187239875000002,0.07786058429633515,0.32409999999999994,0.4187239875000002,0.07786058429633515,0.32409999999999994
3,Neck,35,1,No Fall,0.8225844873949592,0.2942101202117749,1.72386,0.8225844873949592,0.2942101202117749,1.72386,0.8225844873949592,0.2942101202117749,1.72386,1.954985294117644,44.40825441918117,361.34000000000003,1.954985294117644,44.40825441918117,361.34000000000003,1.954985294117644,44.40825441918117,361.34000000000003,0.33437328750000006,0.07065995085337572,0.36008,0.33437328750000006,0.07065995085337572,0.36008,0.33437328750000006,0.07065995085337572,0.36008
3,Neck,35,2,No Fall,0.8310264260504207,0.28550713537219363,1.6182079999999999,0.8310264260504207,0.28550713537219363,1.6182079999999999,0.8310264260504207,0.28550713537219363,1.6182079999999999,4.8778823529411754,32.72464614955205,313.88000000000005,4.8778823529411754,32.72464614955205,313.88000000000005,4.8778823529411754,32.72464614955205,313.88000000000005,0.3335133374999996,0.0624814057672581,0.33096000000000003,0.3335133374999996,0.0624814057672581,0.33096000000000003,0.3335133374999996,0.0624814057672581,0.33096000000000003
3,Neck,36,1,No Fall,0.8849604731092445,0.2667898676659881,1.8831919999999998,0.8849604731092445,0.2667898676659881,1.8831919999999998,0.8849604731092445,0.2667898676659881,1.8831919999999998,13.354911764705856,48.57572192581593,359.1700000000001,13.354911764705856,48.57572192581593,359.1700000000001,13.354911764705856,48.57572192581593,359.1700000000001,0.26050526249999995,0.07638774616657337,0.36904,0.26050526249999995,0.07638774616657337,0.36904,0.26050526249999995,0.07638774616657337,0.36904
3,Neck,36,2,No Fall,0.8402269689075619,0.26050899713000253,1.720932,0.8402269689075619,0.26050899713000253,1.720932,0.8402269689075619,0.26050899713000253,1.720932,16.139529411764705,43.69589715364307,281.75,16.139529411764705,43.69589715364307,281.75,16.139529411764705,43.69589715364307,281.75,0.292278,0.07944076836107908,0.3605,0.292278,0.07944076836107908,0.3605,0.292278,0.07944076836107908,0.3605
3,Neck,37,1,No Fall,0.9168734176470575,0.0224717208523776,0.14127599999999996,0.9168734176470575,0.0224717208523776,0.14127599999999996,0.9168734176470575,0.0224717208523776,0.14127599999999996,5.379573529411762,3.2393213262680507,21.42,5.379573529411762,3.2393213262680507,21.42,5.379573529411762,3.2393213262680507,21.42,0.1631920499999998,0.021258265626772375,0.10345999999999998,0.1631920499999998,0.021258265626772375,0.10345999999999998,0.1631920499999998,0.021258265626772375,0.10345999999999998
3,Neck,37,2,No Fall,0.8500978453781552,0.02030644631679445,0.12858799999999992,0.8500978453781552,0.02030644631679445,0.12858799999999992,0.8500978453781552,0.02030644631679445,0.12858799999999992,5.245808823529419,2.6686483521293702,16.660000000000004,5.245808823529419,2.6686483521293702,16.660000000000004,5.245808823529419,2.6686483521293702,16.660000000000004,0.1658836374999997,0.02117505201377223,0.11256,0.1658836374999997,0.02117505201377223,0.11256,0.1658836374999997,0.02117505201377223,0.11256
3,Neck,38,1,No Fall,0.9090518336134484,0.04078867463774688,0.5221600000000001,0.9090518336134484,0.04078867463774688,0.5221600000000001,0.9090518336134484,0.04078867463774688,0.5221600000000001,5.221867647058837,6.074231448156886,59.99000000000001,5.221867647058837,6.074231448156886,59.99000000000001,5.221867647058837,6.074231448156886,59.99000000000001,0.16912192500000017,0.02053421593485886,0.10191999999999998,0.16912192500000017,0.02053421593485886,0.10191999999999998,0.16912192500000017,0.02053421593485886,0.10191999999999998
3,Neck,38,2,No Fall,0.8482503142857158,0.04537067886037954,0.5429,0.8482503142857158,0.04537067886037954,0.5429,0.8482503142857158,0.04537067886037954,0.5429,4.80527941176471,5.839579793802191,90.79000000000002,4.80527941176471,5.839579793802191,90.79000000000002,4.80527941176471,5.839579793802191,90.79000000000002,0.1638091000000001,0.028710604599176955,0.16505999999999998,0.1638091000000001,0.028710604599176955,0.16505999999999998,0.1638091000000001,0.028710604599176955,0.16505999999999998
3,Neck,39,1,No Fall,0.9317463966386536,0.022195861330888574,0.16982400000000009,0.9317463966386536,0.022195861330888574,0.16982400000000009,0.9317463966386536,0.022195861330888574,0.16982400000000009,5.07680882352942,3.3201811111833757,37.45,5.07680882352942,3.3201811111833757,37.45,5.07680882352942,3.3201811111833757,37.45,0.1699519500000002,0.02264562350350313,0.12264,0.1699519500000002,0.02264562350350313,0.12264,0.1699519500000002,0.02264562350350313,0.12264
3,Neck,39,2,No Fall,0.8797652210084023,0.02214245054346194,0.16006399999999998,0.8797652210084023,0.02214245054346194,0.16006399999999998,0.8797652210084023,0.02214245054346194,0.16006399999999998,5.1341323529411635,1.7547645952515654,12.46,5.1341323529411635,1.7547645952515654,12.46,5.1341323529411635,1.7547645952515654,12.46,0.18643922500000001,0.02058441635734076,0.12109999999999996,0.18643922500000001,0.02058441635734076,0.12109999999999996,0.18643922500000001,0.02058441635734076,0.12109999999999996
3,Neck,40,1,No Fall,0.9172361882352943,0.041114546046197034,0.7739679999999999,0.9172361882352943,0.041114546046197034,0.7739679999999999,0.9172361882352943,0.041114546046197034,0.7739679999999999,5.03191176470589,6.894569521357926,98.77000000000001,5.03191176470589,6.894569521357926,98.77000000000001,5.03191176470589,6.894569521357926,98.77000000000001,0.1771503999999999,0.025362924043523083,0.12236,0.1771503999999999,0.025362924043523083,0.12236,0.1771503999999999,0.025362924043523083,0.12236
3,Neck,40,2,No Fall,0.8677469394957977,0.038284954143235475,0.4970279999999999,0.8677469394957977,0.038284954143235475,0.4970279999999999,0.8677469394957977,0.038284954143235475,0.4970279999999999,4.653102941176452,7.194084426774426,96.95,4.653102941176452,7.194084426774426,96.95,4.653102941176452,7.194084426774426,96.95,0.18466297499999937,0.030128654683623506,0.1708,0.18466297499999937,0.030128654683623506,0.1708,0.18466297499999937,0.030128654683623506,0.1708
3,Neck,41,1,No Fall,0.9684359487394952,0.03692229666526042,0.5028840000000001,0.9684359487394952,0.03692229666526042,0.5028840000000001,0.9684359487394952,0.03692229666526042,0.5028840000000001,6.0208823529411815,4.696312513878693,74.62,6.0208823529411815,4.696312513878693,74.62,6.0208823529411815,4.696312513878693,74.62,0.4347628250000003,0.009096618949756725,0.06174000000000002,0.4347628250000003,0.009096618949756725,0.06174000000000002,0.4347628250000003,0.009096618949756725,0.06174000000000002
3,Neck,41,2,No Fall,0.9690812672268917,0.05558611471111708,0.534848,0.9690812672268917,0.05558611471111708,0.534848,0.9690812672268917,0.05558611471111708,0.534848,6.015294117647075,4.67871358255769,47.46000000000001,6.015294117647075,4.67871358255769,47.46000000000001,6.015294117647075,4.67871358255769,47.46000000000001,0.4466325500000001,0.007366990792945224,0.05207999999999996,0.4466325500000001,0.007366990792945224,0.05207999999999996,0.4466325500000001,0.007366990792945224,0.05207999999999996
3,Neck,41,3,No Fall,0.9683929924369763,0.0691632234546656,0.6456240000000001,0.9683929924369763,0.0691632234546656,0.6456240000000001,0.9683929924369763,0.0691632234546656,0.6456240000000001,5.990882352941187,6.012564331212186,57.120000000000005,5.990882352941187,6.012564331212186,57.120000000000005,5.990882352941187,6.012564331212186,57.120000000000005,0.44208955000000033,0.009822228892173933,0.06566,0.44208955000000033,0.009822228892173933,0.06566,0.44208955000000033,0.009822228892173933,0.06566
3,Neck,41,5,No Fall,0.9679805504201667,0.10292197205934087,1.1626599999999998,0.9679805504201667,0.10292197205934087,1.1626599999999998,0.9679805504201667,0.10292197205934087,1.1626599999999998,5.775029411764711,12.269092454995738,196.63000000000002,5.775029411764711,12.269092454995738,196.63000000000002,5.775029411764711,12.269092454995738,196.63000000000002,0.43475643750000065,0.020072166075574598,0.10261999999999999,0.43475643750000065,0.020072166075574598,0.10261999999999999,0.43475643750000065,0.020072166075574598,0.10261999999999999
3,Neck,41,6,No Fall,0.9657995697478973,0.07762036468576121,0.6761240000000001,0.9657995697478973,0.07762036468576121,0.6761240000000001,0.9657995697478973,0.07762036468576121,0.6761240000000001,5.9156323529411745,7.340742549361548,98.84,5.9156323529411745,7.340742549361548,98.84,5.9156323529411745,7.340742549361548,98.84,0.44116800000000034,0.02473648493732304,0.16744000000000003,0.44116800000000034,0.02473648493732304,0.16744000000000003,0.44116800000000034,0.02473648493732304,0.16744000000000003
3,Neck,41,7,No Fall,0.9646524621848709,0.09207191760712252,0.926468,0.9646524621848709,0.09207191760712252,0.926468,0.9646524621848709,0.09207191760712252,0.926468,5.740352941176476,11.813928838679836,190.82000000000002,5.740352941176476,11.813928838679836,190.82000000000002,5.740352941176476,11.813928838679836,190.82000000000002,0.43844779999999983,0.020040587538244663,0.13146000000000002,0.43844779999999983,0.020040587538244663,0.13146000000000002,0.43844779999999983,0.020040587538244663,0.13146000000000002
3,Neck,41,8,No Fall,0.9696746588235305,0.043305832010133695,0.476044,0.9696746588235305,0.043305832010133695,0.476044,0.9696746588235305,0.043305832010133695,0.476044,5.971720588235288,3.9765565371203966,45.290000000000006,5.971720588235288,3.9765565371203966,45.290000000000006,5.971720588235288,3.9765565371203966,45.290000000000006,0.4494001749999995,0.008737421075396368,0.06467999999999996,0.4494001749999995,0.008737421075396368,0.06467999999999996,0.4494001749999995,0.008737421075396368,0.06467999999999996
3,Neck,41,9,No Fall,0.9723840840336115,0.043591800954516105,0.27425599999999994,0.9723840840336115,0.043591800954516105,0.27425599999999994,0.9723840840336115,0.043591800954516105,0.27425599999999994,5.907029411764708,2.7160976773593757,17.430000000000003,5.907029411764708,2.7160976773593757,17.430000000000003,5.907029411764708,2.7160976773593757,17.430000000000003,0.11662831249999997,0.04068826780059243,0.21055999999999997,0.11662831249999997,0.04068826780059243,0.21055999999999997,0.11662831249999997,0.04068826780059243,0.21055999999999997
3,Neck,42,1,No Fall,0.9687437168067238,0.03279806612778692,0.54046,0.9687437168067238,0.03279806612778692,0.54046,0.9687437168067238,0.03279806612778692,0.54046,5.828132352941172,5.251572899924662,53.900000000000006,5.828132352941172,5.251572899924662,53.900000000000006,5.828132352941172,5.251572899924662,53.900000000000006,-0.12446026250000006,0.00782483758509493,0.04913999999999999,-0.12446026250000006,0.00782483758509493,0.04913999999999999,-0.12446026250000006,0.00782483758509493,0.04913999999999999
3,Neck,42,2,No Fall,0.9673731647058806,0.04872757776970842,0.39137599999999995,0.9673731647058806,0.04872757776970842,0.39137599999999995,0.9673731647058806,0.04872757776970842,0.39137599999999995,5.907397058823503,7.01244639359943,60.480000000000004,5.907397058823503,7.01244639359943,60.480000000000004,5.907397058823503,7.01244639359943,60.480000000000004,-0.09765848750000002,0.020395386594369836,0.08763999999999998,-0.09765848750000002,0.020395386594369836,0.08763999999999998,-0.09765848750000002,0.020395386594369836,0.08763999999999998
3,Neck,42,4,No Fall,0.966816731932773,0.03765060679411565,0.35306799999999994,0.966816731932773,0.03765060679411565,0.35306799999999994,0.966816731932773,0.03765060679411565,0.35306799999999994,5.688279411764694,5.6800891337572,51.730000000000004,5.688279411764694,5.6800891337572,51.730000000000004,5.688279411764694,5.6800891337572,51.730000000000004,-0.10087918750000008,0.026934736449557097,0.11241999999999998,-0.10087918750000008,0.026934736449557097,0.11241999999999998,-0.10087918750000008,0.026934736449557097,0.11241999999999998
3,Neck,42,5,No Fall,0.971674177310929,0.054430078496786126,0.4916599999999999,0.971674177310929,0.054430078496786126,0.4916599999999999,0.971674177310929,0.054430078496786126,0.4916599999999999,5.852676470588226,5.965487578314061,50.89000000000001,5.852676470588226,5.965487578314061,50.89000000000001,5.852676470588226,5.965487578314061,50.89000000000001,-0.05986093750000001,0.012723048921337713,0.07644,-0.05986093750000001,0.012723048921337713,0.07644,-0.05986093750000001,0.012723048921337713,0.07644
3,Neck,42,6,No Fall,0.9658552386554615,0.05456363111819103,0.5233799999999998,0.9658552386554615,0.05456363111819103,0.5233799999999998,0.9658552386554615,0.05456363111819103,0.5233799999999998,5.844161764705879,7.36775667792482,93.03,5.844161764705879,7.36775667792482,93.03,5.844161764705879,7.36775667792482,93.03,-0.035735262499999976,0.01704240392413259,0.09953999999999999,-0.035735262499999976,0.01704240392413259,0.09953999999999999,-0.035735262499999976,0.01704240392413259,0.09953999999999999
3,Neck,42,7,No Fall,0.9714701092436959,0.05768321523629273,0.5355800000000001,0.9714701092436959,0.05768321523629273,0.5355800000000001,0.9714701092436959,0.05768321523629273,0.5355800000000001,5.684294117647052,8.365950045106967,101.36000000000001,5.684294117647052,8.365950045106967,101.36000000000001,5.684294117647052,8.365950045106967,101.36000000000001,-0.015356687499999999,0.017763967106391023,0.07266,-0.015356687499999999,0.017763967106391023,0.07266,-0.015356687499999999,0.017763967106391023,0.07266
3,Neck,42,8,No Fall,0.9705720764705884,0.06784133072184358,0.648552,0.9705720764705884,0.06784133072184358,0.648552,0.9705720764705884,0.06784133072184358,0.648552,5.689514705882343,9.775372451860488,124.74000000000001,5.689514705882343,9.775372451860488,124.74000000000001,5.689514705882343,9.775372451860488,124.74000000000001,-0.0017780874999999995,0.017619664325667136,0.09142,-0.0017780874999999995,0.017619664325667136,0.09142,-0.0017780874999999995,0.017619664325667136,0.09142
3,Neck,42,10,No Fall,0.9655242495798267,0.05429069154012421,0.44042000000000014,0.9655242495798267,0.05429069154012421,0.44042000000000014,0.9655242495798267,0.05429069154012421,0.44042000000000014,6.2744705882353005,3.1416712074309148,24.92,6.2744705882353005,3.1416712074309148,24.92,6.2744705882353005,3.1416712074309148,24.92,0.1830817624999998,0.06860808061443692,0.38555999999999996,0.1830817624999998,0.06860808061443692,0.38555999999999996,0.1830817624999998,0.06860808061443692,0.38555999999999996
3,Neck,42,13,No Fall,0.9617736722689102,0.0430395641651603,0.26791200000000004,0.9617736722689102,0.0430395641651603,0.26791200000000004,0.9617736722689102,0.0430395641651603,0.26791200000000004,5.879661764705896,4.605845768796705,30.8,5.879661764705896,4.605845768796705,30.8,5.879661764705896,4.605845768796705,30.8,0.3014852750000001,0.07213788128210993,0.47894,0.3014852750000001,0.07213788128210993,0.47894,0.3014852750000001,0.07213788128210993,0.47894
3,Neck,43,1,No Fall,0.9797876899159628,0.6753382324943469,4.656008,0.9797876899159628,0.6753382324943469,4.656008,0.9797876899159628,0.6753382324943469,4.656008,7.356735294117629,89.1519870262369,969.7800000000001,7.356735294117629,89.1519870262369,969.7800000000001,7.356735294117629,89.1519870262369,969.7800000000001,0.01565156249999999,0.03727642979410669,0.20033999999999996,0.01565156249999999,0.03727642979410669,0.20033999999999996,0.01565156249999999,0.03727642979410669,0.20033999999999996
3,Neck,44,1,No Fall,0.9813235058823525,0.6844231739013583,6.089264,0.9813235058823525,0.6844231739013583,6.089264,0.9813235058823525,0.6844231739013583,6.089264,7.546867647058867,91.36415493378857,936.3200000000002,7.546867647058867,91.36415493378857,936.3200000000002,7.546867647058867,91.36415493378857,936.3200000000002,0.019923050000000008,0.03613875842998127,0.21014,0.019923050000000008,0.03613875842998127,0.21014,0.019923050000000008,0.03613875842998127,0.21014
3,Neck,44,3,No Fall,0.9876447462184861,0.8789863354696082,6.140015999999999,0.9876447462184861,0.8789863354696082,6.140015999999999,0.9876447462184861,0.8789863354696082,6.140015999999999,11.001705882352937,124.28266834353091,1314.25,11.001705882352937,124.28266834353091,1314.25,11.001705882352937,124.28266834353091,1314.25,0.046059912500000015,0.04288104850563869,0.26081999999999994,0.046059912500000015,0.04288104850563869,0.26081999999999994,0.046059912500000015,0.04288104850563869,0.26081999999999994
3,Neck,101,1,Fall,0.46287748319327415,0.4789999805114711,4.534984,0.46287748319327415,0.4789999805114711,4.534984,0.46287748319327415,0.4789999805114711,4.534984,10.231632352940524,27.58320475619343,398.1600000000001,10.231632352940524,27.58320475619343,398.1600000000001,10.231632352940524,27.58320475619343,398.1600000000001,0.20957177500000015,0.27443647413437733,0.6106799999999999,0.20957177500000015,0.27443647413437733,0.6106799999999999,0.20957177500000015,0.27443647413437733,0.6106799999999999
3,Neck,101,2,Fall,0.5644147000000028,0.41738469083386953,3.4081919999999997,0.5644147000000028,0.41738469083386953,3.4081919999999997,0.5644147000000028,0.41738469083386953,3.4081919999999997,8.983117647058695,34.546357417661255,856.2400000000001,8.983117647058695,34.546357417661255,856.2400000000001,8.983117647058695,34.546357417661255,856.2400000000001,0.22984473749999992,0.24770568218941588,0.5789,0.22984473749999992,0.24770568218941588,0.5789,0.22984473749999992,0.24770568218941588,0.5789
3,Neck,102,1,Fall,0.815965372268908,0.2673241291394987,3.437228,0.815965372268908,0.2673241291394987,3.437228,0.815965372268908,0.2673241291394987,3.437228,12.88705882352945,42.17188302116293,778.96,12.88705882352945,42.17188302116293,778.96,12.88705882352945,42.17188302116293,778.96,0.08986083749999998,0.17231501479485448,0.5931799999999999,0.08986083749999998,0.17231501479485448,0.5931799999999999,0.08986083749999998,0.17231501479485448,0.5931799999999999
3,Neck,102,2,Fall,0.8487850638655459,0.28165370890768676,5.004928,0.8487850638655459,0.28165370890768676,5.004928,0.8487850638655459,0.28165370890768676,5.004928,8.047338235294127,45.00127043191703,1003.0300000000002,8.047338235294127,45.00127043191703,1003.0300000000002,8.047338235294127,45.00127043191703,1003.0300000000002,0.11144612500000006,0.1720646046448591,0.58982,0.11144612500000006,0.1720646046448591,0.58982,0.11144612500000006,0.1720646046448591,0.58982
3,Neck,103,1,Fall,0.5085436210083999,0.4542360712937764,5.007368,0.5085436210083999,0.4542360712937764,5.007368,0.5085436210083999,0.4542360712937764,5.007368,10.439558823528918,37.628704802381804,909.7900000000001,10.439558823528918,37.628704802381804,909.7900000000001,10.439558823528918,37.628704802381804,909.7900000000001,0.38372941250000026,0.16422411833621414,0.41594,0.38372941250000026,0.16422411833621414,0.41594,0.38372941250000026,0.16422411833621414,0.41594
3,Neck,103,2,Fall,0.5167542722689066,0.4492231280561831,4.414204,0.5167542722689066,0.4492231280561831,4.414204,0.5167542722689066,0.4492231280561831,4.414204,10.096573529411563,35.21606637537618,1055.39,10.096573529411563,35.21606637537618,1055.39,10.096573529411563,35.21606637537618,1055.39,0.38467152499999974,0.1521995761690571,0.37114,0.38467152499999974,0.1521995761690571,0.37114,0.38467152499999974,0.1521995761690571,0.37114
3,Neck,104,1,Fall,0.7135685680672281,0.30495020555649244,3.2095759999999998,0.7135685680672281,0.30495020555649244,3.2095759999999998,0.7135685680672281,0.30495020555649244,3.2095759999999998,11.12630882352943,53.95311281942151,950.32,11.12630882352943,53.95311281942151,950.32,11.12630882352943,53.95311281942151,950.32,0.27519703749999996,0.13912625837644657,0.5357799999999999,0.27519703749999996,0.13912625837644657,0.5357799999999999,0.27519703749999996,0.13912625837644657,0.5357799999999999
3,Neck,104,2,Fall,0.7322394378151277,0.386116090890604,4.0582080000000005,0.7322394378151277,0.386116090890604,4.0582080000000005,0.7322394378151277,0.386116090890604,4.0582080000000005,5.028897058823551,47.718153074758305,1094.0300000000002,5.028897058823551,47.718153074758305,1094.0300000000002,5.028897058823551,47.718153074758305,1094.0300000000002,0.29214727499999965,0.14253356485673324,0.5690999999999999,0.29214727499999965,0.14253356485673324,0.5690999999999999,0.29214727499999965,0.14253356485673324,0.5690999999999999
3,Neck,105,1,Fall,0.41909768067226794,0.545968093556589,3.601196,0.41909768067226794,0.545968093556589,3.601196,0.41909768067226794,0.545968093556589,3.601196,9.677764705882254,33.57705314531336,639.8000000000001,9.677764705882254,33.57705314531336,639.8000000000001,9.677764705882254,33.57705314531336,639.8000000000001,0.23314261250000018,0.2189053525619863,0.56672,0.23314261250000018,0.2189053525619863,0.56672,0.23314261250000018,0.2189053525619863,0.56672
3,Neck,105,2,Fall,0.5223076302520991,0.4651086801714906,2.2899399999999996,0.5223076302520991,0.4651086801714906,2.2899399999999996,0.5223076302520991,0.4651086801714906,2.2899399999999996,5.478441176470587,22.680182536693852,393.75000000000006,5.478441176470587,22.680182536693852,393.75000000000006,5.478441176470587,22.680182536693852,393.75000000000006,0.012839399999999978,0.04041545593970529,0.30016,0.012839399999999978,0.04041545593970529,0.30016,0.012839399999999978,0.04041545593970529,0.30016
3,Neck,106,1,Fall,0.8234109605042009,0.26639573787455273,2.3394719999999998,0.8234109605042009,0.26639573787455273,2.3394719999999998,0.8234109605042009,0.26639573787455273,2.3394719999999998,7.326838235294133,40.95342627861386,549.57,7.326838235294133,40.95342627861386,549.57,7.326838235294133,40.95342627861386,549.57,0.12720828750000016,0.1800558531302756,0.5878599999999999,0.12720828750000016,0.1800558531302756,0.5878599999999999,0.12720828750000016,0.1800558531302756,0.5878599999999999
3,Neck,106,2,Fall,0.8009763394957976,0.3699505083467189,3.33914,0.8009763394957976,0.3699505083467189,3.33914,0.8009763394957976,0.3699505083467189,3.33914,7.821588235294118,44.3393339431546,948.8500000000001,7.821588235294118,44.3393339431546,948.8500000000001,7.821588235294118,44.3393339431546,948.8500000000001,0.13332453750000026,0.13197207231676253,0.55104,0.13332453750000026,0.13197207231676253,0.55104,0.13332453750000026,0.13197207231676253,0.55104
3,Neck,107,1,Fall,0.3658690806722676,0.5908731946399484,6.662176,0.3658690806722676,0.5908731946399484,6.662176,0.3658690806722676,0.5908731946399484,6.662176,2.5185735294117584,59.434368802923665,1322.44,2.5185735294117584,59.434368802923665,1322.44,2.5185735294117584,59.434368802923665,1322.44,-0.10666915000000009,0.14718301237994738,0.6145999999999999,-0.10666915000000009,0.14718301237994738,0.6145999999999999,-0.10666915000000009,0.14718301237994738,0.6145999999999999
3,Neck,107,2,Fall,0.3943527487394961,0.6134612226469517,6.539688,0.3943527487394961,0.6134612226469517,6.539688,0.3943527487394961,0.6134612226469517,6.539688,1.7526470588235272,55.33619065519041,1209.3200000000002,1.7526470588235272,55.33619065519041,1209.3200000000002,1.7526470588235272,55.33619065519041,1209.3200000000002,-0.016092999999999975,0.24598030853427374,0.6224399999999999,-0.016092999999999975,0.24598030853427374,0.6224399999999999,-0.016092999999999975,0.24598030853427374,0.6224399999999999
3,Neck,107,3,Fall,0.41004743361344587,0.585860498768456,6.87104,0.41004743361344587,0.585860498768456,6.87104,0.41004743361344587,0.585860498768456,6.87104,1.6423235294117602,48.91766348831536,633.7800000000001,1.6423235294117602,48.91766348831536,633.7800000000001,1.6423235294117602,48.91766348831536,633.7800000000001,-0.12631255000000008,0.1103235389934194,0.5922,-0.12631255000000008,0.1103235389934194,0.5922,-0.12631255000000008,0.1103235389934194,0.5922
3,Neck,107,4,Fall,0.4140831218487403,0.5962793715515696,9.367404,0.4140831218487403,0.5962793715515696,9.367404,0.4140831218487403,0.5962793715515696,9.367404,1.3759264705882304,46.19508660788858,891.45,1.3759264705882304,46.19508660788858,891.45,1.3759264705882304,46.19508660788858,891.45,0.03195045000000013,0.29034676336437815,0.7431199999999999,0.03195045000000013,0.29034676336437815,0.7431199999999999,0.03195045000000013,0.29034676336437815,0.7431199999999999
3,Neck,108,1,Fall,0.8264620369747923,0.3846658409277001,9.98692,0.8264620369747923,0.3846658409277001,9.98692,0.8264620369747923,0.3846658409277001,9.98692,5.570014705882371,57.42976852887263,778.6800000000001,5.570014705882371,57.42976852887263,778.6800000000001,5.570014705882371,57.42976852887263,778.6800000000001,0.020768037499999982,0.1333193259783561,0.6857199999999999,0.020768037499999982,0.1333193259783561,0.6857199999999999,0.020768037499999982,0.1333193259783561,0.6857199999999999
3,Neck,108,2,Fall,0.7874266504201687,0.464982161295726,9.025316,0.7874266504201687,0.464982161295726,9.025316,0.7874266504201687,0.464982161295726,9.025316,6.377985294117653,63.536138337510245,863.24,6.377985294117653,63.536138337510245,863.24,6.377985294117653,63.536138337510245,863.24,0.130102175,0.20900445895167635,0.8173199999999999,0.130102175,0.20900445895167635,0.8173199999999999,0.130102175,0.20900445895167635,0.8173199999999999
3,Neck,108,3,Fall,0.8197927890756297,0.3679056060702927,6.379868,0.8197927890756297,0.3679056060702927,6.379868,0.8197927890756297,0.3679056060702927,6.379868,5.749264705882353,58.76092796037993,970.1300000000001,5.749264705882353,58.76092796037993,970.1300000000001,5.749264705882353,58.76092796037993,970.1300000000001,0.00590502499999997,0.13113725314999822,0.6364399999999999,0.00590502499999997,0.13113725314999822,0.6364399999999999,0.00590502499999997,0.13113725314999822,0.6364399999999999
3,Neck,109,1,Fall,0.4945425831932779,0.4858404739339986,5.843556,0.4945425831932779,0.4858404739339986,5.843556,0.4945425831932779,0.4858404739339986,5.843556,3.0341617647058823,42.656824046201805,1051.96,3.0341617647058823,42.656824046201805,1051.96,3.0341617647058823,42.656824046201805,1051.96,0.027843287500000077,0.23952778314896025,0.7104999999999999,0.027843287500000077,0.23952778314896025,0.7104999999999999,0.027843287500000077,0.23952778314896025,0.7104999999999999
3,Neck,109,2,Fall,0.4875482411764706,0.5194169087095938,4.82876,0.4875482411764706,0.5194169087095938,4.82876,0.4875482411764706,0.5194169087095938,4.82876,2.7931470588235334,40.645566137777436,769.23,2.7931470588235334,40.645566137777436,769.23,2.7931470588235334,40.645566137777436,769.23,0.08121574999999996,0.25401353850341674,0.6032599999999999,0.08121574999999996,0.25401353850341674,0.6032599999999999,0.08121574999999996,0.25401353850341674,0.6032599999999999
3,Neck,110,1,Fall,0.7545140235294113,0.3724336826763341,3.6260839999999996,0.7545140235294113,0.3724336826763341,3.6260839999999996,0.7545140235294113,0.3724336826763341,3.6260839999999996,5.54911764705883,48.18799476423351,619.85,5.54911764705883,48.18799476423351,619.85,5.54911764705883,48.18799476423351,619.85,0.19985944999999994,0.16215355156186104,0.7907199999999999,0.19985944999999994,0.16215355156186104,0.7907199999999999,0.19985944999999994,0.16215355156186104,0.7907199999999999
3,Neck,111,1,Fall,0.5700058369747927,0.4330812607214998,5.71814,0.5700058369747927,0.4330812607214998,5.71814,0.5700058369747927,0.4330812607214998,5.71814,9.356338235294047,36.11809181841366,1027.18,9.356338235294047,36.11809181841366,1027.18,9.356338235294047,36.11809181841366,1027.18,0.28839544999999983,0.1954107945020626,0.5234599999999999,0.28839544999999983,0.1954107945020626,0.5234599999999999,0.28839544999999983,0.1954107945020626,0.5234599999999999
3,Neck,112,1,Fall,0.43279797310924084,0.6030639411637042,10.461744,0.43279797310924084,0.6030639411637042,10.461744,0.43279797310924084,0.6030639411637042,10.461744,1.8814411764705885,51.14947851674345,974.7500000000001,1.8814411764705885,51.14947851674345,974.7500000000001,1.8814411764705885,51.14947851674345,974.7500000000001,0.054623887500000114,0.2575648581439855,0.7009799999999999,0.054623887500000114,0.2575648581439855,0.7009799999999999,0.054623887500000114,0.2575648581439855,0.7009799999999999
3,Neck,113,1,Fall,0.3932834033613432,0.5675536218460328,3.2505680000000003,0.3932834033613432,0.5675536218460328,3.2505680000000003,0.3932834033613432,0.5675536218460328,3.2505680000000003,4.251985294117635,32.18652350116728,669.34,4.251985294117635,32.18652350116728,669.34,4.251985294117635,32.18652350116728,669.34,-0.1021614124999998,0.1420836863012444,0.57484,-0.1021614124999998,0.1420836863012444,0.57484,-0.1021614124999998,0.1420836863012444,0.57484
3,Neck,113,2,Fall,0.501308764705885,0.46945582277210657,3.96256,0.501308764705885,0.46945582277210657,3.96256,0.501308764705885,0.46945582277210657,3.96256,5.518191176470589,37.880482193188655,773.1500000000001,5.518191176470589,37.880482193188655,773.1500000000001,5.518191176470589,37.880482193188655,773.1500000000001,0.06850243750000012,0.18451480576575777,0.6867,0.06850243750000012,0.18451480576575777,0.6867,0.06850243750000012,0.18451480576575777,0.6867
3,Neck,114,1,Fall,0.6882766865546199,0.36801383625855194,5.142543999999999,0.6882766865546199,0.36801383625855194,5.142543999999999,0.6882766865546199,0.36801383625855194,5.142543999999999,7.026352941176445,32.143295576077215,620.48,7.026352941176445,32.143295576077215,620.48,7.026352941176445,32.143295576077215,620.48,0.3006836875000001,0.05460961505941907,0.2961,0.3006836875000001,0.05460961505941907,0.2961,0.3006836875000001,0.05460961505941907,0.2961
3,Neck,115,1,Fall,0.5279321890756253,0.3742760442697817,3.1536999999999997,0.5279321890756253,0.3742760442697817,3.1536999999999997,0.5279321890756253,0.3742760442697817,3.1536999999999997,9.588926470588095,29.624020675282615,847.0,9.588926470588095,29.624020675282615,847.0,9.588926470588095,29.624020675282615,847.0,0.22198251249999987,0.2397234898652672,0.5935999999999999,0.22198251249999987,0.2397234898652672,0.5935999999999999,0.22198251249999987,0.2397234898652672,0.5935999999999999
3,Neck,116,1,Fall,0.7619914957983212,0.30918783653738396,2.323124,0.7619914957983212,0.30918783653738396,2.323124,0.7619914957983212,0.30918783653738396,2.323124,5.984029411764699,42.06423966116449,861.1400000000001,5.984029411764699,42.06423966116449,861.1400000000001,5.984029411764699,42.06423966116449,861.1400000000001,0.11177862499999996,0.18810947588288163,0.5795999999999999,0.11177862499999996,0.18810947588288163,0.5795999999999999,0.11177862499999996,0.18810947588288163,0.5795999999999999
3,Neck,117,1,Fall,0.42281878319327826,0.559930514942516,7.5666839999999995,0.42281878319327826,0.559930514942516,7.5666839999999995,0.42281878319327826,0.559930514942516,7.5666839999999995,1.0433823529411794,44.09586622845205,781.4800000000001,1.0433823529411794,44.09586622845205,781.4800000000001,1.0433823529411794,44.09586622845205,781.4800000000001,-0.15538101249999994,0.13028273098331233,0.50708,-0.15538101249999994,0.13028273098331233,0.50708,-0.15538101249999994,0.13028273098331233,0.50708
3,Neck,118,1,Fall,0.7958798151260519,0.3775231135483007,10.128684,0.7958798151260519,0.3775231135483007,10.128684,0.7958798151260519,0.3775231135483007,10.128684,5.550955882352944,56.701656845280354,1204.56,5.550955882352944,56.701656845280354,1204.56,5.550955882352944,56.701656845280354,1204.56,0.22953805,0.1893458550383666,0.8043,0.22953805,0.1893458550383666,0.8043,0.22953805,0.1893458550383666,0.8043
3,Neck,119,1,Fall,0.2997143243697494,0.6547762322444862,5.52172,0.2997143243697494,0.6547762322444862,5.52172,0.2997143243697494,0.6547762322444862,5.52172,7.746779411764689,30.549726343890352,799.1200000000001,7.746779411764689,30.549726343890352,799.1200000000001,7.746779411764689,30.549726343890352,799.1200000000001,0.08168676250000002,0.13713655877760833,0.47739999999999994,0.08168676250000002,0.13713655877760833,0.47739999999999994,0.08168676250000002,0.13713655877760833,0.47739999999999994
3,Neck,119,2,Fall,0.4342132756302498,0.5357932747528923,4.86902,0.4342132756302498,0.5357932747528923,4.86902,0.4342132756302498,0.5357932747528923,4.86902,2.621926470588233,42.97501179763538,854.8400000000001,2.621926470588233,42.97501179763538,854.8400000000001,2.621926470588233,42.97501179763538,854.8400000000001,0.04445542499999979,0.1880097757882267,0.60046,0.04445542499999979,0.1880097757882267,0.60046,0.04445542499999979,0.1880097757882267,0.60046
3,Neck,120,2,Fall,0.8199252974789896,0.3090589614529373,4.69578,0.8199252974789896,0.3090589614529373,4.69578,0.8199252974789896,0.3090589614529373,4.69578,5.903500000000008,39.136102491651215,712.5300000000001,5.903500000000008,39.136102491651215,712.5300000000001,5.903500000000008,39.136102491651215,712.5300000000001,0.2821841749999996,0.11285589025854234,0.4695599999999999,0.2821841749999996,0.11285589025854234,0.4695599999999999,0.2821841749999996,0.11285589025854234,0.4695599999999999
3,Neck,121,1,Fall,0.5879224084033612,0.5447920799336399,4.294888,0.5879224084033612,0.5447920799336399,4.294888,0.5879224084033612,0.5447920799336399,4.294888,9.666926470587873,40.79590903841609,1043.2800000000002,9.666926470587873,40.79590903841609,1043.2800000000002,9.666926470587873,40.79590903841609,1043.2800000000002,0.2153269999999998,0.25095929655788896,0.5919199999999999,0.2153269999999998,0.25095929655788896,0.5919199999999999,0.2153269999999998,0.25095929655788896,0.5919199999999999
3,Neck,121,2,Fall,0.58143328991597,0.5405533332078388,3.94182,0.58143328991597,0.5405533332078388,3.94182,0.58143328991597,0.5405533332078388,3.94182,9.934720588235036,38.72924299710091,731.5,9.934720588235036,38.72924299710091,731.5,9.934720588235036,38.72924299710091,731.5,0.2393644749999997,0.23546687004285613,0.5774999999999999,0.2393644749999997,0.23546687004285613,0.5774999999999999,0.2393644749999997,0.23546687004285613,0.5774999999999999
3,Neck,122,1,Fall,0.8251905714285694,0.4032696574794928,2.701568,0.8251905714285694,0.4032696574794928,2.701568,0.8251905714285694,0.4032696574794928,2.701568,9.062455882352959,45.19056386419743,619.85,9.062455882352959,45.19056386419743,619.85,9.062455882352959,45.19056386419743,619.85,0.12498342500000012,0.1829401800334977,0.58954,0.12498342500000012,0.1829401800334977,0.58954,0.12498342500000012,0.1829401800334977,0.58954
3,Neck,123,1,Fall,0.40965021596638507,0.586351846009386,3.2366599999999996,0.40965021596638507,0.586351846009386,3.2366599999999996,0.40965021596638507,0.586351846009386,3.2366599999999996,12.086764705881908,48.19670793883413,1022.2100000000002,12.086764705881908,48.19670793883413,1022.2100000000002,12.086764705881908,48.19670793883413,1022.2100000000002,0.3797857875,0.16504485532552396,0.45626,0.3797857875,0.16504485532552396,0.45626,0.3797857875,0.16504485532552396,0.45626
3,Neck,123,2,Fall,0.4726159025210089,0.6298556560340282,4.5366919999999995,0.4726159025210089,0.6298556560340282,4.5366919999999995,0.4726159025210089,0.6298556560340282,4.5366919999999995,8.480985294117433,50.16210872364754,1503.3200000000002,8.480985294117433,50.16210872364754,1503.3200000000002,8.480985294117433,50.16210872364754,1503.3200000000002,0.41104936250000007,0.13511507348930804,0.38108,0.41104936250000007,0.13511507348930804,0.38108,0.41104936250000007,0.13511507348930804,0.38108
3,Neck,124,1,Fall,0.6829325739495803,0.5649646173129355,4.120428,0.6829325739495803,0.5649646173129355,4.120428,0.6829325739495803,0.5649646173129355,4.120428,16.64126470588234,60.709121010415075,1083.7400000000002,16.64126470588234,60.709121010415075,1083.7400000000002,16.64126470588234,60.709121010415075,1083.7400000000002,0.31365897500000023,0.14814548599970281,0.6540799999999999,0.31365897500000023,0.14814548599970281,0.6540799999999999,0.31365897500000023,0.14814548599970281,0.6540799999999999
3,Neck,124,2,Fall,0.6118217470588229,0.6011204367780851,4.537912,0.6118217470588229,0.6011204367780851,4.537912,0.6118217470588229,0.6011204367780851,4.537912,8.54198529411763,53.779057623008576,1054.2,8.54198529411763,53.779057623008576,1054.2,8.54198529411763,53.779057623008576,1054.2,0.3457878374999992,0.1352388320967406,0.64064,0.3457878374999992,0.1352388320967406,0.64064,0.3457878374999992,0.1352388320967406,0.64064
3,Neck,125,1,Fall,0.4992926890756325,0.5652267668998239,3.462116,0.4992926890756325,0.5652267668998239,3.462116,0.4992926890756325,0.5652267668998239,3.462116,4.766926470588241,32.12258235100842,515.9000000000001,4.766926470588241,32.12258235100842,515.9000000000001,4.766926470588241,32.12258235100842,515.9000000000001,-0.03641233749999997,0.14421575136362333,0.5990599999999999,-0.03641233749999997,0.14421575136362333,0.5990599999999999,-0.03641233749999997,0.14421575136362333,0.5990599999999999
3,Neck,125,2,Fall,0.4689938865546246,0.6632171276875961,5.279672,0.4689938865546246,0.6632171276875961,5.279672,0.4689938865546246,0.6632171276875961,5.279672,5.958661764705876,34.80726563447419,757.96,5.958661764705876,34.80726563447419,757.96,5.958661764705876,34.80726563447419,757.96,-0.009671550000000003,0.05716662307976536,0.51156,-0.009671550000000003,0.05716662307976536,0.51156,-0.009671550000000003,0.05716662307976536,0.51156
3,Neck,126,1,Fall,0.8359549184873961,0.4432784982496412,3.06708,0.8359549184873961,0.4432784982496412,3.06708,0.8359549184873961,0.4432784982496412,3.06708,7.724867647058815,40.10005646815258,735.7700000000001,7.724867647058815,40.10005646815258,735.7700000000001,7.724867647058815,40.10005646815258,735.7700000000001,0.13162362500000005,0.16383352675098017,0.5567799999999999,0.13162362500000005,0.16383352675098017,0.5567799999999999,0.13162362500000005,0.16383352675098017,0.5567799999999999
3,Neck,127,1,Fall,0.05667791932773003,0.10525759101261535,4.043324,0.05667791932773003,0.10525759101261535,4.043324,0.05667791932773003,0.10525759101261535,4.043324,6.6696029411765245,18.82832645750824,596.4000000000001,6.6696029411765245,18.82832645750824,596.4000000000001,6.6696029411765245,18.82832645750824,596.4000000000001,0.15188302499999998,0.343606526840883,0.75824,0.15188302499999998,0.343606526840883,0.75824,0.15188302499999998,0.343606526840883,0.75824
3,Neck,127,2,Fall,-0.038674768907563266,0.07412843232243409,2.52906,-0.038674768907563266,0.07412843232243409,2.52906,-0.038674768907563266,0.07412843232243409,2.52906,6.25194117647067,9.942247853765108,297.36,6.25194117647067,9.942247853765108,297.36,6.25194117647067,9.942247853765108,297.36,0.13221512499999993,0.3475857968078872,0.7861,0.13221512499999993,0.3475857968078872,0.7861,0.13221512499999993,0.3475857968078872,0.7861
3,Neck,127,3,Fall,0.008481614285714445,0.08628209894992223,1.542568,0.008481614285714445,0.08628209894992223,1.542568,0.008481614285714445,0.08628209894992223,1.542568,6.61197058823523,14.231197718720868,509.88000000000005,6.61197058823523,14.231197718720868,509.88000000000005,6.61197058823523,14.231197718720868,509.88000000000005,0.15660907500000007,0.36078046837324634,0.7711199999999999,0.15660907500000007,0.36078046837324634,0.7711199999999999,0.15660907500000007,0.36078046837324634,0.7711199999999999
3,Neck,127,4,Fall,-0.02523528991596652,0.08123884462042245,3.5326319999999996,-0.02523528991596652,0.08123884462042245,3.5326319999999996,-0.02523528991596652,0.08123884462042245,3.5326319999999996,5.224382352941101,11.547528070346088,416.2900000000001,5.224382352941101,11.547528070346088,416.2900000000001,5.224382352941101,11.547528070346088,416.2900000000001,0.11640553749999998,0.3466712427627728,0.7639799999999999,0.11640553749999998,0.3466712427627728,0.7639799999999999,0.11640553749999998,0.3466712427627728,0.7639799999999999
3,Neck,128,2,Fall,0.2798263764705887,0.3692715264357795,3.3349919999999997,0.2798263764705887,0.3692715264357795,3.3349919999999997,0.2798263764705887,0.3692715264357795,3.3349919999999997,0.7495882352941137,40.33157750733906,764.0500000000001,0.7495882352941137,40.33157750733906,764.0500000000001,0.7495882352941137,40.33157750733906,764.0500000000001,0.06855065000000005,0.26044131415330624,0.69692,0.06855065000000005,0.26044131415330624,0.69692,0.06855065000000005,0.26044131415330624,0.69692
3,Neck,128,3,Fall,0.228092122689076,0.40597186382838973,3.9347440000000002,0.228092122689076,0.40597186382838973,3.9347440000000002,0.228092122689076,0.40597186382838973,3.9347440000000002,0.0423823529411713,42.169690975619154,1247.8200000000002,0.0423823529411713,42.169690975619154,1247.8200000000002,0.0423823529411713,42.169690975619154,1247.8200000000002,0.1178360749999999,0.31656697413705526,0.79702,0.1178360749999999,0.31656697413705526,0.79702,0.1178360749999999,0.31656697413705526,0.79702
3,Neck,128,4,Fall,0.17866469411764718,0.24941206208832556,2.165744,0.17866469411764718,0.24941206208832556,2.165744,0.17866469411764718,0.24941206208832556,2.165744,6.439220588235296,37.76859215365667,527.73,6.439220588235296,37.76859215365667,527.73,6.439220588235296,37.76859215365667,527.73,0.07930378750000006,0.29894768394903376,0.78848,0.07930378750000006,0.29894768394903376,0.78848,0.07930378750000006,0.29894768394903376,0.78848
3,Neck,129,1,Fall,0.3566994478991634,0.40127956858762953,3.4735840000000002,0.3566994478991634,0.40127956858762953,3.4735840000000002,0.3566994478991634,0.40127956858762953,3.4735840000000002,8.382926470587762,18.623549495883672,663.8800000000001,8.382926470587762,18.623549495883672,663.8800000000001,8.382926470587762,18.623549495883672,663.8800000000001,0.48130127500000136,0.023843529322564123,0.09884000000000004,0.48130127500000136,0.023843529322564123,0.09884000000000004,0.48130127500000136,0.023843529322564123,0.09884000000000004
3,Neck,130,1,Fall,0.47351572941176523,0.43803388305367186,1.9337,0.47351572941176523,0.43803388305367186,1.9337,0.47351572941176523,0.43803388305367186,1.9337,0.5608970588235264,25.59929796472819,613.9000000000001,0.5608970588235264,25.59929796472819,613.9000000000001,0.5608970588235264,25.59929796472819,613.9000000000001,0.11744827500000017,0.26743811321832084,0.6111,0.11744827500000017,0.26743811321832084,0.6111,0.11744827500000017,0.26743811321832084,0.6111
3,Neck,131,1,Fall,0.5730099075630246,0.3439178458013321,3.209576,0.5730099075630246,0.3439178458013321,3.209576,0.5730099075630246,0.3439178458013321,3.209576,6.119985294117667,15.422656598721472,411.25,6.119985294117667,15.422656598721472,411.25,6.119985294117667,15.422656598721472,411.25,0.010224024999999979,0.12233093191979118,0.3936799999999999,0.010224024999999979,0.12233093191979118,0.3936799999999999,0.010224024999999979,0.12233093191979118,0.3936799999999999
3,Neck,131,2,Fall,0.44030194705882475,0.4056223521520803,3.783464,0.44030194705882475,0.4056223521520803,3.783464,0.44030194705882475,0.4056223521520803,3.783464,2.442691176470595,21.751336058869423,640.71,2.442691176470595,21.751336058869423,640.71,2.442691176470595,21.751336058869423,640.71,0.4148668124999997,0.11811719645928777,0.40865999999999997,0.4148668124999997,0.11811719645928777,0.40865999999999997,0.4148668124999997,0.11811719645928777,0.40865999999999997
3,Neck,132,1,Fall,0.5632079764705852,0.4194774333833518,4.920504,0.5632079764705852,0.4194774333833518,4.920504,0.5632079764705852,0.4194774333833518,4.920504,9.907735294117531,28.69950582327499,501.69000000000005,9.907735294117531,28.69950582327499,501.69000000000005,9.907735294117531,28.69950582327499,501.69000000000005,0.45299353750000004,0.10536095610521823,0.29091999999999996,0.45299353750000004,0.10536095610521823,0.29091999999999996,0.45299353750000004,0.10536095610521823,0.29091999999999996
3,Neck,133,1,Fall,0.4246265873949591,0.597319426921714,9.43304,0.4246265873949591,0.597319426921714,9.43304,0.4246265873949591,0.597319426921714,9.43304,1.860852941176461,36.83289343875388,546.84,1.860852941176461,36.83289343875388,546.84,1.860852941176461,36.83289343875388,546.84,0.08015376249999998,0.2908688281671708,0.68026,0.08015376249999998,0.2908688281671708,0.68026,0.08015376249999998,0.2908688281671708,0.68026
3,Neck,134,1,Fall,0.5390167092436952,0.43512780464373696,4.259508,0.5390167092436952,0.43512780464373696,4.259508,0.5390167092436952,0.43512780464373696,4.259508,6.012632352941175,34.80906324737605,696.4300000000001,6.012632352941175,34.80906324737605,696.4300000000001,6.012632352941175,34.80906324737605,696.4300000000001,0.09269574999999967,0.27455987779079344,0.6834799999999999,0.09269574999999967,0.27455987779079344,0.6834799999999999,0.09269574999999967,0.27455987779079344,0.6834799999999999
3,Neck,134,2,Fall,0.3413577941176449,0.6326946131068616,4.482524,0.3413577941176449,0.6326946131068616,4.482524,0.3413577941176449,0.6326946131068616,4.482524,2.8665294117647058,38.23022417408095,792.5400000000001,2.8665294117647058,38.23022417408095,792.5400000000001,2.8665294117647058,38.23022417408095,792.5400000000001,0.10977540000000008,0.19754760419653905,0.5732999999999999,0.10977540000000008,0.19754760419653905,0.5732999999999999,0.10977540000000008,0.19754760419653905,0.5732999999999999
3,Neck,135,1,Fall,0.9187807184873968,0.12814058181150062,3.116612,0.9187807184873968,0.12814058181150062,3.116612,0.9187807184873968,0.12814058181150062,3.116612,7.0279852941176655,34.7597017308963,518.5600000000001,7.0279852941176655,34.7597017308963,518.5600000000001,7.0279852941176655,34.7597017308963,518.5600000000001,0.17017166250000007,0.13096469681986536,0.5020399999999999,0.17017166250000007,0.13096469681986536,0.5020399999999999,0.17017166250000007,0.13096469681986536,0.5020399999999999
3,Neck,135,2,Fall,0.9254677025210095,0.10999656713296493,2.3480119999999998,0.9254677025210095,0.10999656713296493,2.3480119999999998,0.9254677025210095,0.10999656713296493,2.3480119999999998,6.458132352941187,28.441788816114265,410.83000000000004,6.458132352941187,28.441788816114265,410.83000000000004,6.458132352941187,28.441788816114265,410.83000000000004,0.20614536249999987,0.06858424175697685,0.38233999999999996,0.20614536249999987,0.06858424175697685,0.38233999999999996,0.20614536249999987,0.06858424175697685,0.38233999999999996
4,Neck,13,1,No Fall,0.5821299201680682,0.4169844858571699,1.7228839999999999,0.5821299201680682,0.4169844858571699,1.7228839999999999,0.5821299201680682,0.4169844858571699,1.7228839999999999,7.494617647058815,36.49037343946554,272.16,7.494617647058815,36.49037343946554,272.16,7.494617647058815,36.49037343946554,272.16,0.2822277500000002,0.10609077763464851,0.45821999999999996,0.2822277500000002,0.10609077763464851,0.45821999999999996,0.2822277500000002,0.10609077763464851,0.45821999999999996
4,Neck,13,2,No Fall,0.745216342016805,0.19684593805869086,0.833016,0.745216342016805,0.19684593805869086,0.833016,0.745216342016805,0.19684593805869086,0.833016,6.517441176470598,25.409927897789483,198.17000000000002,6.517441176470598,25.409927897789483,198.17000000000002,6.517441176470598,25.409927897789483,198.17000000000002,0.2513666750000003,0.11728945703643526,0.37435999999999997,0.2513666750000003,0.11728945703643526,0.37435999999999997,0.2513666750000003,0.11728945703643526,0.37435999999999997
4,Neck,13,3,No Fall,0.8928193235294084,0.1307934676017513,0.9303720000000001,0.8928193235294084,0.1307934676017513,0.9303720000000001,0.8928193235294084,0.1307934676017513,0.9303720000000001,6.29247058823528,28.91185537098998,226.03000000000003,6.29247058823528,28.91185537098998,226.03000000000003,6.29247058823528,28.91185537098998,226.03000000000003,0.1631062125000002,0.10973169606524666,0.49363999999999997,0.1631062125000002,0.10973169606524666,0.49363999999999997,0.1631062125000002,0.10973169606524666,0.49363999999999997
4,Neck,13,4,No Fall,0.8982877428571412,0.08933124847007075,0.6588,0.8982877428571412,0.08933124847007075,0.6588,0.8982877428571412,0.08933124847007075,0.6588,4.017161764705884,17.861248396322917,113.68,4.017161764705884,17.861248396322917,113.68,4.017161764705884,17.861248396322917,113.68,0.06943877499999997,0.11115411757176412,0.43903999999999993,0.06943877499999997,0.11115411757176412,0.43903999999999993,0.06943877499999997,0.11115411757176412,0.43903999999999993
4,Neck,13,5,No Fall,0.904710786554621,0.15911220292697728,4.102616,0.904710786554621,0.15911220292697728,4.102616,0.904710786554621,0.15911220292697728,4.102616,5.260647058823523,28.9450799677705,575.26,5.260647058823523,28.9450799677705,575.26,5.260647058823523,28.9450799677705,575.26,0.1420659624999999,0.12014693630358637,0.5079199999999999,0.1420659624999999,0.12014693630358637,0.5079199999999999,0.1420659624999999,0.12014693630358637,0.5079199999999999
4,Neck,13,6,No Fall,0.8771667747899182,0.07755774354970978,0.76738,0.8771667747899182,0.07755774354970978,0.76738,0.8771667747899182,0.07755774354970978,0.76738,5.513044117647061,17.724459026475255,240.66000000000003,5.513044117647061,17.724459026475255,240.66000000000003,5.513044117647061,17.724459026475255,240.66000000000003,0.07385700000000002,0.08131562953857345,0.35629999999999995,0.07385700000000002,0.08131562953857345,0.35629999999999995,0.07385700000000002,0.08131562953857345,0.35629999999999995
4,Neck,13,7,No Fall,0.9490290806722721,0.05464760410029982,0.605608,0.9490290806722721,0.05464760410029982,0.605608,0.9490290806722721,0.05464760410029982,0.605608,6.149382352941182,13.891632413069296,122.71000000000001,6.149382352941182,13.891632413069296,122.71000000000001,6.149382352941182,13.891632413069296,122.71000000000001,0.2475666374999999,0.12684769315198394,0.49881999999999993,0.2475666374999999,0.12684769315198394,0.49881999999999993,0.2475666374999999,0.12684769315198394,0.49881999999999993
4,Neck,13,8,No Fall,0.9551074999999993,0.022832947663763824,0.3294,0.9551074999999993,0.022832947663763824,0.3294,0.9551074999999993,0.022832947663763824,0.3294,5.43119117647057,7.957762128469473,99.12,5.43119117647057,7.957762128469473,99.12,5.43119117647057,7.957762128469473,99.12,0.32239663749999997,0.023395687333560563,0.16715999999999998,0.32239663749999997,0.023395687333560563,0.16715999999999998,0.32239663749999997,0.023395687333560563,0.16715999999999998
4,Neck,13,9,No Fall,0.9415550941176468,0.09142780926734123,0.9389120000000001,0.9415550941176468,0.09142780926734123,0.9389120000000001,0.9415550941176468,0.09142780926734123,0.9389120000000001,6.22095588235293,20.8037139100269,180.53000000000003,6.22095588235293,20.8037139100269,180.53000000000003,6.22095588235293,20.8037139100269,180.53000000000003,0.13213681249999992,0.1372941769649486,0.42769999999999997,0.13213681249999992,0.1372941769649486,0.42769999999999997,0.13213681249999992,0.1372941769649486,0.42769999999999997
4,Neck,13,10,No Fall,0.9054194630252107,0.10066550922042786,0.642452,0.9054194630252107,0.10066550922042786,0.642452,0.9054194630252107,0.10066550922042786,0.642452,7.223485294117646,18.001987748800314,181.72000000000003,7.223485294117646,18.001987748800314,181.72000000000003,7.223485294117646,18.001987748800314,181.72000000000003,0.05129477499999996,0.09558611763157239,0.31836,0.05129477499999996,0.09558611763157239,0.31836,0.05129477499999996,0.09558611763157239,0.31836
4,Neck,13,11,No Fall,0.9178452142857151,0.05389089992293117,0.597312,0.9178452142857151,0.05389089992293117,0.597312,0.9178452142857151,0.05389089992293117,0.597312,-0.9286617647058889,15.477027817923762,151.83,-0.9286617647058889,15.477027817923762,151.83,-0.9286617647058889,15.477027817923762,151.83,0.21372889999999972,0.09526300225449068,0.40571999999999997,0.21372889999999972,0.09526300225449068,0.40571999999999997,0.21372889999999972,0.09526300225449068,0.40571999999999997
4,Neck,13,12,No Fall,0.9127208554621831,0.02441622383466191,0.304756,0.9127208554621831,0.02441622383466191,0.304756,0.9127208554621831,0.02441622383466191,0.304756,5.590455882352937,9.678339841890773,113.82000000000001,5.590455882352937,9.678339841890773,113.82000000000001,5.590455882352937,9.678339841890773,113.82000000000001,0.1815839375,0.031081374762980084,0.17191999999999996,0.1815839375,0.031081374762980084,0.17191999999999996,0.1815839375,0.031081374762980084,0.17191999999999996
4,Neck,14,1,No Fall,0.5836965949579832,0.41463966631189425,1.701412,0.5836965949579832,0.41463966631189425,1.701412,0.5836965949579832,0.41463966631189425,1.701412,4.910705882352935,35.11888790362467,272.16,4.910705882352935,35.11888790362467,272.16,4.910705882352935,35.11888790362467,272.16,0.2707075,0.1250742082494659,0.45569999999999994,0.2707075,0.1250742082494659,0.45569999999999994,0.2707075,0.1250742082494659,0.45569999999999994
4,Neck,14,2,No Fall,0.8381904915966377,0.19908325048829584,1.7609480000000002,0.8381904915966377,0.19908325048829584,1.7609480000000002,0.8381904915966377,0.19908325048829584,1.7609480000000002,2.793308823529415,20.927009548369178,152.46000000000004,2.793308823529415,20.927009548369178,152.46000000000004,2.793308823529415,20.927009548369178,152.46000000000004,0.20448863750000026,0.10826793429562372,0.42727999999999994,0.20448863750000026,0.10826793429562372,0.42727999999999994,0.20448863750000026,0.10826793429562372,0.42727999999999994
4,Neck,14,3,No Fall,0.8972813966386557,0.13549161726953654,1.0299239999999998,0.8972813966386557,0.13549161726953654,1.0299239999999998,0.8972813966386557,0.13549161726953654,1.0299239999999998,5.7141764705882325,28.29427058700021,226.03000000000003,5.7141764705882325,28.29427058700021,226.03000000000003,5.7141764705882325,28.29427058700021,226.03000000000003,0.22622941250000012,0.08191576917132119,0.40179999999999993,0.22622941250000012,0.08191576917132119,0.40179999999999993,0.22622941250000012,0.08191576917132119,0.40179999999999993
4,Neck,14,4,No Fall,0.9098165378151245,0.07691609100486504,0.36404800000000004,0.9098165378151245,0.07691609100486504,0.36404800000000004,0.9098165378151245,0.07691609100486504,0.36404800000000004,5.254985294117664,14.528888925377721,106.61000000000001,5.254985294117664,14.528888925377721,106.61000000000001,5.254985294117664,14.528888925377721,106.61000000000001,0.009529187499999925,0.0954039537379498,0.28041999999999995,0.009529187499999925,0.0954039537379498,0.28041999999999995,0.009529187499999925,0.0954039537379498,0.28041999999999995
4,Neck,14,5,No Fall,0.9071622689075642,0.13240792517845842,4.102616,0.9071622689075642,0.13240792517845842,4.102616,0.9071622689075642,0.13240792517845842,4.102616,5.916029411764691,24.818161443922182,575.26,5.916029411764691,24.818161443922182,575.26,5.916029411764691,24.818161443922182,575.26,0.11968827499999991,0.13177195526228408,0.47124,0.11968827499999991,0.13177195526228408,0.47124,0.11968827499999991,0.13177195526228408,0.47124
4,Neck,14,6,No Fall,0.9033687865546214,0.07214665121512208,0.567056,0.9033687865546214,0.07214665121512208,0.567056,0.9033687865546214,0.07214665121512208,0.567056,3.9662205882352946,16.633732171608216,206.29000000000002,3.9662205882352946,16.633732171608216,206.29000000000002,3.9662205882352946,16.633732171608216,206.29000000000002,0.038008775000000064,0.0979634691060852,0.40543999999999997,0.038008775000000064,0.0979634691060852,0.40543999999999997,0.038008775000000064,0.0979634691060852,0.40543999999999997
4,Neck,14,7,No Fall,0.9430155571428568,0.05741300571924876,0.585112,0.9430155571428568,0.05741300571924876,0.585112,0.9430155571428568,0.05741300571924876,0.585112,5.936308823529401,12.320708471861012,126.70000000000002,5.936308823529401,12.320708471861012,126.70000000000002,5.936308823529401,12.320708471861012,126.70000000000002,0.32081525000000005,0.06139581707175732,0.46606,0.32081525000000005,0.06139581707175732,0.46606,0.32081525000000005,0.06139581707175732,0.46606
4,Neck,14,8,No Fall,0.957447234453778,0.02165709925317438,0.34818799999999994,0.957447234453778,0.02165709925317438,0.34818799999999994,0.957447234453778,0.02165709925317438,0.34818799999999994,5.049676470588234,5.842216196129762,70.42,5.049676470588234,5.842216196129762,70.42,5.049676470588234,5.842216196129762,70.42,0.3106430249999997,0.02474182678370268,0.14825999999999995,0.3106430249999997,0.02474182678370268,0.14825999999999995,0.3106430249999997,0.02474182678370268,0.14825999999999995
4,Neck,14,9,No Fall,0.9502872184873945,0.06953394637481254,0.690276,0.9502872184873945,0.06953394637481254,0.690276,0.9502872184873945,0.06953394637481254,0.690276,4.497411764705886,19.432153597213762,216.37,4.497411764705886,19.432153597213762,216.37,4.497411764705886,19.432153597213762,216.37,0.07401423749999995,0.09917133137226422,0.40613999999999995,0.07401423749999995,0.09917133137226422,0.40613999999999995,0.07401423749999995,0.09917133137226422,0.40613999999999995
4,Neck,14,10,No Fall,0.8703999268907574,0.06691916980827081,0.426268,0.8703999268907574,0.06691916980827081,0.426268,0.8703999268907574,0.06691916980827081,0.426268,3.329176470588232,14.502796841884518,173.18,3.329176470588232,14.502796841884518,173.18,3.329176470588232,14.502796841884518,173.18,0.06481256250000002,0.1316752988268274,0.41691999999999996,0.06481256250000002,0.1316752988268274,0.41691999999999996,0.06481256250000002,0.1316752988268274,0.41691999999999996
4,Neck,14,11,No Fall,0.9164362680672262,0.05201753307937017,0.44334799999999996,0.9164362680672262,0.05201753307937017,0.44334799999999996,0.9164362680672262,0.05201753307937017,0.44334799999999996,0.044588235294114514,12.809333002768854,92.12,0.044588235294114514,12.809333002768854,92.12,0.044588235294114514,12.809333002768854,92.12,0.2156839124999998,0.08533739754691316,0.42532,0.2156839124999998,0.08533739754691316,0.42532,0.2156839124999998,0.08533739754691316,0.42532
4,Neck,14,12,No Fall,0.9183135815126026,0.02084397878643017,0.273524,0.9183135815126026,0.02084397878643017,0.273524,0.9183135815126026,0.02084397878643017,0.273524,5.326073529411771,5.59926736859255,64.54,5.326073529411771,5.59926736859255,64.54,5.326073529411771,5.59926736859255,64.54,0.18211051249999993,0.01902049879331008,0.12263999999999997,0.18211051249999993,0.01902049879331008,0.12263999999999997,0.18211051249999993,0.01902049879331008,0.12263999999999997
4,Neck,15,1,No Fall,0.6935621058823543,0.17194223509730944,1.7609480000000002,0.6935621058823543,0.17194223509730944,1.7609480000000002,0.6935621058823543,0.17194223509730944,1.7609480000000002,3.898588235294132,20.46733795462212,152.46000000000004,3.898588235294132,20.46733795462212,152.46000000000004,3.898588235294132,20.46733795462212,152.46000000000004,0.3111076500000002,0.04003647493918476,0.24527999999999997,0.3111076500000002,0.04003647493918476,0.24527999999999997,0.3111076500000002,0.04003647493918476,0.24527999999999997
4,Neck,15,2,No Fall,0.8595855495798325,0.09621191814239669,1.16876,0.8595855495798325,0.09621191814239669,1.16876,0.8595855495798325,0.09621191814239669,1.16876,5.067161764705885,12.880146701877027,164.71000000000004,5.067161764705885,12.880146701877027,164.71000000000004,5.067161764705885,12.880146701877027,164.71000000000004,0.12452422500000006,0.034226241480815045,0.26292,0.12452422500000006,0.034226241480815045,0.26292,0.12452422500000006,0.034226241480815045,0.26292
4,Neck,15,3,No Fall,0.7918405899159667,0.13377409027813303,1.494988,0.7918405899159667,0.13377409027813303,1.494988,0.7918405899159667,0.13377409027813303,1.494988,5.0633088235294155,18.886010981614206,260.26,5.0633088235294155,18.886010981614206,260.26,5.0633088235294155,18.886010981614206,260.26,0.1866331250000002,0.06260564523662436,0.38037999999999994,0.1866331250000002,0.06260564523662436,0.38037999999999994,0.1866331250000002,0.06260564523662436,0.38037999999999994
4,Neck,16,1,No Fall,0.36473837647058793,0.41236232636661846,1.7692439999999998,0.36473837647058793,0.41236232636661846,1.7692439999999998,0.36473837647058793,0.41236232636661846,1.7692439999999998,3.6242941176470382,39.112900666877934,313.74,3.6242941176470382,39.112900666877934,313.74,3.6242941176470382,39.112900666877934,313.74,-0.06193101250000004,0.2780213389886787,0.7834399999999999,-0.06193101250000004,0.2780213389886787,0.7834399999999999,-0.06193101250000004,0.2780213389886787,0.7834399999999999
4,Neck,16,2,No Fall,0.5907490151260506,0.3562041214337605,1.136064,0.5907490151260506,0.3562041214337605,1.136064,0.5907490151260506,0.3562041214337605,1.136064,2.498632352941172,28.773557105166283,260.47,2.498632352941172,28.773557105166283,260.47,2.498632352941172,28.773557105166283,260.47,-0.11002337499999994,0.22513621335918618,0.75922,-0.11002337499999994,0.22513621335918618,0.75922,-0.11002337499999994,0.22513621335918618,0.75922
4,Neck,16,3,No Fall,0.4172846991596658,0.4802802758932821,1.5623319999999998,0.4172846991596658,0.4802802758932821,1.5623319999999998,0.4172846991596658,0.4802802758932821,1.5623319999999998,6.385661764705892,24.564160969647812,294.98,6.385661764705892,24.564160969647812,294.98,6.385661764705892,24.564160969647812,294.98,-0.0007280875000000167,0.19455062832513798,0.7223999999999999,-0.0007280875000000167,0.19455062832513798,0.7223999999999999,-0.0007280875000000167,0.19455062832513798,0.7223999999999999
4,Neck,16,4,No Fall,0.4680580747899169,0.4649644273283936,1.573068,0.4680580747899169,0.4649644273283936,1.573068,0.4680580747899169,0.4649644273283936,1.573068,0.8331911764705812,35.130438188765815,414.26000000000005,0.8331911764705812,35.130438188765815,414.26000000000005,0.8331911764705812,35.130438188765815,414.26000000000005,-0.07362381249999995,0.17350059126612744,0.6958,-0.07362381249999995,0.17350059126612744,0.6958,-0.07362381249999995,0.17350059126612744,0.6958
4,Neck,16,5,No Fall,0.4501414008403368,0.46753469212788423,1.9522439999999999,0.4501414008403368,0.46753469212788423,1.9522439999999999,0.4501414008403368,0.46753469212788423,1.9522439999999999,1.4485000000000083,29.344991842324703,295.40000000000003,1.4485000000000083,29.344991842324703,295.40000000000003,1.4485000000000083,29.344991842324703,295.40000000000003,0.04044757500000001,0.2525166125057195,0.7264599999999999,0.04044757500000001,0.2525166125057195,0.7264599999999999,0.04044757500000001,0.2525166125057195,0.7264599999999999
4,Neck,16,6,No Fall,0.41181504957983106,0.46035179453441977,1.978596,0.41181504957983106,0.46035179453441977,1.978596,0.41181504957983106,0.46035179453441977,1.978596,1.026161764705886,31.189899621612728,410.20000000000005,1.026161764705886,31.189899621612728,410.20000000000005,1.026161764705886,31.189899621612728,410.20000000000005,-0.08625854999999992,0.12567711348702887,0.63406,-0.08625854999999992,0.12567711348702887,0.63406,-0.08625854999999992,0.12567711348702887,0.63406
4,Neck,17,1,No Fall,0.14025422436974794,0.18548285882755283,0.875228,0.14025422436974794,0.18548285882755283,0.875228,0.14025422436974794,0.18548285882755283,0.875228,7.201926470588232,12.241367190568276,93.66000000000001,7.201926470588232,12.241367190568276,93.66000000000001,7.201926470588232,12.241367190568276,93.66000000000001,-0.2598862875,0.10582266657334224,0.46018,-0.2598862875,0.10582266657334224,0.46018,-0.2598862875,0.10582266657334224,0.46018
4,Neck,17,2,No Fall,0.22965346638655482,0.1259722051797635,1.306132,0.22965346638655482,0.1259722051797635,1.306132,0.22965346638655482,0.1259722051797635,1.306132,7.213970588235268,21.088478770841522,218.26000000000005,7.213970588235268,21.088478770841522,218.26000000000005,7.213970588235268,21.088478770841522,218.26000000000005,-0.24353796249999948,0.12498219671630684,0.5401199999999999,-0.24353796249999948,0.12498219671630684,0.5401199999999999,-0.24353796249999948,0.12498219671630684,0.5401199999999999
4,Neck,17,3,No Fall,-0.09188773445378177,0.06749112088881361,0.7937319999999999,-0.09188773445378177,0.06749112088881361,0.7937319999999999,-0.09188773445378177,0.06749112088881361,0.7937319999999999,3.8532941176470725,13.521076287061796,182.98000000000002,3.8532941176470725,13.521076287061796,182.98000000000002,3.8532941176470725,13.521076287061796,182.98000000000002,0.1129933875,0.30629271405177183,0.68446,0.1129933875,0.30629271405177183,0.68446,0.1129933875,0.30629271405177183,0.68446
4,Neck,17,4,No Fall,0.09337941512605046,0.16575801599683418,1.391776,0.09337941512605046,0.16575801599683418,1.391776,0.09337941512605046,0.16575801599683418,1.391776,7.349191176470623,16.992128997399394,186.20000000000002,7.349191176470623,16.992128997399394,186.20000000000002,7.349191176470623,16.992128997399394,186.20000000000002,-0.0643335,0.1546460331870424,0.47879999999999995,-0.0643335,0.1546460331870424,0.47879999999999995,-0.0643335,0.1546460331870424,0.47879999999999995
4,Neck,17,5,No Fall,-0.18242203781512656,0.12293376108146681,0.776408,-0.18242203781512656,0.12293376108146681,0.776408,-0.18242203781512656,0.12293376108146681,0.776408,4.891397058823514,6.932230658119007,93.94000000000001,4.891397058823514,6.932230658119007,93.94000000000001,4.891397058823514,6.932230658119007,93.94000000000001,0.1052150750000001,0.2895857631024254,0.63798,0.1052150750000001,0.2895857631024254,0.63798,0.1052150750000001,0.2895857631024254,0.63798
4,Neck,17,6,No Fall,0.01926892605042015,0.1193676049124176,0.918172,0.01926892605042015,0.1193676049124176,0.918172,0.01926892605042015,0.1193676049124176,0.918172,6.464985294117652,12.159799096093627,156.38,6.464985294117652,12.159799096093627,156.38,6.464985294117652,12.159799096093627,156.38,-0.0846877499999999,0.11527347675621075,0.47641999999999995,-0.0846877499999999,0.11527347675621075,0.47641999999999995,-0.0846877499999999,0.11527347675621075,0.47641999999999995
4,Neck,18,1,No Fall,0.38832410336134426,0.4093353938209594,1.338096,0.38832410336134426,0.4093353938209594,1.338096,0.38832410336134426,0.4093353938209594,1.338096,9.25460294117647,26.35900284341681,196.49,9.25460294117647,26.35900284341681,196.49,9.25460294117647,26.35900284341681,196.49,-0.052589075000000006,0.18133796196032512,0.7963199999999999,-0.052589075000000006,0.18133796196032512,0.7963199999999999,-0.052589075000000006,0.18133796196032512,0.7963199999999999
4,Neck,18,2,No Fall,0.40750296470588215,0.35098957670786496,1.26636,0.40750296470588215,0.35098957670786496,1.26636,0.40750296470588215,0.35098957670786496,1.26636,4.729352941176473,41.79738385048164,254.45000000000005,4.729352941176473,41.79738385048164,254.45000000000005,4.729352941176473,41.79738385048164,254.45000000000005,0.03884518750000011,0.21069916782445075,0.67046,0.03884518750000011,0.21069916782445075,0.67046,0.03884518750000011,0.21069916782445075,0.67046
4,Neck,18,3,No Fall,0.5779000571428583,0.4466675239169431,1.368596,0.5779000571428583,0.4466675239169431,1.368596,0.5779000571428583,0.4466675239169431,1.368596,7.06410294117649,34.38532821759225,291.9,7.06410294117649,34.38532821759225,291.9,7.06410294117649,34.38532821759225,291.9,0.23880386250000032,0.167561872463639,0.5717599999999999,0.23880386250000032,0.167561872463639,0.5717599999999999,0.23880386250000032,0.167561872463639,0.5717599999999999
4,Neck,18,4,No Fall,0.5701357310924376,0.350119576185389,1.5020639999999998,0.5701357310924376,0.350119576185389,1.5020639999999998,0.5701357310924376,0.350119576185389,1.5020639999999998,4.852794117647064,28.69391323508596,271.88,4.852794117647064,28.69391323508596,271.88,4.852794117647064,28.69391323508596,271.88,0.08100067500000002,0.1111842932678117,0.46801999999999994,0.08100067500000002,0.1111842932678117,0.46801999999999994,0.08100067500000002,0.1111842932678117,0.46801999999999994
4,Neck,18,5,No Fall,0.35869701848739444,0.5846063085834609,1.722884,0.35869701848739444,0.5846063085834609,1.722884,0.35869701848739444,0.5846063085834609,1.722884,5.291102941176462,34.421942032341825,432.95000000000005,5.291102941176462,34.421942032341825,432.95000000000005,5.291102941176462,34.421942032341825,432.95000000000005,0.2456856500000001,0.15481324351394182,0.48622,0.2456856500000001,0.15481324351394182,0.48622,0.2456856500000001,0.15481324351394182,0.48622
4,Neck,18,6,No Fall,0.5691963823529411,0.4074821341333707,2.111088,0.5691963823529411,0.4074821341333707,2.111088,0.5691963823529411,0.4074821341333707,2.111088,7.922941176470591,41.226509958911286,342.51,7.922941176470591,41.226509958911286,342.51,7.922941176470591,41.226509958911286,342.51,0.032968337499999986,0.09485306456117527,0.6405,0.032968337499999986,0.09485306456117527,0.6405,0.032968337499999986,0.09485306456117527,0.6405
4,Neck,19,1,No Fall,0.9648818529411761,0.1567783762419829,1.141432,0.9648818529411761,0.1567783762419829,1.141432,0.9648818529411761,0.1567783762419829,1.141432,5.756779411764705,16.07250545460256,100.73000000000002,5.756779411764705,16.07250545460256,100.73000000000002,5.756779411764705,16.07250545460256,100.73000000000002,0.2526818000000002,0.020550627945469097,0.10864000000000001,0.2526818000000002,0.020550627945469097,0.10864000000000001,0.2526818000000002,0.020550627945469097,0.10864000000000001
4,Neck,19,2,No Fall,0.9590990529411751,0.24275458612024803,1.439112,0.9590990529411751,0.24275458612024803,1.439112,0.9590990529411751,0.24275458612024803,1.439112,5.95823529411764,21.972877879286997,146.58,5.95823529411764,21.972877879286997,146.58,5.95823529411764,21.972877879286997,146.58,0.2663922624999995,0.026085905570335972,0.1442,0.2663922624999995,0.026085905570335972,0.1442,0.2663922624999995,0.026085905570335972,0.1442
4,Neck,19,5,No Fall,0.9548965117647069,0.04246605468231088,0.37624800000000014,0.9548965117647069,0.04246605468231088,0.37624800000000014,0.9548965117647069,0.04246605468231088,0.37624800000000014,4.0800882352941015,11.722497374129645,119.21000000000001,4.0800882352941015,11.722497374129645,119.21000000000001,4.0800882352941015,11.722497374129645,119.21000000000001,0.03706176250000002,0.13763751947733394,0.45709999999999995,0.03706176250000002,0.13763751947733394,0.45709999999999995,0.03706176250000002,0.13763751947733394,0.45709999999999995
4,Neck,19,6,No Fall,0.9447472907563027,0.11817366388326643,0.9089,0.9447472907563027,0.11817366388326643,0.9089,0.9447472907563027,0.11817366388326643,0.9089,6.125720588235288,17.73158283231088,190.26000000000002,6.125720588235288,17.73158283231088,190.26000000000002,6.125720588235288,17.73158283231088,190.26000000000002,0.052327012499999916,0.07507087107778618,0.2485,0.052327012499999916,0.07507087107778618,0.2485,0.052327012499999916,0.07507087107778618,0.2485
4,Neck,20,1,No Fall,0.9583416789915978,0.21353256909548682,1.022848,0.9583416789915978,0.21353256909548682,1.022848,0.9583416789915978,0.21353256909548682,1.022848,5.990529411764712,23.1772329147904,107.66000000000001,5.990529411764712,23.1772329147904,107.66000000000001,5.990529411764712,23.1772329147904,107.66000000000001,0.26035423749999986,0.014530790582946514,0.08609999999999998,0.26035423749999986,0.014530790582946514,0.08609999999999998,0.26035423749999986,0.014530790582946514,0.08609999999999998
4,Neck,20,2,No Fall,0.9579693226890732,0.30404829961225616,1.4222759999999999,0.9579693226890732,0.30404829961225616,1.4222759999999999,0.9579693226890732,0.30404829961225616,1.4222759999999999,5.982279411764705,27.917820007272752,144.69,5.982279411764705,27.917820007272752,144.69,5.982279411764705,27.917820007272752,144.69,0.26257271249999936,0.02356363354108147,0.13132,0.26257271249999936,0.02356363354108147,0.13132,0.26257271249999936,0.02356363354108147,0.13132
4,Neck,20,5,No Fall,0.9487159302521054,0.05788280462525758,0.46262400000000004,0.9487159302521054,0.05788280462525758,0.46262400000000004,0.9487159302521054,0.05788280462525758,0.46262400000000004,4.004764705882334,16.71567752274603,119.21000000000001,4.004764705882334,16.71567752274603,119.21000000000001,4.004764705882334,16.71567752274603,119.21000000000001,0.18756552499999984,0.1435406343288863,0.43133999999999995,0.18756552499999984,0.1435406343288863,0.43133999999999995,0.18756552499999984,0.1435406343288863,0.43133999999999995
4,Neck,20,6,No Fall,0.9388682747899137,0.14503376802464343,0.9174399999999999,0.9388682747899137,0.14503376802464343,0.9174399999999999,0.9388682747899137,0.14503376802464343,0.9174399999999999,5.16089705882353,22.50540939419517,165.97000000000003,5.16089705882353,22.50540939419517,165.97000000000003,5.16089705882353,22.50540939419517,165.97000000000003,0.1860380375000001,0.09340245624269582,0.37827999999999995,0.1860380375000001,0.09340245624269582,0.37827999999999995,0.1860380375000001,0.09340245624269582,0.37827999999999995
4,Neck,21,1,No Fall,0.9649974966386566,0.1490207178787417,1.0043039999999999,0.9649974966386566,0.1490207178787417,1.0043039999999999,0.9649974966386566,0.1490207178787417,1.0043039999999999,5.361249999999994,16.793498603575305,101.08000000000001,5.361249999999994,16.793498603575305,101.08000000000001,5.361249999999994,16.793498603575305,101.08000000000001,0.24352720000000044,0.013899585576897855,0.11311999999999997,0.24352720000000044,0.013899585576897855,0.11311999999999997,0.24352720000000044,0.013899585576897855,0.11311999999999997
4,Neck,21,2,No Fall,0.9656683941176457,0.18218191074853626,1.1394799999999998,0.9656683941176457,0.18218191074853626,1.1394799999999998,0.9656683941176457,0.18218191074853626,1.1394799999999998,5.648632352941173,18.896072608690602,128.24,5.648632352941173,18.896072608690602,128.24,5.648632352941173,18.896072608690602,128.24,0.2513418250000002,0.011019748111896958,0.0791,0.2513418250000002,0.011019748111896958,0.0791,0.2513418250000002,0.011019748111896958,0.0791
4,Neck,21,5,No Fall,0.9441256546218485,0.042539926557600846,0.4687239999999999,0.9441256546218485,0.042539926557600846,0.4687239999999999,0.9441256546218485,0.042539926557600846,0.4687239999999999,6.513249999999991,13.2302680951289,103.11000000000001,6.513249999999991,13.2302680951289,103.11000000000001,6.513249999999991,13.2302680951289,103.11000000000001,0.09368773749999987,0.14710487375103154,0.4326,0.09368773749999987,0.14710487375103154,0.4326,0.09368773749999987,0.14710487375103154,0.4326
4,Neck,21,6,No Fall,0.932620183193275,0.10580916060559868,0.885232,0.932620183193275,0.10580916060559868,0.885232,0.932620183193275,0.10580916060559868,0.885232,7.8237647058823505,17.96997174105038,139.37,7.8237647058823505,17.96997174105038,139.37,7.8237647058823505,17.96997174105038,139.37,0.18301088749999994,0.08879704221934516,0.37827999999999995,0.18301088749999994,0.08879704221934516,0.37827999999999995,0.18301088749999994,0.08879704221934516,0.37827999999999995
4,Neck,22,1,No Fall,0.9634104201680664,0.5662046524211017,2.7801359999999997,0.9634104201680664,0.5662046524211017,2.7801359999999997,0.9634104201680664,0.5662046524211017,2.7801359999999997,5.95414705882354,44.68428560259711,262.92,5.95414705882354,44.68428560259711,262.92,5.95414705882354,44.68428560259711,262.92,0.25545257500000007,0.01925896881440559,0.11535999999999996,0.25545257500000007,0.01925896881440559,0.11535999999999996,0.25545257500000007,0.01925896881440559,0.11535999999999996
4,Neck,22,3,No Fall,0.9398697000000004,0.171263836386604,1.0189439999999998,0.9398697000000004,0.171263836386604,1.0189439999999998,0.9398697000000004,0.171263836386604,1.0189439999999998,-0.303220588235295,30.14701487735776,236.88000000000002,-0.303220588235295,30.14701487735776,236.88000000000002,-0.303220588235295,30.14701487735776,236.88000000000002,0.19706601249999975,0.09177166194316048,0.42055999999999993,0.19706601249999975,0.09177166194316048,0.42055999999999993,0.19706601249999975,0.09177166194316048,0.42055999999999993
4,Neck,23,1,No Fall,0.9629870084033598,0.33353636509094425,5.105456,0.9629870084033598,0.33353636509094425,5.105456,0.9629870084033598,0.33353636509094425,5.105456,5.644352941176471,37.45178700159377,456.40000000000003,5.644352941176471,37.45178700159377,456.40000000000003,5.644352941176471,37.45178700159377,456.40000000000003,0.2475309375000004,0.04303051366545068,0.27636,0.2475309375000004,0.04303051366545068,0.27636,0.2475309375000004,0.04303051366545068,0.27636
4,Neck,23,3,No Fall,0.9061613050420181,0.2045073026654367,1.839272,0.9061613050420181,0.2045073026654367,1.839272,0.9061613050420181,0.2045073026654367,1.839272,3.2621911764705867,35.131959539087894,429.73,3.2621911764705867,35.131959539087894,429.73,3.2621911764705867,35.131959539087894,429.73,0.2147474875,0.08171596942442895,0.44730000000000003,0.2147474875,0.08171596942442895,0.44730000000000003,0.2147474875,0.08171596942442895,0.44730000000000003
4,Neck,24,1,No Fall,0.8582687184873955,0.8087589920712083,6.050224,0.8582687184873955,0.8087589920712083,6.050224,0.8582687184873955,0.8087589920712083,6.050224,6.365999999999992,58.60451481087176,521.99,6.365999999999992,58.60451481087176,521.99,6.365999999999992,58.60451481087176,521.99,0.22331233749999968,0.10355983622203675,0.5994799999999999,0.22331233749999968,0.10355983622203675,0.5994799999999999,0.22331233749999968,0.10355983622203675,0.5994799999999999
4,Neck,24,3,No Fall,0.9413412352941174,0.5129678954588924,2.548092,0.9413412352941174,0.5129678954588924,2.548092,0.9413412352941174,0.5129678954588924,2.548092,5.346852941176467,36.643257019373145,308.14000000000004,5.346852941176467,36.643257019373145,308.14000000000004,5.346852941176467,36.643257019373145,308.14000000000004,0.23656123749999974,0.05756835790269995,0.28728,0.23656123749999974,0.05756835790269995,0.28728,0.23656123749999974,0.05756835790269995,0.28728
4,Neck,25,1,No Fall,0.9638185050420153,0.9593030281842831,5.734,0.9638185050420153,0.9593030281842831,5.734,0.9638185050420153,0.9593030281842831,5.734,7.744514705882356,60.14682574684644,464.1,7.744514705882356,60.14682574684644,464.1,7.744514705882356,60.14682574684644,464.1,0.23927828750000013,0.05130533346147686,0.27999999999999997,0.23927828750000013,0.05130533346147686,0.27999999999999997,0.23927828750000013,0.05130533346147686,0.27999999999999997
4,Neck,25,3,No Fall,0.9240732117647069,0.7845644716357745,3.549956,0.9240732117647069,0.7845644716357745,3.549956,0.9240732117647069,0.7845644716357745,3.549956,7.456044117647075,44.50511865801707,446.95000000000005,7.456044117647075,44.50511865801707,446.95000000000005,7.456044117647075,44.50511865801707,446.95000000000005,0.19967018750000037,0.08420819974937409,0.41509999999999997,0.19967018750000037,0.08420819974937409,0.41509999999999997,0.19967018750000037,0.08420819974937409,0.41509999999999997
4,Neck,26,3,No Fall,0.8769518907563001,0.18151552857575282,3.02926,0.8769518907563001,0.18151552857575282,3.02926,0.8769518907563001,0.18151552857575282,3.02926,5.391985294117656,15.573587855494129,385.35,5.391985294117656,15.573587855494129,385.35,5.391985294117656,15.573587855494129,385.35,-0.13435476250000017,0.015880153868048297,0.12936,-0.13435476250000017,0.015880153868048297,0.12936,-0.13435476250000017,0.015880153868048297,0.12936
4,Neck,26,4,No Fall,0.8860560638655447,0.3490769567757121,6.157828,0.8860560638655447,0.3490769567757121,6.157828,0.8860560638655447,0.3490769567757121,6.157828,7.159720588235302,27.733867449081274,407.61,7.159720588235302,27.733867449081274,407.61,7.159720588235302,27.733867449081274,407.61,-0.02003714999999998,0.14838005575874852,0.43232,-0.02003714999999998,0.14838005575874852,0.43232,-0.02003714999999998,0.14838005575874852,0.43232
4,Neck,27,3,No Fall,0.878893382352942,0.31249978999426753,6.943264,0.878893382352942,0.31249978999426753,6.943264,0.878893382352942,0.31249978999426753,6.943264,7.323382352941192,28.11261001109048,651.9100000000001,7.323382352941192,28.11261001109048,651.9100000000001,7.323382352941192,28.11261001109048,651.9100000000001,-0.128886275,0.03309134144566435,0.32787999999999995,-0.128886275,0.03309134144566435,0.32787999999999995,-0.128886275,0.03309134144566435,0.32787999999999995
4,Neck,27,4,No Fall,0.8776784058823545,0.3432214460429032,6.157828,0.8776784058823545,0.3432214460429032,6.157828,0.8776784058823545,0.3432214460429032,6.157828,8.132897058823533,29.175815877143663,466.90000000000003,8.132897058823533,29.175815877143663,466.90000000000003,8.132897058823533,29.175815877143663,466.90000000000003,-0.04815343749999994,0.1519833541794984,0.6166999999999999,-0.04815343749999994,0.1519833541794984,0.6166999999999999,-0.04815343749999994,0.1519833541794984,0.6166999999999999
4,Neck,28,3,No Fall,0.8101174714285713,0.1922012165636337,1.2165839999999999,0.8101174714285713,0.1922012165636337,1.2165839999999999,0.8101174714285713,0.1922012165636337,1.2165839999999999,5.257191176470569,37.173181098345275,337.75,5.257191176470569,37.173181098345275,337.75,5.257191176470569,37.173181098345275,337.75,-0.10108253750000003,0.14512300113428783,0.63532,-0.10108253750000003,0.14512300113428783,0.63532,-0.10108253750000003,0.14512300113428783,0.63532
4,Neck,28,4,No Fall,0.8139813344537805,0.25198158190740133,1.392996,0.8139813344537805,0.25198158190740133,1.392996,0.8139813344537805,0.25198158190740133,1.392996,7.6681323529411864,33.85116091250511,261.87,7.6681323529411864,33.85116091250511,261.87,7.6681323529411864,33.85116091250511,261.87,0.1839065374999999,0.17497490787825254,0.7036399999999999,0.1839065374999999,0.17497490787825254,0.7036399999999999,0.1839065374999999,0.17497490787825254,0.7036399999999999
4,Neck,29,2,No Fall,0.8619421487394967,0.14223425108127494,0.927688,0.8619421487394967,0.14223425108127494,0.927688,0.8619421487394967,0.14223425108127494,0.927688,8.25966176470589,13.150888036056214,92.82000000000001,8.25966176470589,13.150888036056214,92.82000000000001,8.25966176470589,13.150888036056214,92.82000000000001,-0.015129187499999992,0.05375205999132184,0.2919,-0.015129187499999992,0.05375205999132184,0.2919,-0.015129187499999992,0.05375205999132184,0.2919
4,Neck,30,2,No Fall,0.8782109512605044,0.19659984817169854,1.082384,0.8782109512605044,0.19659984817169854,1.082384,0.8782109512605044,0.19659984817169854,1.082384,9.918117647058837,16.705138498858584,101.5,9.918117647058837,16.705138498858584,101.5,9.918117647058837,16.705138498858584,101.5,0.03695579999999998,0.07687505678588082,0.35868,0.03695579999999998,0.07687505678588082,0.35868,0.03695579999999998,0.07687505678588082,0.35868
4,Neck,31,2,No Fall,0.8572750848739473,0.14282658995624836,1.048956,0.8572750848739473,0.14282658995624836,1.048956,0.8572750848739473,0.14282658995624836,1.048956,10.41138235294114,15.252813085432715,110.32000000000002,10.41138235294114,15.252813085432715,110.32000000000002,10.41138235294114,15.252813085432715,110.32000000000002,0.01929270000000001,0.07771101093456954,0.36848,0.01929270000000001,0.07771101093456954,0.36848,0.01929270000000001,0.07771101093456954,0.36848
4,Neck,32,2,No Fall,0.8412527941176458,0.16149480621215262,1.170712,0.8412527941176458,0.16149480621215262,1.170712,0.8412527941176458,0.16149480621215262,1.170712,5.168338235294114,16.38880041814902,107.38000000000001,5.168338235294114,16.38880041814902,107.38000000000001,5.168338235294114,16.38880041814902,107.38000000000001,0.0080353,0.06479165097203728,0.26614,0.0080353,0.06479165097203728,0.26614,0.0080353,0.06479165097203728,0.26614
4,Neck,33,2,No Fall,0.8424094873949601,0.20594228440109327,1.098976,0.8424094873949601,0.20594228440109327,1.098976,0.8424094873949601,0.20594228440109327,1.098976,-0.48602941176470427,20.22358046644889,118.16000000000001,-0.48602941176470427,20.22358046644889,118.16000000000001,-0.48602941176470427,20.22358046644889,118.16000000000001,-0.014381762500000084,0.07667769762104157,0.38178,-0.014381762500000084,0.07667769762104157,0.38178,-0.014381762500000084,0.07667769762104157,0.38178
4,Neck,34,2,No Fall,0.8351445924369754,0.1502334272367402,1.066768,0.8351445924369754,0.1502334272367402,1.066768,0.8351445924369754,0.1502334272367402,1.066768,5.339044117647072,17.182419982385632,116.06,5.339044117647072,17.182419982385632,116.06,5.339044117647072,17.182419982385632,116.06,-0.04889036249999989,0.055131518000520734,0.25004,-0.04889036249999989,0.055131518000520734,0.25004,-0.04889036249999989,0.055131518000520734,0.25004
4,Neck,35,2,No Fall,0.8826087436974808,0.20034580849547018,1.0311439999999998,0.8826087436974808,0.20034580849547018,1.0311439999999998,0.8826087436974808,0.20034580849547018,1.0311439999999998,11.672500000000033,19.5200191647677,109.9,11.672500000000033,19.5200191647677,109.9,11.672500000000033,19.5200191647677,109.9,0.039603550000000015,0.0798961295564204,0.37981999999999994,0.039603550000000015,0.0798961295564204,0.37981999999999994,0.039603550000000015,0.0798961295564204,0.37981999999999994
4,Neck,36,2,No Fall,0.8493420605042002,0.1851031139733806,1.082872,0.8493420605042002,0.1851031139733806,1.082872,0.8493420605042002,0.1851031139733806,1.082872,-4.042264705882346,23.792157537367828,120.19000000000001,-4.042264705882346,23.792157537367828,120.19000000000001,-4.042264705882346,23.792157537367828,120.19000000000001,-0.00873827499999997,0.07275228714327295,0.35434,-0.00873827499999997,0.07275228714327295,0.35434,-0.00873827499999997,0.07275228714327295,0.35434
4,Neck,37,2,No Fall,0.8285208638655459,0.024458236082257934,0.18788000000000005,0.8285208638655459,0.024458236082257934,0.18788000000000005,0.8285208638655459,0.024458236082257934,0.18788000000000005,4.874926470588242,3.6458122321593653,35.35000000000001,4.874926470588242,3.6458122321593653,35.35000000000001,4.874926470588242,3.6458122321593653,35.35000000000001,0.16394008749999966,0.013173806377672006,0.08175999999999997,0.16394008749999966,0.013173806377672006,0.08175999999999997,0.16394008749999966,0.013173806377672006,0.08175999999999997
4,Neck,38,2,No Fall,0.8458064697478983,0.04784752635589595,0.4189479999999999,0.8458064697478983,0.04784752635589595,0.4189479999999999,0.8458064697478983,0.04784752635589595,0.4189479999999999,6.318426470588231,10.455281141283528,87.29,6.318426470588231,10.455281141283528,87.29,6.318426470588231,10.455281141283528,87.29,0.1695715000000002,0.03302297382505329,0.14937999999999999,0.1695715000000002,0.03302297382505329,0.14937999999999999,0.1695715000000002,0.03302297382505329,0.14937999999999999
4,Neck,39,2,No Fall,0.7079990630252107,0.3141154345855047,2.392908,0.7079990630252107,0.3141154345855047,2.392908,0.7079990630252107,0.3141154345855047,2.392908,4.086294117647065,33.78379912722747,397.53000000000003,4.086294117647065,33.78379912722747,397.53000000000003,4.086294117647065,33.78379912722747,397.53000000000003,0.22453182499999985,0.06286523163492035,0.22064,0.22453182499999985,0.06286523163492035,0.22064,0.22453182499999985,0.06286523163492035,0.22064
4,Neck,40,2,No Fall,0.8467968739495793,0.04346138979752802,0.5541240000000001,0.8467968739495793,0.04346138979752802,0.5541240000000001,0.8467968739495793,0.04346138979752802,0.5541240000000001,4.670911764705883,7.677725948431481,84.35000000000001,4.670911764705883,7.677725948431481,84.35000000000001,4.670911764705883,7.677725948431481,84.35000000000001,0.16127807499999974,0.02205846976445994,0.12040000000000001,0.16127807499999974,0.02205846976445994,0.12040000000000001,0.16127807499999974,0.02205846976445994,0.12040000000000001
4,Neck,41,1,No Fall,0.9176141319327723,0.12766917063112188,4.019656,0.9176141319327723,0.12766917063112188,4.019656,0.9176141319327723,0.12766917063112188,4.019656,4.916720588235312,25.267171612096593,476.70000000000005,4.916720588235312,25.267171612096593,476.70000000000005,4.916720588235312,25.267171612096593,476.70000000000005,-0.22693553749999978,0.054630151063440734,0.2394,-0.22693553749999978,0.054630151063440734,0.2394,-0.22693553749999978,0.054630151063440734,0.2394
4,Neck,41,2,No Fall,0.9498231571428591,0.03323805171401802,0.26474,0.9498231571428591,0.03323805171401802,0.26474,0.9498231571428591,0.03323805171401802,0.26474,5.138000000000002,4.4575302101837195,34.02,5.138000000000002,4.4575302101837195,34.02,5.138000000000002,4.4575302101837195,34.02,-0.07976727499999994,0.013749588650825774,0.09337999999999999,-0.07976727499999994,0.013749588650825774,0.09337999999999999,-0.07976727499999994,0.013749588650825774,0.09337999999999999
4,Neck,41,3,No Fall,0.9587910798319351,0.04545409629777109,0.4106519999999999,0.9587910798319351,0.04545409629777109,0.4106519999999999,0.9587910798319351,0.04545409629777109,0.4106519999999999,5.492220588235311,6.184447816481691,44.800000000000004,5.492220588235311,6.184447816481691,44.800000000000004,5.492220588235311,6.184447816481691,44.800000000000004,-0.07635573749999996,0.01396020822604968,0.09254,-0.07635573749999996,0.01396020822604968,0.09254,-0.07635573749999996,0.01396020822604968,0.09254
4,Neck,41,4,No Fall,0.9559490436974796,0.0443588473759944,0.30988000000000004,0.9559490436974796,0.0443588473759944,0.30988000000000004,0.9559490436974796,0.0443588473759944,0.30988000000000004,5.203176470588227,5.428205461746751,52.220000000000006,5.203176470588227,5.428205461746751,52.220000000000006,5.203176470588227,5.428205461746751,52.220000000000006,-0.07355512500000003,0.013420577974890355,0.07518,-0.07355512500000003,0.013420577974890355,0.07518,-0.07355512500000003,0.013420577974890355,0.07518
4,Neck,41,5,No Fall,0.9609809285714288,0.04761795654293242,0.41723999999999994,0.9609809285714288,0.04761795654293242,0.41723999999999994,0.9609809285714288,0.04761795654293242,0.41723999999999994,5.163338235294145,5.197152210799183,57.050000000000004,5.163338235294145,5.197152210799183,57.050000000000004,5.163338235294145,5.197152210799183,57.050000000000004,-0.05750954999999999,0.008476701117542567,0.07056,-0.05750954999999999,0.008476701117542567,0.07056,-0.05750954999999999,0.008476701117542567,0.07056
4,Neck,41,6,No Fall,0.9484335873949641,0.0490467651916085,0.3540439999999999,0.9484335873949641,0.0490467651916085,0.3540439999999999,0.9484335873949641,0.0490467651916085,0.3540439999999999,5.260073529411737,9.714377610239966,73.71000000000001,5.260073529411737,9.714377610239966,73.71000000000001,5.260073529411737,9.714377610239966,73.71000000000001,-0.06909524999999996,0.015669094765468437,0.10583999999999999,-0.06909524999999996,0.015669094765468437,0.10583999999999999,-0.06909524999999996,0.015669094765468437,0.10583999999999999
4,Neck,41,7,No Fall,0.955939816806722,0.031899605984020515,0.24204800000000004,0.955939816806722,0.031899605984020515,0.24204800000000004,0.955939816806722,0.031899605984020515,0.24204800000000004,5.237808823529409,4.683802508143017,40.32000000000001,5.237808823529409,4.683802508143017,40.32000000000001,5.237808823529409,4.683802508143017,40.32000000000001,-0.06753232500000002,0.016640196263165673,0.0924,-0.06753232500000002,0.016640196263165673,0.0924,-0.06753232500000002,0.016640196263165673,0.0924
4,Neck,41,8,No Fall,0.9488554613445375,0.029511032083538016,0.24570800000000004,0.9488554613445375,0.029511032083538016,0.24570800000000004,0.9488554613445375,0.029511032083538016,0.24570800000000004,5.207338235294112,5.190695596595546,41.72,5.207338235294112,5.190695596595546,41.72,5.207338235294112,5.190695596595546,41.72,-0.06356770000000005,0.013573961967206904,0.08357999999999999,-0.06356770000000005,0.013573961967206904,0.08357999999999999,-0.06356770000000005,0.013573961967206904,0.08357999999999999
4,Neck,41,9,No Fall,0.8939975974789923,0.08209774896104033,0.936472,0.8939975974789923,0.08209774896104033,0.936472,0.8939975974789923,0.08209774896104033,0.936472,6.139573529411761,12.59208897924247,168.49,6.139573529411761,12.59208897924247,168.49,6.139573529411761,12.59208897924247,168.49,-0.05024801249999999,0.11111698561812171,0.38808,-0.05024801249999999,0.11111698561812171,0.38808,-0.05024801249999999,0.11111698561812171,0.38808
4,Neck,41,10,No Fall,0.909497389915961,0.035498281410890516,0.3733199999999999,0.909497389915961,0.035498281410890516,0.3733199999999999,0.909497389915961,0.035498281410890516,0.3733199999999999,5.068499999999993,8.832696551178612,75.04000000000002,5.068499999999993,8.832696551178612,75.04000000000002,5.068499999999993,8.832696551178612,75.04000000000002,-0.12472127500000006,0.027698352127310415,0.18255999999999997,-0.12472127500000006,0.027698352127310415,0.18255999999999997,-0.12472127500000006,0.027698352127310415,0.18255999999999997
4,Neck,41,11,No Fall,0.9169789630252098,0.04388624424452155,0.3379399999999999,0.9169789630252098,0.04388624424452155,0.3379399999999999,0.9169789630252098,0.04388624424452155,0.3379399999999999,5.897249999999993,5.049232041755849,41.02,5.897249999999993,5.049232041755849,41.02,5.897249999999993,5.049232041755849,41.02,-0.08500038749999993,0.033148373991589264,0.17961999999999997,-0.08500038749999993,0.033148373991589264,0.17961999999999997,-0.08500038749999993,0.033148373991589264,0.17961999999999997
4,Neck,41,12,No Fall,0.8961398252100832,0.10338167297002283,1.2417159999999998,0.8961398252100832,0.10338167297002283,1.2417159999999998,0.8961398252100832,0.10338167297002283,1.2417159999999998,5.053602941176482,18.176571439577863,194.46,5.053602941176482,18.176571439577863,194.46,5.053602941176482,18.176571439577863,194.46,-0.017140374999999996,0.07141247995828882,0.28854,-0.017140374999999996,0.07141247995828882,0.28854,-0.017140374999999996,0.07141247995828882,0.28854
4,Neck,41,13,No Fall,0.8935166714285702,0.08694962898035032,0.9450120000000001,0.8935166714285702,0.08694962898035032,0.9450120000000001,0.8935166714285702,0.08694962898035032,0.9450120000000001,5.410617647058851,14.542468125939752,179.41000000000003,5.410617647058851,14.542468125939752,179.41000000000003,5.410617647058851,14.542468125939752,179.41000000000003,-0.1131356624999999,0.047156786049095234,0.20607999999999999,-0.1131356624999999,0.047156786049095234,0.20607999999999999,-0.1131356624999999,0.047156786049095234,0.20607999999999999
4,Neck,41,14,No Fall,0.891974037815123,0.0634381427631409,0.3894239999999999,0.891974037815123,0.0634381427631409,0.3894239999999999,0.891974037815123,0.0634381427631409,0.3894239999999999,5.728941176470582,8.68967117054626,76.44000000000001,5.728941176470582,8.68967117054626,76.44000000000001,5.728941176470582,8.68967117054626,76.44000000000001,-0.15617691250000007,0.03833641753980092,0.15455999999999998,-0.15617691250000007,0.03833641753980092,0.15455999999999998,-0.15617691250000007,0.03833641753980092,0.15455999999999998
4,Neck,42,1,No Fall,0.9572043109243705,0.08860731337994006,4.247064,0.9572043109243705,0.08860731337994006,4.247064,0.9572043109243705,0.08860731337994006,4.247064,5.077470588235291,22.041075803063684,907.1300000000001,5.077470588235291,22.041075803063684,907.1300000000001,5.077470588235291,22.041075803063684,907.1300000000001,-0.27233377499999956,0.01862756104589244,0.16519999999999996,-0.27233377499999956,0.01862756104589244,0.16519999999999996,-0.27233377499999956,0.01862756104589244,0.16519999999999996
4,Neck,42,2,No Fall,0.9623243126050423,0.05917513592511634,0.48287599999999997,0.9623243126050423,0.05917513592511634,0.48287599999999997,0.9623243126050423,0.05917513592511634,0.48287599999999997,5.202617647058826,9.855505612453364,100.87,5.202617647058826,9.855505612453364,100.87,5.202617647058826,9.855505612453364,100.87,-0.29307556250000016,0.01747718376995924,0.09338000000000002,-0.29307556250000016,0.01747718376995924,0.09338000000000002,-0.29307556250000016,0.01747718376995924,0.09338000000000002
4,Neck,42,3,No Fall,0.9601773176470556,0.043766625724832614,0.42822000000000005,0.9601773176470556,0.043766625724832614,0.42822000000000005,0.9601773176470556,0.043766625724832614,0.42822000000000005,5.196397058823513,7.165796042945586,66.64000000000001,5.196397058823513,7.165796042945586,66.64000000000001,5.196397058823513,7.165796042945586,66.64000000000001,-0.2945818749999994,0.011649872582623769,0.07223999999999997,-0.2945818749999994,0.011649872582623769,0.07223999999999997,-0.2945818749999994,0.011649872582623769,0.07223999999999997
4,Neck,42,4,No Fall,0.9740498453781534,0.05149017073904833,0.4601839999999999,0.9740498453781534,0.05149017073904833,0.4601839999999999,0.9740498453781534,0.05149017073904833,0.4601839999999999,5.304014705882347,6.367248486127054,71.68,5.304014705882347,6.367248486127054,71.68,5.304014705882347,6.367248486127054,71.68,-0.3017790125000003,0.015018704161695469,0.10289999999999999,-0.3017790125000003,0.015018704161695469,0.10289999999999999,-0.3017790125000003,0.015018704161695469,0.10289999999999999
4,Neck,42,5,No Fall,0.9605363974789897,0.05852900986323366,0.454816,0.9605363974789897,0.05852900986323366,0.454816,0.9605363974789897,0.05852900986323366,0.454816,5.6002058823529435,8.440914242065686,70.0,5.6002058823529435,8.440914242065686,70.0,5.6002058823529435,8.440914242065686,70.0,-0.28382777500000034,0.04195674724581293,0.18494,-0.28382777500000034,0.04195674724581293,0.18494,-0.28382777500000034,0.04195674724581293,0.18494
4,Neck,42,6,No Fall,0.9707907537815114,0.055241519985739077,0.547048,0.9707907537815114,0.055241519985739077,0.547048,0.9707907537815114,0.055241519985739077,0.547048,4.9823823529411735,8.475403523387161,110.74000000000001,4.9823823529411735,8.475403523387161,110.74000000000001,4.9823823529411735,8.475403523387161,110.74000000000001,-0.30464691249999987,0.03308707185472581,0.15497999999999995,-0.30464691249999987,0.03308707185472581,0.15497999999999995,-0.30464691249999987,0.03308707185472581,0.15497999999999995
4,Neck,42,8,No Fall,0.9675589840336165,0.037726621718970524,0.310856,0.9675589840336165,0.037726621718970524,0.310856,0.9675589840336165,0.037726621718970524,0.310856,5.295794117647064,6.226479083166545,59.080000000000005,5.295794117647064,6.226479083166545,59.080000000000005,5.295794117647064,6.226479083166545,59.080000000000005,-0.3154199125000001,0.008798677582275765,0.05893999999999999,-0.3154199125000001,0.008798677582275765,0.05893999999999999,-0.3154199125000001,0.008798677582275765,0.05893999999999999
4,Neck,42,9,No Fall,0.8968766949579853,0.10476730705487883,1.5750199999999999,0.8968766949579853,0.10476730705487883,1.5750199999999999,0.8968766949579853,0.10476730705487883,1.5750199999999999,3.0326911764705846,16.672633826960038,197.19,3.0326911764705846,16.672633826960038,197.19,3.0326911764705846,16.672633826960038,197.19,-0.1231279874999999,0.031887479832312396,0.21769999999999998,-0.1231279874999999,0.031887479832312396,0.21769999999999998,-0.1231279874999999,0.031887479832312396,0.21769999999999998
4,Neck,42,10,No Fall,0.8800028647058808,0.05719923836155915,0.33208399999999993,0.8800028647058808,0.05719923836155915,0.33208399999999993,0.8800028647058808,0.05719923836155915,0.33208399999999993,5.356588235294125,6.9359397716122,56.21000000000001,5.356588235294125,6.9359397716122,56.21000000000001,5.356588235294125,6.9359397716122,56.21000000000001,-0.12365744999999986,0.03421504399046629,0.15316,-0.12365744999999986,0.03421504399046629,0.15316,-0.12365744999999986,0.03421504399046629,0.15316
4,Neck,42,11,No Fall,0.8433671873949569,0.06737777165875744,1.412516,0.8433671873949569,0.06737777165875744,1.412516,0.8433671873949569,0.06737777165875744,1.412516,4.983294117647053,10.990833476021407,259.28000000000003,4.983294117647053,10.990833476021407,259.28000000000003,4.983294117647053,10.990833476021407,259.28000000000003,-0.11387766249999992,0.041018478458134944,0.33641999999999994,-0.11387766249999992,0.041018478458134944,0.33641999999999994,-0.11387766249999992,0.041018478458134944,0.33641999999999994
4,Neck,42,13,No Fall,0.8497635243697486,0.060894824557760206,0.529968,0.8497635243697486,0.060894824557760206,0.529968,0.8497635243697486,0.060894824557760206,0.529968,4.464720588235286,4.224943224063564,45.78,4.464720588235286,4.224943224063564,45.78,4.464720588235286,4.224943224063564,45.78,-0.09986392499999995,0.03315691067557172,0.17822,-0.09986392499999995,0.03315691067557172,0.17822,-0.09986392499999995,0.03315691067557172,0.17822
4,Neck,42,14,No Fall,0.8857816151260507,0.06621596566580161,0.49849199999999994,0.8857816151260507,0.06621596566580161,0.49849199999999994,0.8857816151260507,0.06621596566580161,0.49849199999999994,5.308249999999987,7.177272939097349,80.43,5.308249999999987,7.177272939097349,80.43,5.308249999999987,7.177272939097349,80.43,0.03774128749999996,0.014358669932090866,0.126,0.03774128749999996,0.014358669932090866,0.126,0.03774128749999996,0.014358669932090866,0.126
4,Neck,43,1,No Fall,0.9171331546218479,0.6325136266585769,5.57052,0.9171331546218479,0.6325136266585769,5.57052,0.9171331546218479,0.6325136266585769,5.57052,11.2208382352941,46.78835621517183,551.1100000000001,11.2208382352941,46.78835621517183,551.1100000000001,11.2208382352941,46.78835621517183,551.1100000000001,0.24758623749999947,0.09947069015151201,0.5994799999999999,0.24758623749999947,0.09947069015151201,0.5994799999999999,0.24758623749999947,0.09947069015151201,0.5994799999999999
4,Neck,43,3,No Fall,0.9558407302521006,0.45741627365375226,3.27082,0.9558407302521006,0.45741627365375226,3.27082,0.9558407302521006,0.45741627365375226,3.27082,5.410367647058836,36.102101758598984,320.25000000000006,5.410367647058836,36.102101758598984,320.25000000000006,5.410367647058836,36.102101758598984,320.25000000000006,0.1801624125,0.058247568124558745,0.30827999999999994,0.1801624125,0.058247568124558745,0.30827999999999994,0.1801624125,0.058247568124558745,0.30827999999999994
4,Neck,44,1,No Fall,0.9735397521008403,0.6561875422493347,5.169628,0.9735397521008403,0.6561875422493347,5.169628,0.9735397521008403,0.6561875422493347,5.169628,6.3633088235294055,42.652747171879284,452.2700000000001,6.3633088235294055,42.652747171879284,452.2700000000001,6.3633088235294055,42.652747171879284,452.2700000000001,0.2537877999999999,0.02640885622219092,0.15358,0.2537877999999999,0.02640885622219092,0.15358,0.2537877999999999,0.02640885622219092,0.15358
4,Neck,44,3,No Fall,0.9487755462184861,0.3599655643194359,2.076196,0.9487755462184861,0.3599655643194359,2.076196,0.9487755462184861,0.3599655643194359,2.076196,5.119529411764691,21.5429441645062,233.87000000000003,5.119529411764691,21.5429441645062,233.87000000000003,5.119529411764691,21.5429441645062,233.87000000000003,0.2958134374999999,0.09123747096040435,0.32087999999999994,0.2958134374999999,0.09123747096040435,0.32087999999999994,0.2958134374999999,0.09123747096040435,0.32087999999999994
5,Neck,13,1,No Fall,0.6412267714285692,0.16319955542110207,0.947452,0.6412267714285692,0.16319955542110207,0.947452,0.6412267714285692,0.16319955542110207,0.947452,3.1569558823529356,39.000832313656744,343.42,3.1569558823529356,39.000832313656744,343.42,3.1569558823529356,39.000832313656744,343.42,0.29451327499999996,0.11857486035292938,0.39718,0.29451327499999996,0.11857486035292938,0.39718,0.29451327499999996,0.11857486035292938,0.39718
5,Neck,13,2,No Fall,0.6435621999999986,0.14696651213718875,1.042124,0.6435621999999986,0.14696651213718875,1.042124,0.6435621999999986,0.14696651213718875,1.042124,5.6345588235294075,30.604570846313457,458.78000000000003,5.6345588235294075,30.604570846313457,458.78000000000003,5.6345588235294075,30.604570846313457,458.78000000000003,0.2627708124999997,0.06289277018209709,0.23925999999999997,0.2627708124999997,0.06289277018209709,0.23925999999999997,0.2627708124999997,0.06289277018209709,0.23925999999999997
5,Neck,13,3,No Fall,0.697135219327729,0.1406805814537554,0.559248,0.697135219327729,0.1406805814537554,0.559248,0.697135219327729,0.1406805814537554,0.559248,4.057705882352949,21.906155542952842,202.09000000000003,4.057705882352949,21.906155542952842,202.09000000000003,4.057705882352949,21.906155542952842,202.09000000000003,0.28882857500000053,0.10920849258987585,0.33319999999999994,0.28882857500000053,0.10920849258987585,0.33319999999999994,0.28882857500000053,0.10920849258987585,0.33319999999999994
5,Neck,13,4,No Fall,0.720092236134455,0.09448211225490909,0.33842799999999995,0.720092236134455,0.09448211225490909,0.33842799999999995,0.720092236134455,0.09448211225490909,0.33842799999999995,4.527779411764712,6.816490767341581,84.35000000000001,4.527779411764712,6.816490767341581,84.35000000000001,4.527779411764712,6.816490767341581,84.35000000000001,0.2533274625000004,0.044198315046720886,0.15022,0.2533274625000004,0.044198315046720886,0.15022,0.2533274625000004,0.044198315046720886,0.15022
5,Neck,13,5,No Fall,0.7263028563025212,0.10773593418740143,1.82634,0.7263028563025212,0.10773593418740143,1.82634,0.7263028563025212,0.10773593418740143,1.82634,4.609191176470585,45.939939440108986,595.5600000000001,4.609191176470585,45.939939440108986,595.5600000000001,4.609191176470585,45.939939440108986,595.5600000000001,0.27797472499999903,0.1037471422094231,0.38093999999999995,0.27797472499999903,0.1037471422094231,0.38093999999999995,0.27797472499999903,0.1037471422094231,0.38093999999999995
5,Neck,13,6,No Fall,0.6519908621848761,0.19262123263651115,2.0069,0.6519908621848761,0.19262123263651115,2.0069,0.6519908621848761,0.19262123263651115,2.0069,4.275749999999994,34.89573988345233,784.4200000000001,4.275749999999994,34.89573988345233,784.4200000000001,4.275749999999994,34.89573988345233,784.4200000000001,0.2408183750000003,0.10108670271244966,0.26921999999999996,0.2408183750000003,0.10108670271244966,0.26921999999999996,0.2408183750000003,0.10108670271244966,0.26921999999999996
5,Neck,13,7,No Fall,0.5961580235294138,0.10355707713695513,0.759572,0.5961580235294138,0.10355707713695513,0.759572,0.5961580235294138,0.10355707713695513,0.759572,2.842323529411769,27.823300962790455,232.19,2.842323529411769,27.823300962790455,232.19,2.842323529411769,27.823300962790455,232.19,0.3831183999999997,0.044861087722934234,0.25045999999999996,0.3831183999999997,0.044861087722934234,0.25045999999999996,0.3831183999999997,0.044861087722934234,0.25045999999999996
5,Neck,13,8,No Fall,0.6342809218487376,0.13889140518825366,0.559248,0.6342809218487376,0.13889140518825366,0.559248,0.6342809218487376,0.13889140518825366,0.559248,4.276147058823532,16.402888684761443,272.86,4.276147058823532,16.402888684761443,272.86,4.276147058823532,16.402888684761443,272.86,0.36348830000000015,0.02630400558952541,0.11843999999999999,0.36348830000000015,0.02630400558952541,0.11843999999999999,0.36348830000000015,0.02630400558952541,0.11843999999999999
5,Neck,13,9,No Fall,0.6633862260504219,0.17168755630880791,1.3297999999999999,0.6633862260504219,0.17168755630880791,1.3297999999999999,0.6633862260504219,0.17168755630880791,1.3297999999999999,3.4466911764705777,52.835198649224864,516.6700000000001,3.4466911764705777,52.835198649224864,516.6700000000001,3.4466911764705777,52.835198649224864,516.6700000000001,0.29687848749999923,0.11939235830645131,0.4255999999999999,0.29687848749999923,0.11939235830645131,0.4255999999999999,0.29687848749999923,0.11939235830645131,0.4255999999999999
5,Neck,13,10,No Fall,0.6224172932773108,0.1969126279874661,1.503528,0.6224172932773108,0.1969126279874661,1.503528,0.6224172932773108,0.1969126279874661,1.503528,4.781867647058822,41.392378433373935,679.6300000000001,4.781867647058822,41.392378433373935,679.6300000000001,4.781867647058822,41.392378433373935,679.6300000000001,0.2580920125000003,0.07692986344314356,0.2723,0.2580920125000003,0.07692986344314356,0.2723,0.2580920125000003,0.07692986344314356,0.2723
5,Neck,13,11,No Fall,0.6567418907563032,0.1656191953865169,1.6287,0.6567418907563032,0.1656191953865169,1.6287,0.6567418907563032,0.1656191953865169,1.6287,6.095705882352933,55.031141127994054,706.23,6.095705882352933,55.031141127994054,706.23,6.095705882352933,55.031141127994054,706.23,0.37259486249999957,0.060672680835207264,0.29497999999999996,0.37259486249999957,0.060672680835207264,0.29497999999999996,0.37259486249999957,0.060672680835207264,0.29497999999999996
5,Neck,13,12,No Fall,0.6420684176470574,0.1593165963703951,2.2508999999999997,0.6420684176470574,0.1593165963703951,2.2508999999999997,0.6420684176470574,0.1593165963703951,2.2508999999999997,4.492044117647061,43.897935900219665,903.49,4.492044117647061,43.897935900219665,903.49,4.492044117647061,43.897935900219665,903.49,0.3794053374999998,0.04119319258941228,0.30701999999999996,0.3794053374999998,0.04119319258941228,0.30701999999999996,0.3794053374999998,0.04119319258941228,0.30701999999999996
5,Neck,14,1,No Fall,0.6524208352941185,0.15726668681596787,1.768024,0.6524208352941185,0.15726668681596787,1.768024,0.6524208352941185,0.15726668681596787,1.768024,4.265411764705898,49.70772966365893,736.96,4.265411764705898,49.70772966365893,736.96,4.265411764705898,49.70772966365893,736.96,0.28897347500000015,0.11592393678561072,0.40712000000000004,0.28897347500000015,0.11592393678561072,0.40712000000000004,0.28897347500000015,0.11592393678561072,0.40712000000000004
5,Neck,14,2,No Fall,0.6139641798319339,0.15714253895967692,1.0972680000000001,0.6139641798319339,0.15714253895967692,1.0972680000000001,0.6139641798319339,0.15714253895967692,1.0972680000000001,6.1018529411765,37.77092052811107,594.7900000000001,6.1018529411765,37.77092052811107,594.7900000000001,6.1018529411765,37.77092052811107,594.7900000000001,0.2704003750000002,0.06581059759325718,0.27636,0.2704003750000002,0.06581059759325718,0.27636,0.2704003750000002,0.06581059759325718,0.27636
5,Neck,14,3,No Fall,0.6682138378151263,0.14893483772164745,0.680272,0.6682138378151263,0.14893483772164745,0.680272,0.6682138378151263,0.14893483772164745,0.680272,5.627750000000007,30.722008972429887,316.96000000000004,5.627750000000007,30.722008972429887,316.96000000000004,5.627750000000007,30.722008972429887,316.96000000000004,0.29525711250000003,0.09731507848337272,0.3381,0.29525711250000003,0.09731507848337272,0.3381,0.29525711250000003,0.09731507848337272,0.3381
5,Neck,14,4,No Fall,0.6587483806722694,0.14100036890455223,0.9103640000000001,0.6587483806722694,0.14100036890455223,0.9103640000000001,0.6587483806722694,0.14100036890455223,0.9103640000000001,6.447588235294124,25.686574846822346,399.07000000000005,6.447588235294124,25.686574846822346,399.07000000000005,6.447588235294124,25.686574846822346,399.07000000000005,0.28055264999999974,0.06267664108592311,0.25451999999999997,0.28055264999999974,0.06267664108592311,0.25451999999999997,0.28055264999999974,0.06267664108592311,0.25451999999999997
5,Neck,14,5,No Fall,0.6288290596638645,0.1842620035401969,1.82634,0.6288290596638645,0.1842620035401969,1.82634,0.6288290596638645,0.1842620035401969,1.82634,3.781308823529403,48.70528252088656,595.5600000000001,3.781308823529403,48.70528252088656,595.5600000000001,3.781308823529403,48.70528252088656,595.5600000000001,0.29500170000000037,0.11671495918763514,0.40207999999999994,0.29500170000000037,0.11671495918763514,0.40207999999999994,0.29500170000000037,0.11671495918763514,0.40207999999999994
5,Neck,14,6,No Fall,0.5972059420168067,0.17818331381825012,2.4827000000000004,0.5972059420168067,0.17818331381825012,2.4827000000000004,0.5972059420168067,0.17818331381825012,2.4827000000000004,6.581867647058832,45.99857261344751,854.5600000000001,6.581867647058832,45.99857261344751,854.5600000000001,6.581867647058832,45.99857261344751,854.5600000000001,0.2758493500000003,0.0684270797627338,0.30967999999999996,0.2758493500000003,0.0684270797627338,0.30967999999999996,0.2758493500000003,0.0684270797627338,0.30967999999999996
5,Neck,14,7,No Fall,0.6016367462184848,0.10524607002421622,0.608536,0.6016367462184848,0.10524607002421622,0.608536,0.6016367462184848,0.10524607002421622,0.608536,5.840632352941196,24.495772349442618,194.04000000000002,5.840632352941196,24.495772349442618,194.04000000000002,5.840632352941196,24.495772349442618,194.04000000000002,0.38527168750000046,0.04227200267947955,0.20621999999999996,0.38527168750000046,0.04227200267947955,0.20621999999999996,0.38527168750000046,0.04227200267947955,0.20621999999999996
5,Neck,14,8,No Fall,0.5792069949579856,0.2068895481301854,1.343464,0.5792069949579856,0.2068895481301854,1.343464,0.5792069949579856,0.2068895481301854,1.343464,6.6791470588235455,13.731023500623309,198.87000000000003,6.6791470588235455,13.731023500623309,198.87000000000003,6.6791470588235455,13.731023500623309,198.87000000000003,0.38649187500000004,0.05062734051615985,0.15245999999999998,0.38649187500000004,0.05062734051615985,0.15245999999999998,0.38649187500000004,0.05062734051615985,0.15245999999999998
5,Neck,14,9,No Fall,0.6461929403361351,0.17728597503365393,1.6457799999999998,0.6461929403361351,0.17728597503365393,1.6457799999999998,0.6461929403361351,0.17728597503365393,1.6457799999999998,6.151882352941184,57.15071854898139,628.5300000000001,6.151882352941184,57.15071854898139,628.5300000000001,6.151882352941184,57.15071854898139,628.5300000000001,0.29275636249999976,0.11506754435491819,0.41313999999999995,0.29275636249999976,0.11506754435491819,0.41313999999999995,0.29275636249999976,0.11506754435491819,0.41313999999999995
5,Neck,14,10,No Fall,0.6174636319327769,0.18486852771309717,2.067656,0.6174636319327769,0.18486852771309717,2.067656,0.6174636319327769,0.18486852771309717,2.067656,6.584764705882338,53.81779021543249,758.59,6.584764705882338,53.81779021543249,758.59,6.584764705882338,53.81779021543249,758.59,0.2689401750000001,0.06833144664131166,0.31248,0.2689401750000001,0.06833144664131166,0.31248,0.2689401750000001,0.06833144664131166,0.31248
5,Neck,14,11,No Fall,0.6394719705882347,0.178475420519935,1.6287,0.6394719705882347,0.178475420519935,1.6287,0.6394719705882347,0.178475420519935,1.6287,5.857558823529396,56.382378409677514,706.23,5.857558823529396,56.382378409677514,706.23,5.857558823529396,56.382378409677514,706.23,0.3689355250000003,0.056195330241377385,0.2920399999999999,0.3689355250000003,0.056195330241377385,0.2920399999999999,0.3689355250000003,0.056195330241377385,0.2920399999999999
5,Neck,14,12,No Fall,0.6129903327731111,0.17570638561214225,1.11752,0.6129903327731111,0.17570638561214225,1.11752,0.6129903327731111,0.17570638561214225,1.11752,6.626632352941149,21.027539020313622,347.62,6.626632352941149,21.027539020313622,347.62,6.626632352941149,21.027539020313622,347.62,0.37644197499999976,0.035218727885111475,0.17065999999999998,0.37644197499999976,0.035218727885111475,0.17065999999999998,0.37644197499999976,0.035218727885111475,0.17065999999999998
5,Neck,15,1,No Fall,0.7573560084033589,0.09552704914310538,1.702144,0.7573560084033589,0.09552704914310538,1.702144,0.7573560084033589,0.09552704914310538,1.702144,5.195073529411754,34.77517024358795,741.51,5.195073529411754,34.77517024358795,741.51,5.195073529411754,34.77517024358795,741.51,0.20845352500000036,0.024471165415338652,0.22707999999999998,0.20845352500000036,0.024471165415338652,0.22707999999999998,0.20845352500000036,0.024471165415338652,0.22707999999999998
5,Neck,15,2,No Fall,0.77732458907563,0.11322008509766773,3.0439,0.77732458907563,0.11322008509766773,3.0439,0.77732458907563,0.11322008509766773,3.0439,6.057573529411767,54.9280453354922,1235.5700000000002,6.057573529411767,54.9280453354922,1235.5700000000002,6.057573529411767,54.9280453354922,1235.5700000000002,0.18753017499999974,0.059629021353587615,0.32549999999999996,0.18753017499999974,0.059629021353587615,0.32549999999999996,0.18753017499999974,0.059629021353587615,0.32549999999999996
5,Neck,15,3,No Fall,0.7641654537815126,0.13038864408386888,2.067656,0.7641654537815126,0.13038864408386888,2.067656,0.7641654537815126,0.13038864408386888,2.067656,7.289838235294132,53.1051684940036,758.59,7.289838235294132,53.1051684940036,758.59,7.289838235294132,53.1051684940036,758.59,0.20062183749999987,0.04078236915500099,0.33152,0.20062183749999987,0.04078236915500099,0.33152,0.20062183749999987,0.04078236915500099,0.33152
5,Neck,16,1,No Fall,0.2222729789915974,0.3649136633951901,1.255136,0.2222729789915974,0.3649136633951901,1.255136,0.2222729789915974,0.3649136633951901,1.255136,6.543676470588248,22.94780572092436,256.76000000000005,6.543676470588248,22.94780572092436,256.76000000000005,6.543676470588248,22.94780572092436,256.76000000000005,0.3663977625000004,0.04238419845198918,0.22652,0.3663977625000004,0.04238419845198918,0.22652,0.3663977625000004,0.04238419845198918,0.22652
5,Neck,16,2,No Fall,0.4095774260504205,0.2057387222613268,3.994768,0.4095774260504205,0.2057387222613268,3.994768,0.4095774260504205,0.2057387222613268,3.994768,14.60979411764704,59.58768110756474,1126.3700000000001,14.60979411764704,59.58768110756474,1126.3700000000001,14.60979411764704,59.58768110756474,1126.3700000000001,0.3614673999999997,0.04606650494164338,0.48663999999999996,0.3614673999999997,0.04606650494164338,0.48663999999999996,0.3614673999999997,0.04606650494164338,0.48663999999999996
5,Neck,16,3,No Fall,0.6126487327731087,0.24191039748506382,1.276608,0.6126487327731087,0.24191039748506382,1.276608,0.6126487327731087,0.24191039748506382,1.276608,9.026867647058772,33.78006907411448,357.0,9.026867647058772,33.78006907411448,357.0,9.026867647058772,33.78006907411448,357.0,0.28277042500000027,0.11190753767927242,0.3945199999999999,0.28277042500000027,0.11190753767927242,0.3945199999999999,0.28277042500000027,0.11190753767927242,0.3945199999999999
5,Neck,16,4,No Fall,0.7937178008403368,0.1841857952805723,1.690188,0.7937178008403368,0.1841857952805723,1.690188,0.7937178008403368,0.1841857952805723,1.690188,8.243852941176343,38.52812468508935,752.1500000000001,8.243852941176343,38.52812468508935,752.1500000000001,8.243852941176343,38.52812468508935,752.1500000000001,0.26663988749999956,0.17119647068345614,0.40235999999999994,0.26663988749999956,0.17119647068345614,0.40235999999999994,0.26663988749999956,0.17119647068345614,0.40235999999999994
5,Neck,16,5,No Fall,0.641060226050422,0.16184131137581043,1.5879519999999998,0.641060226050422,0.16184131137581043,1.5879519999999998,0.641060226050422,0.16184131137581043,1.5879519999999998,9.25072058823531,38.68378292956424,354.62,9.25072058823531,38.68378292956424,354.62,9.25072058823531,38.68378292956424,354.62,0.25471285,0.11210813478983722,0.5062399999999999,0.25471285,0.11210813478983722,0.5062399999999999,0.25471285,0.11210813478983722,0.5062399999999999
5,Neck,16,6,No Fall,0.8043638386554606,0.09765592597312989,1.076772,0.8043638386554606,0.09765592597312989,1.076772,0.8043638386554606,0.09765592597312989,1.076772,2.27113235294117,27.473729072637354,328.93000000000006,2.27113235294117,27.473729072637354,328.93000000000006,2.27113235294117,27.473729072637354,328.93000000000006,0.056445025000000204,0.11130886557445238,0.3479,0.056445025000000204,0.11130886557445238,0.3479,0.056445025000000204,0.11130886557445238,0.3479
5,Neck,17,1,No Fall,0.42822804789915997,0.549123949513283,4.571096,0.42822804789915997,0.549123949513283,4.571096,0.42822804789915997,0.549123949513283,4.571096,3.041735294117644,30.05652626469473,551.11,3.041735294117644,30.05652626469473,551.11,3.041735294117644,30.05652626469473,551.11,0.18376076249999979,0.19003214750496036,0.47557999999999995,0.18376076249999979,0.19003214750496036,0.47557999999999995,0.18376076249999979,0.19003214750496036,0.47557999999999995
5,Neck,17,2,No Fall,0.3212954579831937,0.16015955544878333,2.283596,0.3212954579831937,0.16015955544878333,2.283596,0.3212954579831937,0.16015955544878333,2.283596,9.692897058823469,54.51394992904948,1015.5600000000002,9.692897058823469,54.51394992904948,1015.5600000000002,9.692897058823469,54.51394992904948,1015.5600000000002,0.28967207499999925,0.0784885647431622,0.50498,0.28967207499999925,0.0784885647431622,0.50498,0.28967207499999925,0.0784885647431622,0.50498
5,Neck,17,3,No Fall,0.6297173016806764,0.2833902746413948,2.8225919999999998,0.6297173016806764,0.2833902746413948,2.8225919999999998,0.6297173016806764,0.2833902746413948,2.8225919999999998,2.816838235294113,48.307972815603314,579.5300000000001,2.816838235294113,48.307972815603314,579.5300000000001,2.816838235294113,48.307972815603314,579.5300000000001,0.24266803750000018,0.11994267910993414,0.51366,0.24266803750000018,0.11994267910993414,0.51366,0.24266803750000018,0.11994267910993414,0.51366
5,Neck,17,4,No Fall,0.9059347848739496,0.16799589309906954,3.6553639999999996,0.9059347848739496,0.16799589309906954,3.6553639999999996,0.9059347848739496,0.16799589309906954,3.6553639999999996,6.814749999999978,83.51300360286245,1638.63,6.814749999999978,83.51300360286245,1638.63,6.814749999999978,83.51300360286245,1638.63,0.0929735625000001,0.0325326618510235,0.52528,0.0929735625000001,0.0325326618510235,0.52528,0.0929735625000001,0.0325326618510235,0.52528
5,Neck,17,5,No Fall,0.3319815302521003,0.46726860638001566,6.3837720000000004,0.3319815302521003,0.46726860638001566,6.3837720000000004,0.3319815302521003,0.46726860638001566,6.3837720000000004,6.948558823529242,99.38460938761864,1644.0900000000001,6.948558823529242,99.38460938761864,1644.0900000000001,6.948558823529242,99.38460938761864,1644.0900000000001,0.2590122499999999,0.10903462656448315,0.5012,0.2590122499999999,0.10903462656448315,0.5012,0.2590122499999999,0.10903462656448315,0.5012
5,Neck,17,6,No Fall,0.14477437563024873,0.57275280453113,1.727032,0.14477437563024873,0.57275280453113,1.727032,0.14477437563024873,0.57275280453113,1.727032,-1.6625588235294841,37.702192844576956,686.8400000000001,-1.6625588235294841,37.702192844576956,686.8400000000001,-1.6625588235294841,37.702192844576956,686.8400000000001,0.09719989999999999,0.1489873600675655,0.48929999999999996,0.09719989999999999,0.1489873600675655,0.48929999999999996,0.09719989999999999,0.1489873600675655,0.48929999999999996
5,Neck,18,1,No Fall,0.7055044705882354,0.25930293780138153,1.1936479999999998,0.7055044705882354,0.25930293780138153,1.1936479999999998,0.7055044705882354,0.25930293780138153,1.1936479999999998,7.092588235294119,54.807443635086585,653.8700000000001,7.092588235294119,54.807443635086585,653.8700000000001,7.092588235294119,54.807443635086585,653.8700000000001,0.20688727499999984,0.2044891092012922,0.53942,0.20688727499999984,0.2044891092012922,0.53942,0.20688727499999984,0.2044891092012922,0.53942
5,Neck,18,2,No Fall,0.4183639890756305,0.17339239424725697,1.177788,0.4183639890756305,0.17339239424725697,1.177788,0.4183639890756305,0.17339239424725697,1.177788,7.1477352941176795,52.53592257201766,809.69,7.1477352941176795,52.53592257201766,809.69,7.1477352941176795,52.53592257201766,809.69,0.3571558375000005,0.11631312009878993,0.37281999999999993,0.3571558375000005,0.11631312009878993,0.37281999999999993,0.3571558375000005,0.11631312009878993,0.37281999999999993
5,Neck,18,3,No Fall,0.47866751260504287,0.14584085651388823,1.231224,0.47866751260504287,0.14584085651388823,1.231224,0.47866751260504287,0.14584085651388823,1.231224,2.7623823529411764,55.16163927329868,888.3700000000001,2.7623823529411764,55.16163927329868,888.3700000000001,2.7623823529411764,55.16163927329868,888.3700000000001,0.3699336375000001,0.046132962203229703,0.26642,0.3699336375000001,0.046132962203229703,0.26642,0.3699336375000001,0.046132962203229703,0.26642
5,Neck,18,4,No Fall,0.6410637117647078,0.26286732839001054,1.9000279999999998,0.6410637117647078,0.26286732839001054,1.9000279999999998,0.6410637117647078,0.26286732839001054,1.9000279999999998,8.226308823529413,52.13721008901361,720.02,8.226308823529413,52.13721008901361,720.02,8.226308823529413,52.13721008901361,720.02,0.2519289500000006,0.1471403081868827,0.37856,0.2519289500000006,0.1471403081868827,0.37856,0.2519289500000006,0.1471403081868827,0.37856
5,Neck,18,5,No Fall,0.4069994840336136,0.47963826926201475,2.023004,0.4069994840336136,0.47963826926201475,2.023004,0.4069994840336136,0.47963826926201475,2.023004,1.6579411764705894,40.10832006553524,461.44000000000005,1.6579411764705894,40.10832006553524,461.44000000000005,1.6579411764705894,40.10832006553524,461.44000000000005,0.3008691874999995,0.10249494768903704,0.40656,0.3008691874999995,0.10249494768903704,0.40656,0.3008691874999995,0.10249494768903704,0.40656
5,Neck,18,6,No Fall,0.18232387394957905,0.5295793414695602,2.385832,0.18232387394957905,0.5295793414695602,2.385832,0.18232387394957905,0.5295793414695602,2.385832,3.6674411764706014,49.12319078821823,593.25,3.6674411764706014,49.12319078821823,593.25,3.6674411764706014,49.12319078821823,593.25,0.2793814625000002,0.06599153604728235,0.3157,0.2793814625000002,0.06599153604728235,0.3157,0.2793814625000002,0.06599153604728235,0.3157
5,Neck,19,1,No Fall,0.8260243747899134,0.04719140808320598,0.395524,0.8260243747899134,0.04719140808320598,0.395524,0.8260243747899134,0.04719140808320598,0.395524,5.9235882352941305,19.279883871750968,182.49,5.9235882352941305,19.279883871750968,182.49,5.9235882352941305,19.279883871750968,182.49,0.25172988750000014,0.07199926243793807,0.26249999999999996,0.25172988750000014,0.07199926243793807,0.26249999999999996,0.25172988750000014,0.07199926243793807,0.26249999999999996
5,Neck,19,2,No Fall,0.815792111764708,0.09926511993763863,0.783484,0.815792111764708,0.09926511993763863,0.783484,0.815792111764708,0.09926511993763863,0.783484,6.450323529411758,45.64966099548018,399.56000000000006,6.450323529411758,45.64966099548018,399.56000000000006,6.450323529411758,45.64966099548018,399.56000000000006,0.3270187375,0.04708185469803863,0.23729999999999996,0.3270187375,0.04708185469803863,0.23729999999999996,0.3270187375,0.04708185469803863,0.23729999999999996
5,Neck,19,3,No Fall,0.5565605142857134,0.07777497097370266,0.548268,0.5565605142857134,0.07777497097370266,0.548268,0.5565605142857134,0.07777497097370266,0.548268,5.042808823529394,25.886744207940392,195.44000000000003,5.042808823529394,25.886744207940392,195.44000000000003,5.042808823529394,25.886744207940392,195.44000000000003,0.3530264499999993,0.07049979572414172,0.2072,0.3530264499999993,0.07049979572414172,0.2072,0.3530264499999993,0.07049979572414172,0.2072
5,Neck,19,4,No Fall,0.5576548747899156,0.12198351865509663,1.03456,0.5576548747899156,0.12198351865509663,1.03456,0.5576548747899156,0.12198351865509663,1.03456,5.838588235294106,72.56769111065564,445.7600000000001,5.838588235294106,72.56769111065564,445.7600000000001,5.838588235294106,72.56769111065564,445.7600000000001,0.3475927000000004,0.06832803528906739,0.21532,0.3475927000000004,0.06832803528906739,0.21532,0.3475927000000004,0.06832803528906739,0.21532
5,Neck,19,5,No Fall,0.6613598470588219,0.16716285601874323,1.113616,0.6613598470588219,0.16716285601874323,1.113616,0.6613598470588219,0.16716285601874323,1.113616,3.7488676470588214,39.20495053669509,397.32000000000005,3.7488676470588214,39.20495053669509,397.32000000000005,3.7488676470588214,39.20495053669509,397.32000000000005,0.31434147499999954,0.04198423012347958,0.27299999999999996,0.31434147499999954,0.04198423012347958,0.27299999999999996,0.31434147499999954,0.04198423012347958,0.27299999999999996
5,Neck,19,6,No Fall,0.7980150201680672,0.12298372475398157,1.1529,0.7980150201680672,0.12298372475398157,1.1529,0.7980150201680672,0.12298372475398157,1.1529,6.964647058823539,49.68276047549534,465.43000000000006,6.964647058823539,49.68276047549534,465.43000000000006,6.964647058823539,49.68276047549534,465.43000000000006,0.2654353624999998,0.09185407716277884,0.31555999999999995,0.2654353624999998,0.09185407716277884,0.31555999999999995,0.2654353624999998,0.09185407716277884,0.31555999999999995
5,Neck,20,1,No Fall,0.8520146806722704,0.057915218515310105,0.416752,0.8520146806722704,0.057915218515310105,0.416752,0.8520146806722704,0.057915218515310105,0.416752,6.9545294117647085,23.35569963209985,156.8,6.9545294117647085,23.35569963209985,156.8,6.9545294117647085,23.35569963209985,156.8,0.2910891375,0.05626898790302589,0.31107999999999997,0.2910891375,0.05626898790302589,0.31107999999999997,0.2910891375,0.05626898790302589,0.31107999999999997
5,Neck,20,2,No Fall,0.5672608369747913,0.13017060344390383,0.89426,0.5672608369747913,0.13017060344390383,0.89426,0.5672608369747913,0.13017060344390383,0.89426,2.7795588235294115,50.55013646128135,451.9200000000001,2.7795588235294115,50.55013646128135,451.9200000000001,2.7795588235294115,50.55013646128135,451.9200000000001,0.390061875000001,0.07542787275587966,0.26922,0.390061875000001,0.07542787275587966,0.26922,0.390061875000001,0.07542787275587966,0.26922
5,Neck,20,3,No Fall,0.5463611605042029,0.10672024528196791,0.8906,0.5463611605042029,0.10672024528196791,0.8906,0.5463611605042029,0.10672024528196791,0.8906,5.429823529411744,50.3231500665724,407.96000000000004,5.429823529411744,50.3231500665724,407.96000000000004,5.429823529411744,50.3231500665724,407.96000000000004,0.40864459999999975,0.03555370423061175,0.2217599999999999,0.40864459999999975,0.03555370423061175,0.2217599999999999,0.40864459999999975,0.03555370423061175,0.2217599999999999
5,Neck,20,4,No Fall,0.5009799285714287,0.15555309094717462,0.96258,0.5009799285714287,0.15555309094717462,0.96258,0.5009799285714287,0.15555309094717462,0.96258,4.42175000000001,91.73053716973382,491.33000000000004,4.42175000000001,91.73053716973382,491.33000000000004,4.42175000000001,91.73053716973382,491.33000000000004,0.42462542500000067,0.028731345538534365,0.16408,0.42462542500000067,0.028731345538534365,0.16408,0.42462542500000067,0.028731345538534365,0.16408
5,Neck,20,5,No Fall,0.7599299008403365,0.133981703389852,0.7564,0.7599299008403365,0.133981703389852,0.7564,0.7599299008403365,0.133981703389852,0.7564,6.60926470588235,49.786223349347836,291.48,6.60926470588235,49.786223349347836,291.48,6.60926470588235,49.786223349347836,291.48,0.34620057499999995,0.0546285480823476,0.24541999999999997,0.34620057499999995,0.0546285480823476,0.24541999999999997,0.34620057499999995,0.0546285480823476,0.24541999999999997
5,Neck,20,6,No Fall,0.6842982050420161,0.14522758181267134,0.946232,0.6842982050420161,0.14522758181267134,0.946232,0.6842982050420161,0.14522758181267134,0.946232,5.210455882352933,69.88761205346448,493.71000000000004,5.210455882352933,69.88761205346448,493.71000000000004,5.210455882352933,69.88761205346448,493.71000000000004,0.36018701249999985,0.07358187219704562,0.31023999999999996,0.36018701249999985,0.07358187219704562,0.31023999999999996,0.36018701249999985,0.07358187219704562,0.31023999999999996
5,Neck,21,1,No Fall,0.8246948823529417,0.04054018406968458,0.35550799999999994,0.8246948823529417,0.04054018406968458,0.35550799999999994,0.8246948823529417,0.04054018406968458,0.35550799999999994,6.105044117647037,15.154136915116466,116.76000000000002,6.105044117647037,15.154136915116466,116.76000000000002,6.105044117647037,15.154136915116466,116.76000000000002,0.28797063749999946,0.0351858555297714,0.23099999999999998,0.28797063749999946,0.0351858555297714,0.23099999999999998,0.28797063749999946,0.0351858555297714,0.23099999999999998
5,Neck,21,2,No Fall,0.4371132873949577,0.07291349797167763,0.494832,0.4371132873949577,0.07291349797167763,0.494832,0.4371132873949577,0.07291349797167763,0.494832,3.6897794117646905,25.334101377330146,220.50000000000003,3.6897794117646905,25.334101377330146,220.50000000000003,3.6897794117646905,25.334101377330146,220.50000000000003,0.38318594999999983,0.04864891624440199,0.20930000000000004,0.38318594999999983,0.04864891624440199,0.20930000000000004,0.38318594999999983,0.04864891624440199,0.20930000000000004
5,Neck,21,3,No Fall,0.5729922226890741,0.07862115228067279,0.62952,0.5729922226890741,0.07862115228067279,0.62952,0.5729922226890741,0.07862115228067279,0.62952,4.520852941176479,36.476139952936286,317.94000000000005,4.520852941176479,36.476139952936286,317.94000000000005,4.520852941176479,36.476139952936286,317.94000000000005,0.34097131249999946,0.07646211109299722,0.28196,0.34097131249999946,0.07646211109299722,0.28196,0.34097131249999946,0.07646211109299722,0.28196
5,Neck,21,4,No Fall,0.5352303521008407,0.09808999500763979,0.8054439999999999,0.5352303521008407,0.09808999500763979,0.8054439999999999,0.5352303521008407,0.09808999500763979,0.8054439999999999,5.266029411764713,53.440931833191335,435.68000000000006,5.266029411764713,53.440931833191335,435.68000000000006,5.266029411764713,53.440931833191335,435.68000000000006,0.35614976249999974,0.05454065396360612,0.19599999999999995,0.35614976249999974,0.05454065396360612,0.19599999999999995,0.35614976249999974,0.05454065396360612,0.19599999999999995
5,Neck,21,5,No Fall,0.7931861268907572,0.1073461297123554,0.7868999999999999,0.7931861268907572,0.1073461297123554,0.7868999999999999,0.7931861268907572,0.1073461297123554,0.7868999999999999,4.071102941176484,38.25404932155023,314.7900000000001,4.071102941176484,38.25404932155023,314.7900000000001,4.071102941176484,38.25404932155023,314.7900000000001,0.24434129999999998,0.07772068349037717,0.31345999999999996,0.24434129999999998,0.07772068349037717,0.31345999999999996,0.24434129999999998,0.07772068349037717,0.31345999999999996
5,Neck,21,6,No Fall,0.5552453235294104,0.10812828271866616,0.940132,0.5552453235294104,0.10812828271866616,0.940132,0.5552453235294104,0.10812828271866616,0.940132,1.9941617647058838,55.769162706877204,550.27,1.9941617647058838,55.769162706877204,550.27,1.9941617647058838,55.769162706877204,550.27,0.3468038875000003,0.06599172338528089,0.24024,0.3468038875000003,0.06599172338528089,0.24024,0.3468038875000003,0.06599172338528089,0.24024
5,Neck,22,1,No Fall,0.46150344537815224,0.20162387144157096,1.364936,0.46150344537815224,0.20162387144157096,1.364936,0.46150344537815224,0.20162387144157096,1.364936,6.2577205882353,84.03510511777537,499.45000000000005,6.2577205882353,84.03510511777537,499.45000000000005,6.2577205882353,84.03510511777537,499.45000000000005,0.41818174999999963,0.03704883883773575,0.17443999999999998,0.41818174999999963,0.03704883883773575,0.17443999999999998,0.41818174999999963,0.03704883883773575,0.17443999999999998
5,Neck,22,2,No Fall,0.4740063949579835,0.32139829546457827,2.511492,0.4740063949579835,0.32139829546457827,2.511492,0.4740063949579835,0.32139829546457827,2.511492,3.8347794117647065,121.56203857192688,681.1700000000001,3.8347794117647065,121.56203857192688,681.1700000000001,3.8347794117647065,121.56203857192688,681.1700000000001,0.4316869374999998,0.050801570156123584,0.32074,0.4316869374999998,0.050801570156123584,0.32074,0.4316869374999998,0.050801570156123584,0.32074
5,Neck,22,3,No Fall,0.6027100899159672,0.3887195142825775,3.968904,0.6027100899159672,0.3887195142825775,3.968904,0.6027100899159672,0.3887195142825775,3.968904,7.088955882352954,119.8276792100941,737.24,7.088955882352954,119.8276792100941,737.24,7.088955882352954,119.8276792100941,737.24,0.3454054624999994,0.13018487352884328,0.5975199999999999,0.3454054624999994,0.13018487352884328,0.5975199999999999,0.3454054624999994,0.13018487352884328,0.5975199999999999
5,Neck,23,1,No Fall,0.442832934453781,0.16190459266533008,2.878468,0.442832934453781,0.16190459266533008,2.878468,0.442832934453781,0.16190459266533008,2.878468,4.81708823529411,83.2253453586956,1439.06,4.81708823529411,83.2253453586956,1439.06,4.81708823529411,83.2253453586956,1439.06,0.4216209375000002,0.03038949703972653,0.16659999999999997,0.4216209375000002,0.03038949703972653,0.16659999999999997,0.4216209375000002,0.03038949703972653,0.16659999999999997
5,Neck,23,2,No Fall,0.4702242924369767,0.17415526062148362,2.2814,0.4702242924369767,0.17415526062148362,2.2814,0.4702242924369767,0.17415526062148362,2.2814,3.617044117647071,86.89064410905122,1489.5300000000002,3.617044117647071,86.89064410905122,1489.5300000000002,3.617044117647071,86.89064410905122,1489.5300000000002,0.4115884499999997,0.04026650948945089,0.24093999999999993,0.4115884499999997,0.04026650948945089,0.24093999999999993,0.4115884499999997,0.04026650948945089,0.24093999999999993
5,Neck,23,3,No Fall,0.827860013445379,0.3110368666543539,6.123912,0.827860013445379,0.3110368666543539,6.123912,0.827860013445379,0.3110368666543539,6.123912,-0.6971470588235207,110.6554111386274,2039.5900000000001,-0.6971470588235207,110.6554111386274,2039.5900000000001,-0.6971470588235207,110.6554111386274,2039.5900000000001,0.2877134750000001,0.09093107352829123,0.47614,0.2877134750000001,0.09093107352829123,0.47614,0.2877134750000001,0.09093107352829123,0.47614
5,Neck,24,1,No Fall,0.5859420613445362,0.817060415789911,11.492643999999999,0.5859420613445362,0.817060415789911,11.492643999999999,0.5859420613445362,0.817060415789911,11.492643999999999,21.06135294117648,272.6598842887881,2656.6400000000003,21.06135294117648,272.6598842887881,2656.6400000000003,21.06135294117648,272.6598842887881,2656.6400000000003,0.32554637500000033,0.13394490102903953,0.57386,0.32554637500000033,0.13394490102903953,0.57386,0.32554637500000033,0.13394490102903953,0.57386
5,Neck,24,2,No Fall,0.48862819747899305,0.8587700275333113,12.554532,0.48862819747899305,0.8587700275333113,12.554532,0.48862819747899305,0.8587700275333113,12.554532,12.694132352941196,240.06914249366952,2093.9800000000005,12.694132352941196,240.06914249366952,2093.9800000000005,12.694132352941196,240.06914249366952,2093.9800000000005,0.38150892500000033,0.11052798404648573,0.5454399999999999,0.38150892500000033,0.11052798404648573,0.5454399999999999,0.38150892500000033,0.11052798404648573,0.5454399999999999
5,Neck,24,3,No Fall,0.49518128907563125,0.8498213592643666,11.27036,0.49518128907563125,0.8498213592643666,11.27036,0.49518128907563125,0.8498213592643666,11.27036,27.50582352941174,265.16236867578056,2600.0800000000004,27.50582352941174,265.16236867578056,2600.0800000000004,27.50582352941174,265.16236867578056,2600.0800000000004,0.35825448749999944,0.11788752366985443,0.6017199999999999,0.35825448749999944,0.11788752366985443,0.6017199999999999,0.35825448749999944,0.11788752366985443,0.6017199999999999
5,Neck,25,1,No Fall,0.6500203571428603,0.8013934251559566,9.422547999999999,0.6500203571428603,0.8013934251559566,9.422547999999999,0.6500203571428603,0.8013934251559566,9.422547999999999,23.511838235294153,292.041823769901,3131.4500000000003,23.511838235294153,292.041823769901,3131.4500000000003,23.511838235294153,292.041823769901,3131.4500000000003,0.31617118750000006,0.13380177704837531,0.5768,0.31617118750000006,0.13380177704837531,0.5768,0.31617118750000006,0.13380177704837531,0.5768
5,Neck,25,2,No Fall,0.7672086361344534,0.9281422529077678,13.234804,0.7672086361344534,0.9281422529077678,13.234804,0.7672086361344534,0.9281422529077678,13.234804,10.765897058823498,289.32519188202116,3042.9000000000005,10.765897058823498,289.32519188202116,3042.9000000000005,10.765897058823498,289.32519188202116,3042.9000000000005,0.29510512499999964,0.14588951281861698,0.6932799999999999,0.29510512499999964,0.14588951281861698,0.6932799999999999,0.29510512499999964,0.14588951281861698,0.6932799999999999
5,Neck,25,3,No Fall,0.741423321008403,0.8885617218198707,11.755676,0.741423321008403,0.8885617218198707,11.755676,0.741423321008403,0.8885617218198707,11.755676,13.220588235294146,254.1255790013763,2236.9900000000002,13.220588235294146,254.1255790013763,2236.9900000000002,13.220588235294146,254.1255790013763,2236.9900000000002,0.3023014749999997,0.13851074298597185,0.6199199999999999,0.3023014749999997,0.13851074298597185,0.6199199999999999,0.3023014749999997,0.13851074298597185,0.6199199999999999
5,Neck,26,1,No Fall,0.6971315798319331,0.2740942622646171,9.79172,0.6971315798319331,0.2740942622646171,9.79172,0.6971315798319331,0.2740942622646171,9.79172,6.242852941176454,46.28637647205292,1358.0,6.242852941176454,46.28637647205292,1358.0,6.242852941176454,46.28637647205292,1358.0,0.4530932875000001,0.026894013584281465,0.10094000000000003,0.4530932875000001,0.026894013584281465,0.10094000000000003,0.4530932875000001,0.026894013584281465,0.10094000000000003
5,Neck,26,2,No Fall,0.4870149268907563,0.20841531764923074,3.65878,0.4870149268907563,0.20841531764923074,3.65878,0.4870149268907563,0.20841531764923074,3.65878,5.3532205882353106,86.33550273528745,1480.15,5.3532205882353106,86.33550273528745,1480.15,5.3532205882353106,86.33550273528745,1480.15,0.43705191249999964,0.04906831043324021,0.22077999999999998,0.43705191249999964,0.04906831043324021,0.22077999999999998,0.43705191249999964,0.04906831043324021,0.22077999999999998
5,Neck,26,3,No Fall,0.5497955630252116,0.15216744243263694,5.61688,0.5497955630252116,0.15216744243263694,5.61688,0.5497955630252116,0.15216744243263694,5.61688,3.9172352941176443,61.10776274265352,1426.67,3.9172352941176443,61.10776274265352,1426.67,3.9172352941176443,61.10776274265352,1426.67,0.47924773749999966,0.016344659060560828,0.24009999999999998,0.47924773749999966,0.016344659060560828,0.24009999999999998,0.47924773749999966,0.016344659060560828,0.24009999999999998
5,Neck,26,4,No Fall,0.5219004680672283,0.2289779997973333,7.758224,0.5219004680672283,0.2289779997973333,7.758224,0.5219004680672283,0.2289779997973333,7.758224,5.221705882352941,107.71232662936475,1783.3900000000003,5.221705882352941,107.71232662936475,1783.3900000000003,5.221705882352941,107.71232662936475,1783.3900000000003,0.42125089999999976,0.05172713010290563,0.24541999999999997,0.42125089999999976,0.05172713010290563,0.24541999999999997,0.42125089999999976,0.05172713010290563,0.24541999999999997
5,Neck,27,1,No Fall,0.6042595411764712,0.22279378989088472,4.737016000000001,0.6042595411764712,0.22279378989088472,4.737016000000001,0.6042595411764712,0.22279378989088472,4.737016000000001,3.9229117647058893,85.46064218854556,1650.18,3.9229117647058893,85.46064218854556,1650.18,3.9229117647058893,85.46064218854556,1650.18,0.47310086250000033,0.023383869832885235,0.31933999999999996,0.47310086250000033,0.023383869832885235,0.31933999999999996,0.47310086250000033,0.023383869832885235,0.31933999999999996
5,Neck,27,2,No Fall,0.5053089806722688,0.25092920863305884,4.528396,0.5053089806722688,0.25092920863305884,4.528396,0.5053089806722688,0.25092920863305884,4.528396,3.8379558823529356,95.89343678265585,1765.89,3.8379558823529356,95.89343678265585,1765.89,3.8379558823529356,95.89343678265585,1765.89,0.4362336999999997,0.03881426423690984,0.19628,0.4362336999999997,0.03881426423690984,0.19628,0.4362336999999997,0.03881426423690984,0.19628
5,Neck,27,3,No Fall,0.56821453865546,0.23806850182171962,6.4057319999999995,0.56821453865546,0.23806850182171962,6.4057319999999995,0.56821453865546,0.23806850182171962,6.4057319999999995,4.1962647058823555,75.96857121298628,1539.02,4.1962647058823555,75.96857121298628,1539.02,4.1962647058823555,75.96857121298628,1539.02,0.47552995000000026,0.020637635874938935,0.17989999999999995,0.47552995000000026,0.020637635874938935,0.17989999999999995,0.47552995000000026,0.020637635874938935,0.17989999999999995
5,Neck,27,4,No Fall,0.5341949924369769,0.3754280218295622,7.326344,0.5341949924369769,0.3754280218295622,7.326344,0.5341949924369769,0.3754280218295622,7.326344,7.022999999999999,151.96673184633636,3144.3300000000004,7.022999999999999,151.96673184633636,3144.3300000000004,7.022999999999999,151.96673184633636,3144.3300000000004,0.4162935874999995,0.04873887155166727,0.2612399999999999,0.4162935874999995,0.04873887155166727,0.2612399999999999,0.4162935874999995,0.04873887155166727,0.2612399999999999
5,Neck,28,1,No Fall,0.6285339529411756,0.07321001378545432,0.720044,0.6285339529411756,0.07321001378545432,0.720044,0.6285339529411756,0.07321001378545432,0.720044,5.027955882352954,36.9171613955842,435.96000000000004,5.027955882352954,36.9171613955842,435.96000000000004,5.027955882352954,36.9171613955842,435.96000000000004,0.4688760124999996,0.026239452631416308,0.16884,0.4688760124999996,0.026239452631416308,0.16884,0.4688760124999996,0.026239452631416308,0.16884
5,Neck,28,2,No Fall,0.5111274067226907,0.16619825629086554,1.14436,0.5111274067226907,0.16619825629086554,1.14436,0.5111274067226907,0.16619825629086554,1.14436,3.5558970588235455,89.63749823930208,1113.0,3.5558970588235455,89.63749823930208,1113.0,3.5558970588235455,89.63749823930208,1113.0,0.41973645,0.04336076847276915,0.19838,0.41973645,0.04336076847276915,0.19838,0.41973645,0.04336076847276915,0.19838
5,Neck,28,3,No Fall,0.5967628462184883,0.10763397923069873,1.0950719999999998,0.5967628462184883,0.10763397923069873,1.0950719999999998,0.5967628462184883,0.10763397923069873,1.0950719999999998,5.113102941176469,52.822848061229664,1061.13,5.113102941176469,52.822848061229664,1061.13,5.113102941176469,52.822848061229664,1061.13,0.4726452500000006,0.02255933715217422,0.14307999999999998,0.4726452500000006,0.02255933715217422,0.14307999999999998,0.4726452500000006,0.02255933715217422,0.14307999999999998
5,Neck,28,4,No Fall,0.5230082588235289,0.16863097181517725,2.7206,0.5230082588235289,0.16863097181517725,2.7206,0.5230082588235289,0.16863097181517725,2.7206,6.023588235294107,77.52876301329283,951.3000000000001,6.023588235294107,77.52876301329283,951.3000000000001,6.023588235294107,77.52876301329283,951.3000000000001,0.41748866250000005,0.04591956207406892,0.18675999999999998,0.41748866250000005,0.04591956207406892,0.18675999999999998,0.41748866250000005,0.04591956207406892,0.18675999999999998
5,Neck,29,1,No Fall,0.8418071764705876,0.20606512716481526,1.4437479999999998,0.8418071764705876,0.20606512716481526,1.4437479999999998,0.8418071764705876,0.20606512716481526,1.4437479999999998,6.924338235294125,19.630607270758414,266.28000000000003,6.924338235294125,19.630607270758414,266.28000000000003,6.924338235294125,19.630607270758414,266.28000000000003,0.36045633749999967,0.16093374327782994,0.52752,0.36045633749999967,0.16093374327782994,0.52752,0.36045633749999967,0.16093374327782994,0.52752
5,Neck,29,2,No Fall,0.3863003899159671,0.2582813994031493,11.88158,0.3863003899159671,0.2582813994031493,11.88158,0.3863003899159671,0.2582813994031493,11.88158,3.5813235294117605,71.99803936367316,1321.6000000000001,3.5813235294117605,71.99803936367316,1321.6000000000001,3.5813235294117605,71.99803936367316,1321.6000000000001,0.4549961499999998,0.05264488593098745,0.32438,0.4549961499999998,0.05264488593098745,0.32438,0.4549961499999998,0.05264488593098745,0.32438
5,Neck,30,1,No Fall,0.50776974117647,0.2574656231244371,1.58844,0.50776974117647,0.2574656231244371,1.58844,0.50776974117647,0.2574656231244371,1.58844,8.688573529411801,63.13247931755337,502.39000000000004,8.688573529411801,63.13247931755337,502.39000000000004,8.688573529411801,63.13247931755337,502.39000000000004,0.4294799250000003,0.15238512127578518,0.5545399999999999,0.4294799250000003,0.15238512127578518,0.5545399999999999,0.4294799250000003,0.15238512127578518,0.5545399999999999
5,Neck,30,2,No Fall,0.381617537815126,0.17070888325905204,0.964044,0.381617537815126,0.17070888325905204,0.964044,0.381617537815126,0.17070888325905204,0.964044,5.036985294117654,75.27694209089944,429.24,5.036985294117654,75.27694209089944,429.24,5.036985294117654,75.27694209089944,429.24,0.49271460000000056,0.04521819921561105,0.25745999999999997,0.49271460000000056,0.04521819921561105,0.25745999999999997,0.49271460000000056,0.04521819921561105,0.25745999999999997
5,Neck,31,1,No Fall,0.38301659075630234,0.10432052284070495,0.858148,0.38301659075630234,0.10432052284070495,0.858148,0.38301659075630234,0.10432052284070495,0.858148,4.702779411764703,38.580018970703684,265.16,4.702779411764703,38.580018970703684,265.16,4.702779411764703,38.580018970703684,265.16,0.5092950625000006,0.03865153650461322,0.15777999999999998,0.5092950625000006,0.03865153650461322,0.15777999999999998,0.5092950625000006,0.03865153650461322,0.15777999999999998
5,Neck,31,2,No Fall,0.380990160504202,0.12251377938207912,0.817156,0.380990160504202,0.12251377938207912,0.817156,0.380990160504202,0.12251377938207912,0.817156,5.237882352941183,49.56747607495136,334.95000000000005,5.237882352941183,49.56747607495136,334.95000000000005,5.237882352941183,49.56747607495136,334.95000000000005,0.5280743125000001,0.055408551236439736,0.20594,0.5280743125000001,0.055408551236439736,0.20594,0.5280743125000001,0.055408551236439736,0.20594
5,Neck,32,1,No Fall,0.39261301848739466,0.12801692560084466,1.069452,0.39261301848739466,0.12801692560084466,1.069452,0.39261301848739466,0.12801692560084466,1.069452,5.102882352941168,43.94062941176823,388.9200000000001,5.102882352941168,43.94062941176823,388.9200000000001,5.102882352941168,43.94062941176823,388.9200000000001,0.5246479000000002,0.026818529602613935,0.17121999999999993,0.5246479000000002,0.026818529602613935,0.17121999999999993,0.5246479000000002,0.026818529602613935,0.17121999999999993
5,Neck,32,2,No Fall,0.3913752310924372,0.12386337351742424,1.0311439999999998,0.3913752310924372,0.12386337351742424,1.0311439999999998,0.3913752310924372,0.12386337351742424,1.0311439999999998,4.062161764705882,43.129862556940715,338.87,4.062161764705882,43.129862556940715,338.87,4.062161764705882,43.129862556940715,338.87,0.5607314999999999,0.024766773233714887,0.10010000000000008,0.5607314999999999,0.024766773233714887,0.10010000000000008,0.5607314999999999,0.024766773233714887,0.10010000000000008
5,Neck,33,1,No Fall,0.38029993781512567,0.16308924105353745,1.207312,0.38029993781512567,0.16308924105353745,1.207312,0.38029993781512567,0.16308924105353745,1.207312,5.329955882352954,51.880927850767954,311.5,5.329955882352954,51.880927850767954,311.5,5.329955882352954,51.880927850767954,311.5,0.5102894124999998,0.03374267028598377,0.18326000000000003,0.5102894124999998,0.03374267028598377,0.18326000000000003,0.5102894124999998,0.03374267028598377,0.18326000000000003
5,Neck,33,2,No Fall,0.3894592672268919,0.18515618933632985,1.318576,0.3894592672268919,0.18515618933632985,1.318576,0.3894592672268919,0.18515618933632985,1.318576,3.6095735294117732,61.494080669209,425.95000000000005,3.6095735294117732,61.494080669209,425.95000000000005,3.6095735294117732,61.494080669209,425.95000000000005,0.5331171125000003,0.04157121166067541,0.22931999999999997,0.5331171125000003,0.04157121166067541,0.22931999999999997,0.5331171125000003,0.04157121166067541,0.22931999999999997
5,Neck,34,1,No Fall,0.3565293655462174,0.12409647145605565,0.994056,0.3565293655462174,0.12409647145605565,0.994056,0.3565293655462174,0.12409647145605565,0.994056,5.450058823529417,39.054019606737995,270.69000000000005,5.450058823529417,39.054019606737995,270.69000000000005,5.450058823529417,39.054019606737995,270.69000000000005,0.47586192499999996,0.037695847289305744,0.18438,0.47586192499999996,0.037695847289305744,0.18438,0.47586192499999996,0.037695847289305744,0.18438
5,Neck,34,2,No Fall,0.37338387058823524,0.1530732337989099,1.260992,0.37338387058823524,0.1530732337989099,1.260992,0.37338387058823524,0.1530732337989099,1.260992,4.444823529411776,52.912620367236535,389.13,4.444823529411776,52.912620367236535,389.13,4.444823529411776,52.912620367236535,389.13,0.4581864875000011,0.06449836734197974,0.26137999999999995,0.4581864875000011,0.06449836734197974,0.26137999999999995,0.4581864875000011,0.06449836734197974,0.26137999999999995
5,Neck,35,1,No Fall,0.41201814369747836,0.23593681868392372,1.92272,0.41201814369747836,0.23593681868392372,1.92272,0.41201814369747836,0.23593681868392372,1.92272,-0.14036764705882845,116.03985325284182,911.75,-0.14036764705882845,116.03985325284182,911.75,-0.14036764705882845,116.03985325284182,911.75,0.4892751500000002,0.05609452021790138,0.27958,0.4892751500000002,0.05609452021790138,0.27958,0.4892751500000002,0.05609452021790138,0.27958
5,Neck,35,2,No Fall,0.45195463865546187,0.45086808891072716,9.736332,0.45195463865546187,0.45086808891072716,9.736332,0.45195463865546187,0.45086808891072716,9.736332,8.781529411764705,156.79111506365777,2221.2400000000002,8.781529411764705,156.79111506365777,2221.2400000000002,8.781529411764705,156.79111506365777,2221.2400000000002,0.4443166,0.09932003643255011,0.56952,0.4443166,0.09932003643255011,0.56952,0.4443166,0.09932003643255011,0.56952
5,Neck,36,1,No Fall,0.3751534344537806,0.35407948116122906,4.975648,0.3751534344537806,0.35407948116122906,4.975648,0.3751534344537806,0.35407948116122906,4.975648,-0.3880441176470601,160.62039716066377,1191.68,-0.3880441176470601,160.62039716066377,1191.68,-0.3880441176470601,160.62039716066377,1191.68,0.524136462500001,0.042096083516055406,0.22105999999999998,0.524136462500001,0.042096083516055406,0.22105999999999998,0.524136462500001,0.042096083516055406,0.22105999999999998
5,Neck,36,2,No Fall,0.6692024991596646,0.5390109063260071,5.578571999999999,0.6692024991596646,0.5390109063260071,5.578571999999999,0.6692024991596646,0.5390109063260071,5.578571999999999,1.7665588235294125,117.86116764654437,1134.77,1.7665588235294125,117.86116764654437,1134.77,1.7665588235294125,117.86116764654437,1134.77,0.46065836250000025,0.13480085733974692,0.6027,0.46065836250000025,0.13480085733974692,0.6027,0.46065836250000025,0.13480085733974692,0.6027
5,Neck,37,1,No Fall,0.38125281932773036,0.025738183193730262,0.17397199999999996,0.38125281932773036,0.025738183193730262,0.17397199999999996,0.38125281932773036,0.025738183193730262,0.17397199999999996,5.132264705882365,5.469651346798148,48.72,5.132264705882365,5.469651346798148,48.72,5.132264705882365,5.469651346798148,48.72,0.30833564999999963,0.03041869274180064,0.15805999999999998,0.30833564999999963,0.03041869274180064,0.15805999999999998,0.30833564999999963,0.03041869274180064,0.15805999999999998
5,Neck,37,2,No Fall,0.9233887815126047,0.033696204669926094,0.38503199999999993,0.9233887815126047,0.033696204669926094,0.38503199999999993,0.9233887815126047,0.033696204669926094,0.38503199999999993,5.392000000000005,7.532123458276071,56.7,5.392000000000005,7.532123458276071,56.7,5.392000000000005,7.532123458276071,56.7,0.20591672499999988,0.022497296682004345,0.12698,0.20591672499999988,0.022497296682004345,0.12698,0.20591672499999988,0.022497296682004345,0.12698
5,Neck,38,1,No Fall,0.349642619327731,0.05444974704766385,0.51728,0.349642619327731,0.05444974704766385,0.51728,0.349642619327731,0.05444974704766385,0.51728,4.755294117647066,17.918124234554842,194.81,4.755294117647066,17.918124234554842,194.81,4.755294117647066,17.918124234554842,194.81,0.32475974999999996,0.051632012011471336,0.23184,0.32475974999999996,0.051632012011471336,0.23184,0.32475974999999996,0.051632012011471336,0.23184
5,Neck,38,2,No Fall,0.7277392781512626,0.24890886991258468,1.13338,0.7277392781512626,0.24890886991258468,1.13338,0.7277392781512626,0.24890886991258468,1.13338,7.744602941176444,21.94693058309614,227.99000000000004,7.744602941176444,21.94693058309614,227.99000000000004,7.744602941176444,21.94693058309614,227.99000000000004,0.25914061250000037,0.0792044976542069,0.31345999999999996,0.25914061250000037,0.0792044976542069,0.31345999999999996,0.25914061250000037,0.0792044976542069,0.31345999999999996
5,Neck,39,1,No Fall,0.3344555159663871,0.02045977016008039,0.20203200000000002,0.3344555159663871,0.02045977016008039,0.20203200000000002,0.3344555159663871,0.02045977016008039,0.20203200000000002,5.277176470588232,5.577934672578169,72.45,5.277176470588232,5.577934672578169,72.45,5.277176470588232,5.577934672578169,72.45,0.2959288500000002,0.04017244575640472,0.17121999999999998,0.2959288500000002,0.04017244575640472,0.17121999999999998,0.2959288500000002,0.04017244575640472,0.17121999999999998
5,Neck,39,2,No Fall,0.3681679092436975,0.04388895180389223,0.249124,0.3681679092436975,0.04388895180389223,0.249124,0.3681679092436975,0.04388895180389223,0.249124,4.724529411764698,7.626105904608785,88.69000000000001,4.724529411764698,7.626105904608785,88.69000000000001,4.724529411764698,7.626105904608785,88.69000000000001,0.2783850125000003,0.07223022103416261,0.24373999999999996,0.2783850125000003,0.07223022103416261,0.24373999999999996,0.2783850125000003,0.07223022103416261,0.24373999999999996
5,Neck,40,1,No Fall,0.33714592352941025,0.03945623274729855,0.40235600000000005,0.33714592352941025,0.03945623274729855,0.40235600000000005,0.33714592352941025,0.03945623274729855,0.40235600000000005,5.637044117647059,12.256736745667766,173.67000000000002,5.637044117647059,12.256736745667766,173.67000000000002,5.637044117647059,12.256736745667766,173.67000000000002,0.32660775000000003,0.03734448587915604,0.15931999999999996,0.32660775000000003,0.03734448587915604,0.15931999999999996,0.32660775000000003,0.03734448587915604,0.15931999999999996
5,Neck,40,2,No Fall,0.3863376563025207,0.05387642077134739,0.506056,0.3863376563025207,0.05387642077134739,0.506056,0.3863376563025207,0.05387642077134739,0.506056,4.942676470588234,15.770300718948821,248.36,4.942676470588234,15.770300718948821,248.36,4.942676470588234,15.770300718948821,248.36,0.34239021249999996,0.058244157295962225,0.23435999999999998,0.34239021249999996,0.058244157295962225,0.23435999999999998,0.34239021249999996,0.058244157295962225,0.23435999999999998
5,Neck,43,1,No Fall,0.5367627848739497,0.4928108743063266,8.06176,0.5367627848739497,0.4928108743063266,8.06176,0.5367627848739497,0.4928108743063266,8.06176,12.292411764705896,171.7686246925475,2080.82,12.292411764705896,171.7686246925475,2080.82,12.292411764705896,171.7686246925475,2080.82,0.3859096499999999,0.0743273499037691,0.5752599999999999,0.3859096499999999,0.0743273499037691,0.5752599999999999,0.3859096499999999,0.0743273499037691,0.5752599999999999
5,Neck,43,2,No Fall,0.5160769672268928,0.45614198539492173,9.069479999999999,0.5160769672268928,0.45614198539492173,9.069479999999999,0.5160769672268928,0.45614198539492173,9.069479999999999,6.134691176470605,188.5768914748243,2142.9800000000005,6.134691176470605,188.5768914748243,2142.9800000000005,6.134691176470605,188.5768914748243,2142.9800000000005,0.3507412999999999,0.08343608291841112,0.5151999999999999,0.3507412999999999,0.08343608291841112,0.5151999999999999,0.3507412999999999,0.08343608291841112,0.5151999999999999
5,Neck,43,3,No Fall,0.5934423445378166,0.5312073825518027,9.999607999999998,0.5934423445378166,0.5312073825518027,9.999607999999998,0.5934423445378166,0.5312073825518027,9.999607999999998,16.16948529411763,155.10291511444635,2202.2700000000004,16.16948529411763,155.10291511444635,2202.2700000000004,16.16948529411763,155.10291511444635,2202.2700000000004,0.3501794624999994,0.08053838921624314,0.47123999999999994,0.3501794624999994,0.08053838921624314,0.47123999999999994,0.3501794624999994,0.08053838921624314,0.47123999999999994
5,Neck,44,1,No Fall,0.4690225924369746,0.5845884656869911,11.589023999999998,0.4690225924369746,0.5845884656869911,11.589023999999998,0.4690225924369746,0.5845884656869911,11.589023999999998,7.29038235294116,205.9304676484916,2305.38,7.29038235294116,205.9304676484916,2305.38,7.29038235294116,205.9304676484916,2305.38,0.3898340250000004,0.11262840076424352,0.5753999999999999,0.3898340250000004,0.11262840076424352,0.5753999999999999,0.3898340250000004,0.11262840076424352,0.5753999999999999
5,Neck,44,2,No Fall,0.5646646974789901,0.5053084669340061,9.099736,0.5646646974789901,0.5053084669340061,9.099736,0.5646646974789901,0.5053084669340061,9.099736,16.980661764705864,168.0874018653906,2016.0700000000002,16.980661764705864,168.0874018653906,2016.0700000000002,16.980661764705864,168.0874018653906,2016.0700000000002,0.33326186250000034,0.07873506687304746,0.45303999999999994,0.33326186250000034,0.07873506687304746,0.45303999999999994,0.33326186250000034,0.07873506687304746,0.45303999999999994
5,Neck,44,3,No Fall,0.515534579831933,0.5808809064368506,9.964228,0.515534579831933,0.5808809064368506,9.964228,0.515534579831933,0.5808809064368506,9.964228,15.728264705882388,174.93846209872754,2046.8000000000002,15.728264705882388,174.93846209872754,2046.8000000000002,15.728264705882388,174.93846209872754,2046.8000000000002,0.3969386749999995,0.061302261196155824,0.40474,0.3969386749999995,0.061302261196155824,0.40474,0.3969386749999995,0.061302261196155824,0.40474
5,Neck,101,1,Fall,0.23956222436974245,0.30077610799349375,4.52254,0.23956222436974245,0.30077610799349375,4.52254,0.23956222436974245,0.30077610799349375,4.52254,4.884735294117839,61.960871475168396,1280.0200000000002,4.884735294117839,61.960871475168396,1280.0200000000002,4.884735294117839,61.960871475168396,1280.0200000000002,0.45577577500000005,0.04445845595148757,0.26712,0.45577577500000005,0.04445845595148757,0.26712,0.45577577500000005,0.04445845595148757,0.26712
5,Neck,101,2,Fall,0.36805170168066587,0.4130555601917582,4.429576,0.36805170168066587,0.4130555601917582,4.429576,0.36805170168066587,0.4130555601917582,4.429576,7.874838235294123,67.22849786206689,1038.17,7.874838235294123,67.22849786206689,1038.17,7.874838235294123,67.22849786206689,1038.17,0.3947035750000002,0.06670114961017527,0.29735999999999996,0.3947035750000002,0.06670114961017527,0.29735999999999996,0.3947035750000002,0.06670114961017527,0.29735999999999996
5,Neck,102,1,Fall,0.42048386722688874,0.34022264391274776,5.68886,0.42048386722688874,0.34022264391274776,5.68886,0.42048386722688874,0.34022264391274776,5.68886,6.951205882352858,111.89790334606893,1816.5000000000002,6.951205882352858,111.89790334606893,1816.5000000000002,6.951205882352858,111.89790334606893,1816.5000000000002,0.4114639374999996,0.05957981272670249,0.43315999999999993,0.4114639374999996,0.05957981272670249,0.43315999999999993,0.4114639374999996,0.05957981272670249,0.43315999999999993
5,Neck,102,2,Fall,0.4982813705882353,0.24278671894239587,2.527352,0.4982813705882353,0.24278671894239587,2.527352,0.4982813705882353,0.24278671894239587,2.527352,4.804191176470572,104.25819094140691,1554.42,4.804191176470572,104.25819094140691,1554.42,4.804191176470572,104.25819094140691,1554.42,0.3952732875,0.05018252388787548,0.33571999999999996,0.3952732875,0.05018252388787548,0.33571999999999996,0.3952732875,0.05018252388787548,0.33571999999999996
5,Neck,103,1,Fall,0.16945082352941035,0.2914198331322322,4.865604,0.16945082352941035,0.2914198331322322,4.865604,0.16945082352941035,0.2914198331322322,4.865604,9.63277941176486,81.57874003169381,1064.0,9.63277941176486,81.57874003169381,1064.0,9.63277941176486,81.57874003169381,1064.0,0.22298674999999998,0.18818391231178777,0.5046999999999999,0.22298674999999998,0.18818391231178777,0.5046999999999999,0.22298674999999998,0.18818391231178777,0.5046999999999999
5,Neck,103,2,Fall,0.2235903739495786,0.288047950333241,3.40502,0.2235903739495786,0.288047950333241,3.40502,0.2235903739495786,0.288047950333241,3.40502,8.704588235294144,67.47348002980185,889.2100000000002,8.704588235294144,67.47348002980185,889.2100000000002,8.704588235294144,67.47348002980185,889.2100000000002,0.420854962500001,0.03715636847429357,0.27678,0.420854962500001,0.03715636847429357,0.27678,0.420854962500001,0.03715636847429357,0.27678
5,Neck,104,1,Fall,0.601223484033615,0.35293987475333244,5.459744,0.601223484033615,0.35293987475333244,5.459744,0.601223484033615,0.35293987475333244,5.459744,4.518338235294109,144.87884096670638,2351.2300000000005,4.518338235294109,144.87884096670638,2351.2300000000005,4.518338235294109,144.87884096670638,2351.2300000000005,0.2676594374999997,0.19680008378058056,0.7019599999999999,0.2676594374999997,0.19680008378058056,0.7019599999999999,0.2676594374999997,0.19680008378058056,0.7019599999999999
5,Neck,104,2,Fall,0.4985886260504205,0.23423125099492972,4.215832,0.4985886260504205,0.23423125099492972,4.215832,0.4985886260504205,0.23423125099492972,4.215832,10.708794117647052,91.88908428201165,1551.9700000000003,10.708794117647052,91.88908428201165,1551.9700000000003,10.708794117647052,91.88908428201165,1551.9700000000003,0.4075006249999993,0.05095436845747316,0.30996,0.4075006249999993,0.05095436845747316,0.30996,0.4075006249999993,0.05095436845747316,0.30996
5,Neck,105,1,Fall,0.26620661428571385,0.32224740953550446,5.158892,0.26620661428571385,0.32224740953550446,5.158892,0.26620661428571385,0.32224740953550446,5.158892,13.88867647058767,75.18327866773048,768.95,13.88867647058767,75.18327866773048,768.95,13.88867647058767,75.18327866773048,768.95,0.39670758749999957,0.05114162212548456,0.44799999999999995,0.39670758749999957,0.05114162212548456,0.44799999999999995,0.39670758749999957,0.05114162212548456,0.44799999999999995
5,Neck,105,2,Fall,0.2502233327731068,0.33600534046705727,5.660068,0.2502233327731068,0.33600534046705727,5.660068,0.2502233327731068,0.33600534046705727,5.660068,3.0465588235293968,67.68699533774173,1470.7700000000002,3.0465588235293968,67.68699533774173,1470.7700000000002,3.0465588235293968,67.68699533774173,1470.7700000000002,0.4338061874999996,0.03506140510297208,0.21349999999999997,0.4338061874999996,0.03506140510297208,0.21349999999999997,0.4338061874999996,0.03506140510297208,0.21349999999999997
5,Neck,106,1,Fall,0.5839242941176485,0.21951219379135037,5.5256240000000005,0.5839242941176485,0.21951219379135037,5.5256240000000005,0.5839242941176485,0.21951219379135037,5.5256240000000005,5.848926470588249,99.5082724637459,1388.17,5.848926470588249,99.5082724637459,1388.17,5.848926470588249,99.5082724637459,1388.17,0.34650437499999964,0.11134458348536343,0.47628,0.34650437499999964,0.11134458348536343,0.47628,0.34650437499999964,0.11134458348536343,0.47628
5,Neck,106,2,Fall,0.6457741420168073,0.30198156477830806,6.557012,0.6457741420168073,0.30198156477830806,6.557012,0.6457741420168073,0.30198156477830806,6.557012,1.2734705882353003,108.64256394517386,1221.71,1.2734705882353003,108.64256394517386,1221.71,1.2734705882353003,108.64256394517386,1221.71,0.3342248000000004,0.10352054889241494,0.38444,0.3342248000000004,0.10352054889241494,0.38444,0.3342248000000004,0.10352054889241494,0.38444
5,Neck,107,1,Fall,0.3838289672268925,0.42167680509404276,4.482524,0.3838289672268925,0.42167680509404276,4.482524,0.3838289672268925,0.42167680509404276,4.482524,10.000220588235322,42.32804335607247,880.95,10.000220588235322,42.32804335607247,880.95,10.000220588235322,42.32804335607247,880.95,0.13117440000000022,0.2391904322562711,0.6311199999999999,0.13117440000000022,0.2391904322562711,0.6311199999999999,0.13117440000000022,0.2391904322562711,0.6311199999999999
5,Neck,107,2,Fall,0.25600034033613545,0.2583998429159494,2.593232,0.25600034033613545,0.2583998429159494,2.593232,0.25600034033613545,0.2583998429159494,2.593232,2.1787794117647077,87.90146142671156,1113.77,2.1787794117647077,87.90146142671156,1113.77,2.1787794117647077,87.90146142671156,1113.77,0.3329450250000003,0.11416586295786889,0.5856199999999999,0.3329450250000003,0.11416586295786889,0.5856199999999999,0.3329450250000003,0.11416586295786889,0.5856199999999999
5,Neck,107,3,Fall,-0.23260473865546197,0.690815575193673,4.273172,-0.23260473865546197,0.690815575193673,4.273172,-0.23260473865546197,0.690815575193673,4.273172,5.813470588235291,65.45450330218188,997.6400000000001,5.813470588235291,65.45450330218188,997.6400000000001,5.813470588235291,65.45450330218188,997.6400000000001,0.3045954625000002,0.12408657091658738,0.3567199999999999,0.3045954625000002,0.12408657091658738,0.3567199999999999,0.3045954625000002,0.12408657091658738,0.3567199999999999
5,Neck,107,4,Fall,0.6591808655462194,0.18803794496713108,2.47538,0.6591808655462194,0.18803794496713108,2.47538,0.6591808655462194,0.18803794496713108,2.47538,9.838426470588235,74.43796239455878,819.0700000000002,9.838426470588235,74.43796239455878,819.0700000000002,9.838426470588235,74.43796239455878,819.0700000000002,0.07695712499999989,0.24701953385522077,0.6627599999999999,0.07695712499999989,0.24701953385522077,0.6627599999999999,0.07695712499999989,0.24701953385522077,0.6627599999999999
5,Neck,108,2,Fall,0.470480953781511,0.26193909965477197,5.577596,0.470480953781511,0.26193909965477197,5.577596,0.470480953781511,0.26193909965477197,5.577596,15.279588235294144,119.38403273782016,1930.8100000000002,15.279588235294144,119.38403273782016,1930.8100000000002,15.279588235294144,119.38403273782016,1930.8100000000002,0.23036396250000063,0.2633526810727225,0.73122,0.23036396250000063,0.2633526810727225,0.73122,0.23036396250000063,0.2633526810727225,0.73122
5,Neck,108,3,Fall,0.39406451092437045,0.4348234942137325,3.245932,0.39406451092437045,0.4348234942137325,3.245932,0.39406451092437045,0.4348234942137325,3.245932,5.163441176470601,90.69482039480211,932.5400000000001,5.163441176470601,90.69482039480211,932.5400000000001,5.163441176470601,90.69482039480211,932.5400000000001,0.37623529999999955,0.1021374198947145,0.5459999999999999,0.37623529999999955,0.1021374198947145,0.5459999999999999,0.37623529999999955,0.1021374198947145,0.5459999999999999
5,Neck,108,4,Fall,0.5702760310924379,0.2845816062236711,5.911388,0.5702760310924379,0.2845816062236711,5.911388,0.5702760310924379,0.2845816062236711,5.911388,9.141779411764725,87.50065144827407,903.5600000000002,9.141779411764725,87.50065144827407,903.5600000000002,9.141779411764725,87.50065144827407,903.5600000000002,0.36972827499999944,0.07533458155794683,0.41215999999999997,0.36972827499999944,0.07533458155794683,0.41215999999999997,0.36972827499999944,0.07533458155794683,0.41215999999999997
5,Neck,109,1,Fall,0.3948805781512586,0.18389631257545555,4.273172000000001,0.3948805781512586,0.18389631257545555,4.273172000000001,0.3948805781512586,0.18389631257545555,4.273172000000001,12.278044117647045,57.32351874181876,821.3100000000001,12.278044117647045,57.32351874181876,821.3100000000001,12.278044117647045,57.32351874181876,821.3100000000001,0.4023256124999995,0.09888356688360618,0.59836,0.4023256124999995,0.09888356688360618,0.59836,0.4023256124999995,0.09888356688360618,0.59836
5,Neck,109,2,Fall,0.2245495092437062,0.304171037572623,4.469104,0.2245495092437062,0.304171037572623,4.469104,0.2245495092437062,0.304171037572623,4.469104,12.916352941176065,92.64334560353696,1767.2200000000003,12.916352941176065,92.64334560353696,1767.2200000000003,12.916352941176065,92.64334560353696,1767.2200000000003,0.43618811249999945,0.04934304673001269,0.5025999999999999,0.43618811249999945,0.04934304673001269,0.5025999999999999,0.43618811249999945,0.04934304673001269,0.5025999999999999
5,Neck,111,1,Fall,0.2327144873949579,0.27706800135472215,3.646092,0.2327144873949579,0.27706800135472215,3.646092,0.2327144873949579,0.27706800135472215,3.646092,5.220514705882156,44.71885251824066,1180.13,5.220514705882156,44.71885251824066,1180.13,5.220514705882156,44.71885251824066,1180.13,0.46314589999999906,0.03144952926113075,0.27286,0.46314589999999906,0.03144952926113075,0.27286,0.46314589999999906,0.03144952926113075,0.27286
5,Neck,112,1,Fall,0.24109619495798443,0.3096706256126779,4.558408,0.24109619495798443,0.3096706256126779,4.558408,0.24109619495798443,0.3096706256126779,4.558408,21.390970588236343,119.29715940355301,2328.9700000000003,21.390970588236343,119.29715940355301,2328.9700000000003,21.390970588236343,119.29715940355301,2328.9700000000003,0.48288904999999943,0.0651545405128522,0.4653599999999999,0.48288904999999943,0.0651545405128522,0.4653599999999999,0.48288904999999943,0.0651545405128522,0.4653599999999999
5,Neck,113,1,Fall,0.05998560588235243,0.18013236810013447,5.003463999999999,0.05998560588235243,0.18013236810013447,5.003463999999999,0.05998560588235243,0.18013236810013447,5.003463999999999,1.198470588235307,58.27769149913996,1310.75,1.198470588235307,58.27769149913996,1310.75,1.198470588235307,58.27769149913996,1310.75,0.4630989125000005,0.09720058718397939,0.6992999999999999,0.4630989125000005,0.09720058718397939,0.6992999999999999,0.4630989125000005,0.09720058718397939,0.6992999999999999
5,Neck,113,2,Fall,0.07835408991596511,0.18519442637761163,4.57134,0.07835408991596511,0.18519442637761163,4.57134,0.07835408991596511,0.18519442637761163,4.57134,8.12335294117613,66.8019030872658,1781.92,8.12335294117613,66.8019030872658,1781.92,8.12335294117613,66.8019030872658,1781.92,0.4926828375000003,0.040677886194028734,0.38262,0.4926828375000003,0.040677886194028734,0.38262,0.4926828375000003,0.040677886194028734,0.38262
5,Neck,114,1,Fall,0.5871710319327734,0.42780388156876126,9.175864,0.5871710319327734,0.42780388156876126,9.175864,0.5871710319327734,0.42780388156876126,9.175864,6.242117647058817,77.28776267909409,1722.0000000000002,6.242117647058817,77.28776267909409,1722.0000000000002,6.242117647058817,77.28776267909409,1722.0000000000002,0.34872503749999967,0.15977375678665817,0.53116,0.34872503749999967,0.15977375678665817,0.53116,0.34872503749999967,0.15977375678665817,0.53116
5,Neck,115,1,Fall,0.36806015966386446,0.4136307682371052,1.8634279999999999,0.36806015966386446,0.4136307682371052,1.8634279999999999,0.36806015966386446,0.4136307682371052,1.8634279999999999,8.844970588234775,59.71510503060396,1811.6000000000001,8.844970588234775,59.71510503060396,1811.6000000000001,8.844970588234775,59.71510503060396,1811.6000000000001,0.4177095125000006,0.11274977120632768,0.2898,0.4177095125000006,0.11274977120632768,0.2898,0.4177095125000006,0.11274977120632768,0.2898
5,Neck,116,1,Fall,0.30834710588235265,0.21451577102578592,4.894883999999999,0.30834710588235265,0.21451577102578592,4.894883999999999,0.30834710588235265,0.21451577102578592,4.894883999999999,4.038676470588223,81.53284107671676,965.9300000000001,4.038676470588223,81.53284107671676,965.9300000000001,4.038676470588223,81.53284107671676,965.9300000000001,0.45736617499999943,0.03796459771344996,0.2835,0.45736617499999943,0.03796459771344996,0.2835,0.45736617499999943,0.03796459771344996,0.2835
5,Neck,117,1,Fall,0.20964244201680685,0.3351754984915847,6.440379999999999,0.20964244201680685,0.3351754984915847,6.440379999999999,0.20964244201680685,0.3351754984915847,6.440379999999999,11.98119117646998,62.01210660110899,1157.73,11.98119117646998,62.01210660110899,1157.73,11.98119117646998,62.01210660110899,1157.73,0.46460697500000053,0.09906933556166499,0.48719999999999997,0.46460697500000053,0.09906933556166499,0.48719999999999997,0.46460697500000053,0.09906933556166499,0.48719999999999997
5,Neck,118,1,Fall,0.374777694957983,0.25230327654410417,3.8861879999999998,0.374777694957983,0.25230327654410417,3.8861879999999998,0.374777694957983,0.25230327654410417,3.8861879999999998,20.47499999999993,113.2764313666922,1455.44,20.47499999999993,113.2764313666922,1455.44,20.47499999999993,113.2764313666922,1455.44,0.44590350000000023,0.10156431978139716,0.60046,0.44590350000000023,0.10156431978139716,0.60046,0.44590350000000023,0.10156431978139716,0.60046
5,Neck,119,1,Fall,0.2195526352941138,0.25194026380085,4.342224,0.2195526352941138,0.25194026380085,4.342224,0.2195526352941138,0.25194026380085,4.342224,9.5439558823525,55.26043188588828,1121.75,9.5439558823525,55.26043188588828,1121.75,9.5439558823525,55.26043188588828,1121.75,0.4875670624999997,0.0535263555183847,0.20663999999999993,0.4875670624999997,0.0535263555183847,0.20663999999999993,0.4875670624999997,0.0535263555183847,0.20663999999999993
5,Neck,119,2,Fall,0.20864209327731467,0.29322720976816924,6.915204,0.20864209327731467,0.29322720976816924,6.915204,0.20864209327731467,0.29322720976816924,6.915204,12.343955882352349,70.28177227341155,1162.56,12.343955882352349,70.28177227341155,1162.56,12.343955882352349,70.28177227341155,1162.56,0.4689564249999997,0.021304828878750594,0.20538,0.4689564249999997,0.021304828878750594,0.20538,0.4689564249999997,0.021304828878750594,0.20538
5,Neck,120,1,Fall,0.3450957100840354,0.21831751876006356,3.319376,0.3450957100840354,0.21831751876006356,3.319376,0.3450957100840354,0.21831751876006356,3.319376,11.477249999999843,81.64590043246857,1097.88,11.477249999999843,81.64590043246857,1097.88,11.477249999999843,81.64590043246857,1097.88,0.4786460874999996,0.06433362169575597,0.37436,0.4786460874999996,0.06433362169575597,0.37436,0.4786460874999996,0.06433362169575597,0.37436
5,Neck,120,2,Fall,0.2869272890756313,0.2974448081963284,7.782624,0.2869272890756313,0.2974448081963284,7.782624,0.2869272890756313,0.2974448081963284,7.782624,20.704397058823428,127.8065793014086,1796.3400000000001,20.704397058823428,127.8065793014086,1796.3400000000001,20.704397058823428,127.8065793014086,1796.3400000000001,0.47804890000000005,0.05269536006042121,0.6120799999999998,0.47804890000000005,0.05269536006042121,0.6120799999999998,0.47804890000000005,0.05269536006042121,0.6120799999999998
5,Neck,121,1,Fall,0.23008308067227337,0.42868250966542576,7.413208,0.23008308067227337,0.42868250966542576,7.413208,0.23008308067227337,0.42868250966542576,7.413208,8.534397058823584,127.65659472036016,1264.06,8.534397058823584,127.65659472036016,1264.06,8.534397058823584,127.65659472036016,1264.06,0.42712687500000013,0.06265889259911937,0.5298999999999999,0.42712687500000013,0.06265889259911937,0.5298999999999999,0.42712687500000013,0.06265889259911937,0.5298999999999999
5,Neck,121,2,Fall,0.2944653512605002,0.5597030052753323,8.851832,0.2944653512605002,0.5597030052753323,8.851832,0.2944653512605002,0.5597030052753323,8.851832,3.657764705882317,155.76718406494635,1979.3900000000003,3.657764705882317,155.76718406494635,1979.3900000000003,3.657764705882317,155.76718406494635,1979.3900000000003,0.3990351750000004,0.10020421326192624,0.49112,0.3990351750000004,0.10020421326192624,0.49112,0.3990351750000004,0.10020421326192624,0.49112
5,Neck,122,1,Fall,0.5568069747899159,0.5911025371507208,7.075024,0.5568069747899159,0.5911025371507208,7.075024,0.5568069747899159,0.5911025371507208,7.075024,23.40279411764714,179.8917408290316,2169.3700000000003,23.40279411764714,179.8917408290316,2169.3700000000003,23.40279411764714,179.8917408290316,2169.3700000000003,0.3512420625,0.13187194754226136,0.5791799999999999,0.3512420625,0.13187194754226136,0.5791799999999999,0.3512420625,0.13187194754226136,0.5791799999999999
5,Neck,122,2,Fall,0.574114212605043,0.28515081662838226,5.911388,0.574114212605043,0.28515081662838226,5.911388,0.574114212605043,0.28515081662838226,5.911388,8.834602941176474,89.74109583382693,903.5600000000002,8.834602941176474,89.74109583382693,903.5600000000002,8.834602941176474,89.74109583382693,903.5600000000002,0.371701225,0.07588500627502265,0.41215999999999997,0.371701225,0.07588500627502265,0.41215999999999997,0.371701225,0.07588500627502265,0.41215999999999997
5,Neck,123,1,Fall,0.2117632428571434,0.5014490065011565,7.3597719999999995,0.2117632428571434,0.5014490065011565,7.3597719999999995,0.2117632428571434,0.5014490065011565,7.3597719999999995,3.285838235294131,131.28605998452974,1183.3500000000001,3.285838235294131,131.28605998452974,1183.3500000000001,3.285838235294131,131.28605998452974,1183.3500000000001,0.29140956249999994,0.1312270667019788,0.3936799999999999,0.29140956249999994,0.1312270667019788,0.3936799999999999,0.29140956249999994,0.1312270667019788,0.3936799999999999
5,Neck,123,2,Fall,0.1617011579831926,0.589506138924607,10.260932,0.1617011579831926,0.589506138924607,10.260932,0.1617011579831926,0.589506138924607,10.260932,2.226397058823525,165.96633032281494,1963.6400000000003,2.226397058823525,165.96633032281494,1963.6400000000003,2.226397058823525,165.96633032281494,1963.6400000000003,0.4238595375000003,0.07141414113995764,0.4333,0.4238595375000003,0.07141414113995764,0.4333,0.4238595375000003,0.07141414113995764,0.4333
5,Neck,124,2,Fall,0.6154956899159657,0.715434099798065,11.970396,0.6154956899159657,0.715434099798065,11.970396,0.6154956899159657,0.715434099798065,11.970396,15.04198529411763,261.589399630773,3538.71,15.04198529411763,261.589399630773,3538.71,15.04198529411763,261.589399630773,3538.71,0.35246242499999986,0.12901441355885623,0.61922,0.35246242499999986,0.12901441355885623,0.61922,0.35246242499999986,0.12901441355885623,0.61922
5,Neck,125,1,Fall,0.3260585327731082,0.44510628573320976,6.682428,0.3260585327731082,0.44510628573320976,6.682428,0.3260585327731082,0.44510628573320976,6.682428,3.841735294117644,195.31207445856202,2154.1800000000003,3.841735294117644,195.31207445856202,2154.1800000000003,3.841735294117644,195.31207445856202,2154.1800000000003,0.3845034374999994,0.052312024543870385,0.37029999999999996,0.3845034374999994,0.052312024543870385,0.37029999999999996,0.3845034374999994,0.052312024543870385,0.37029999999999996
5,Neck,125,2,Fall,0.2653292394958003,0.4469744426077328,6.6272839999999995,0.2653292394958003,0.4469744426077328,6.6272839999999995,0.2653292394958003,0.4469744426077328,6.6272839999999995,12.190838235293752,133.1571721395254,1776.8100000000002,12.190838235293752,133.1571721395254,1776.8100000000002,12.190838235293752,133.1571721395254,1776.8100000000002,0.40886641249999944,0.08989456024479922,0.4074,0.40886641249999944,0.08989456024479922,0.4074,0.40886641249999944,0.08989456024479922,0.4074
5,Neck,126,1,Fall,0.5362501285714278,0.3724865236836515,6.66364,0.5362501285714278,0.3724865236836515,6.66364,0.5362501285714278,0.3724865236836515,6.66364,27.593985294117658,145.9677077173557,1349.1100000000001,27.593985294117658,145.9677077173557,1349.1100000000001,27.593985294117658,145.9677077173557,1349.1100000000001,0.2983693125000005,0.1960526796266003,0.69902,0.2983693125000005,0.1960526796266003,0.69902,0.2983693125000005,0.1960526796266003,0.69902
5,Neck,127,1,Fall,0.3985703092437005,0.5331533488774303,8.028331999999999,0.3985703092437005,0.5331533488774303,8.028331999999999,0.3985703092437005,0.5331533488774303,8.028331999999999,1.8432941176470803,108.96542054709543,1885.3100000000002,1.8432941176470803,108.96542054709543,1885.3100000000002,1.8432941176470803,108.96542054709543,1885.3100000000002,0.009751525000000004,0.12942374072436935,0.6395199999999999,0.009751525000000004,0.12942374072436935,0.6395199999999999,0.009751525000000004,0.12942374072436935,0.6395199999999999
5,Neck,127,2,Fall,0.08670970588235297,0.24308219742465462,4.859503999999999,0.08670970588235297,0.24308219742465462,4.859503999999999,0.08670970588235297,0.24308219742465462,4.859503999999999,18.938029411765072,99.04012066038563,1929.13,18.938029411765072,99.04012066038563,1929.13,18.938029411765072,99.04012066038563,1929.13,0.44403878749999975,0.049284020432068656,0.41691999999999996,0.44403878749999975,0.049284020432068656,0.41691999999999996,0.44403878749999975,0.049284020432068656,0.41691999999999996
5,Neck,127,4,Fall,0.01904568655462125,0.30414080340253546,9.332756,0.01904568655462125,0.30414080340253546,9.332756,0.01904568655462125,0.30414080340253546,9.332756,17.425588235294967,117.08974243706444,2487.8700000000003,17.425588235294967,117.08974243706444,2487.8700000000003,17.425588235294967,117.08974243706444,2487.8700000000003,0.4391408874999999,0.1460060395641411,0.70448,0.4391408874999999,0.1460060395641411,0.70448,0.4391408874999999,0.1460060395641411,0.70448
5,Neck,128,1,Fall,0.31763981512605044,0.3888784035602824,11.654903999999998,0.31763981512605044,0.3888784035602824,11.654903999999998,0.31763981512605044,0.3888784035602824,11.654903999999998,1.8575294117646795,126.95152666617139,1610.42,1.8575294117646795,126.95152666617139,1610.42,1.8575294117646795,126.95152666617139,1610.42,0.29505122500000003,0.20287462566961684,0.5556599999999999,0.29505122500000003,0.20287462566961684,0.5556599999999999,0.29505122500000003,0.20287462566961684,0.5556599999999999
5,Neck,128,2,Fall,0.18561300420168064,0.2704315506730216,5.043480000000001,0.18561300420168064,0.2704315506730216,5.043480000000001,0.18561300420168064,0.2704315506730216,5.043480000000001,9.91967647058819,124.64757916333569,2196.32,9.91967647058819,124.64757916333569,2196.32,9.91967647058819,124.64757916333569,2196.32,0.45073078750000006,0.15979500869358187,0.7027999999999999,0.45073078750000006,0.15979500869358187,0.7027999999999999,0.45073078750000006,0.15979500869358187,0.7027999999999999
5,Neck,128,3,Fall,0.04339693781512595,0.43930340577390975,7.540332,0.04339693781512595,0.43930340577390975,7.540332,0.04339693781512595,0.43930340577390975,7.540332,12.725926470588231,132.6476977409438,1676.5000000000002,12.725926470588231,132.6476977409438,1676.5000000000002,12.725926470588231,132.6476977409438,1676.5000000000002,0.21221725000000002,0.25071612552982686,0.68404,0.21221725000000002,0.25071612552982686,0.68404,0.21221725000000002,0.25071612552982686,0.68404
5,Neck,128,4,Fall,0.10288167731092457,0.3656185207507904,7.12724,0.10288167731092457,0.3656185207507904,7.12724,0.10288167731092457,0.3656185207507904,7.12724,9.063999999999968,90.74325989954775,1910.0200000000002,9.063999999999968,90.74325989954775,1910.0200000000002,9.063999999999968,90.74325989954775,1910.0200000000002,0.2017886499999998,0.27282876677811346,0.6836199999999999,0.2017886499999998,0.27282876677811346,0.6836199999999999,0.2017886499999998,0.27282876677811346,0.6836199999999999
5,Neck,129,1,Fall,0.22519882605042338,0.26212776516430314,4.094075999999999,0.22519882605042338,0.26212776516430314,4.094075999999999,0.22519882605042338,0.26212776516430314,4.094075999999999,5.88504411764684,43.08315547847634,1638.7000000000003,5.88504411764684,43.08315547847634,1638.7000000000003,5.88504411764684,43.08315547847634,1638.7000000000003,0.49846956249999985,0.024877122287694738,0.18774000000000002,0.49846956249999985,0.024877122287694738,0.18774000000000002,0.49846956249999985,0.024877122287694738,0.18774000000000002
5,Neck,130,1,Fall,0.20785744873949583,0.27762692355962953,6.171735999999999,0.20785744873949583,0.27762692355962953,6.171735999999999,0.20785744873949583,0.27762692355962953,6.171735999999999,11.883794117646758,60.19563579976355,1398.0400000000002,11.883794117646758,60.19563579976355,1398.0400000000002,11.883794117646758,60.19563579976355,1398.0400000000002,0.48862598749999914,0.05950261575511552,0.28573999999999994,0.48862598749999914,0.05950261575511552,0.28573999999999994,0.48862598749999914,0.05950261575511552,0.28573999999999994
5,Neck,131,1,Fall,0.32743892689076076,0.33488572532432426,2.3614319999999998,0.32743892689076076,0.33488572532432426,2.3614319999999998,0.32743892689076076,0.33488572532432426,2.3614319999999998,7.51672058823505,49.1732269731994,1138.6200000000001,7.51672058823505,49.1732269731994,1138.6200000000001,7.51672058823505,49.1732269731994,1138.6200000000001,0.4694689999999998,0.08023434004418842,0.26655999999999996,0.4694689999999998,0.08023434004418842,0.26655999999999996,0.4694689999999998,0.08023434004418842,0.26655999999999996
5,Neck,131,2,Fall,0.24950189243697793,0.28441124883424973,2.7005920000000003,0.24950189243697793,0.28441124883424973,2.7005920000000003,0.24950189243697793,0.28441124883424973,2.7005920000000003,7.176044117646852,45.43993510718019,1386.7,7.176044117646852,45.43993510718019,1386.7,7.176044117646852,45.43993510718019,1386.7,0.15200675000000027,0.26372466139627604,0.6426,0.15200675000000027,0.26372466139627604,0.6426,0.15200675000000027,0.26372466139627604,0.6426
5,Neck,132,1,Fall,0.37775721176470944,0.40418970344392635,4.923432,0.37775721176470944,0.40418970344392635,4.923432,0.37775721176470944,0.40418970344392635,4.923432,3.7028676470587696,68.6258312335344,1488.5500000000002,3.7028676470587696,68.6258312335344,1488.5500000000002,3.7028676470587696,68.6258312335344,1488.5500000000002,0.40446245000000003,0.11930820385325233,0.33599999999999997,0.40446245000000003,0.11930820385325233,0.33599999999999997,0.40446245000000003,0.11930820385325233,0.33599999999999997
5,Neck,133,1,Fall,0.5646755134453781,0.2530030431760625,4.963204,0.5646755134453781,0.2530030431760625,4.963204,0.5646755134453781,0.2530030431760625,4.963204,2.0593676470588296,82.53820546573417,1615.8100000000002,2.0593676470588296,82.53820546573417,1615.8100000000002,2.0593676470588296,82.53820546573417,1615.8100000000002,0.2114739375000005,0.18967791217080193,0.62244,0.2114739375000005,0.18967791217080193,0.62244,0.2114739375000005,0.18967791217080193,0.62244
5,Neck,134,1,Fall,0.344705873949582,0.41229576289481934,3.4882239999999998,0.344705873949582,0.41229576289481934,3.4882239999999998,0.344705873949582,0.41229576289481934,3.4882239999999998,-0.3760294117647204,67.24372615054861,1557.0100000000002,-0.3760294117647204,67.24372615054861,1557.0100000000002,-0.3760294117647204,67.24372615054861,1557.0100000000002,0.44587024999999947,0.12388913278290815,0.3645599999999999,0.44587024999999947,0.12388913278290815,0.3645599999999999,0.44587024999999947,0.12388913278290815,0.3645599999999999
5,Neck,134,2,Fall,0.31036938403361664,0.37859498510673817,6.3679120000000005,0.31036938403361664,0.37859498510673817,6.3679120000000005,0.31036938403361664,0.37859498510673817,6.3679120000000005,3.5115441176470252,47.7127250253488,2082.01,3.5115441176470252,47.7127250253488,2082.01,3.5115441176470252,47.7127250253488,2082.01,0.46466069999999937,0.06756226346239894,0.23912,0.46466069999999937,0.06756226346239894,0.23912,0.46466069999999937,0.06756226346239894,0.23912
7,Neck,13,1,No Fall,0.891696052100844,0.13257836681501298,1.141676,0.891696052100844,0.13257836681501298,1.141676,0.891696052100844,0.13257836681501298,1.141676,4.720249999999985,20.033448691753094,357.70000000000005,4.720249999999985,20.033448691753094,357.70000000000005,4.720249999999985,20.033448691753094,357.70000000000005,0.17330302499999967,0.09520187316832897,0.43022,0.17330302499999967,0.09520187316832897,0.43022,0.17330302499999967,0.09520187316832897,0.43022
7,Neck,13,2,No Fall,0.9422074865546234,0.05884996224752228,1.016504,0.9422074865546234,0.05884996224752228,1.016504,0.9422074865546234,0.05884996224752228,1.016504,5.787588235294126,17.437644244454308,327.53000000000003,5.787588235294126,17.437644244454308,327.53000000000003,5.787588235294126,17.437644244454308,327.53000000000003,0.05964271250000011,0.03782117232536402,0.22791999999999998,0.05964271250000011,0.03782117232536402,0.22791999999999998,0.05964271250000011,0.03782117232536402,0.22791999999999998
7,Neck,13,3,No Fall,0.930607695798323,0.13494744324299426,1.119472,0.930607695798323,0.13494744324299426,1.119472,0.930607695798323,0.13494744324299426,1.119472,5.6767205882352805,15.128034041979197,175.35000000000002,5.6767205882352805,15.128034041979197,175.35000000000002,5.6767205882352805,15.128034041979197,175.35000000000002,0.13192042499999984,0.1036595442712268,0.4095,0.13192042499999984,0.1036595442712268,0.4095,0.13192042499999984,0.1036595442712268,0.4095
7,Neck,13,4,No Fall,0.9539507554621828,0.02175021799555693,0.3103680000000001,0.9539507554621828,0.02175021799555693,0.3103680000000001,0.9539507554621828,0.02175021799555693,0.3103680000000001,5.573617647058805,5.037141957232698,61.32000000000001,5.573617647058805,5.037141957232698,61.32000000000001,5.573617647058805,5.037141957232698,61.32000000000001,0.23210066249999972,0.022760919016103654,0.13076,0.23210066249999972,0.022760919016103654,0.13076,0.23210066249999972,0.022760919016103654,0.13076
7,Neck,13,5,No Fall,0.9458508268907564,0.13235504910589582,1.423252,0.9458508268907564,0.13235504910589582,1.423252,0.9458508268907564,0.13235504910589582,1.423252,3.4437352941176447,19.6208732815551,345.66,3.4437352941176447,19.6208732815551,345.66,3.4437352941176447,19.6208732815551,345.66,0.12496259999999985,0.1121736938891666,0.42616,0.12496259999999985,0.1121736938891666,0.42616,0.12496259999999985,0.1121736938891666,0.42616
7,Neck,13,6,No Fall,0.9565212134453795,0.05730409812569617,1.142896,0.9565212134453795,0.05730409812569617,1.142896,0.9565212134453795,0.05730409812569617,1.142896,5.122897058823543,15.325480469397794,192.36,5.122897058823543,15.325480469397794,192.36,5.122897058823543,15.325480469397794,192.36,0.017959812499999953,0.044594552044054096,0.27719999999999995,0.017959812499999953,0.044594552044054096,0.27719999999999995,0.017959812499999953,0.044594552044054096,0.27719999999999995
7,Neck,13,7,No Fall,0.9547133579831932,0.11455422919528602,1.0933640000000002,0.9547133579831932,0.11455422919528602,1.0933640000000002,0.9547133579831932,0.11455422919528602,1.0933640000000002,3.2475147058823546,11.37667261854294,94.36000000000001,3.2475147058823546,11.37667261854294,94.36000000000001,3.2475147058823546,11.37667261854294,94.36000000000001,0.1948913750000002,0.11449921432660698,0.46368,0.1948913750000002,0.11449921432660698,0.46368,0.1948913750000002,0.11449921432660698,0.46368
7,Neck,13,8,No Fall,0.9586970168067213,0.019864722340553847,0.2154520000000001,0.9586970168067213,0.019864722340553847,0.2154520000000001,0.9586970168067213,0.019864722340553847,0.2154520000000001,5.6627941176470475,6.453649495675699,72.24000000000001,5.6627941176470475,6.453649495675699,72.24000000000001,5.6627941176470475,6.453649495675699,72.24000000000001,0.03864953749999993,0.03009559395943119,0.16225999999999996,0.03864953749999993,0.03009559395943119,0.16225999999999996,0.03864953749999993,0.03009559395943119,0.16225999999999996
7,Neck,13,9,No Fall,0.9398883075630262,0.1544385989455497,2.688392,0.9398883075630262,0.1544385989455497,2.688392,0.9398883075630262,0.1544385989455497,2.688392,6.7849705882353195,24.580357216999392,609.9100000000001,6.7849705882353195,24.580357216999392,609.9100000000001,6.7849705882353195,24.580357216999392,609.9100000000001,0.09174488750000015,0.12695099220713602,0.44015999999999994,0.09174488750000015,0.12695099220713602,0.44015999999999994,0.09174488750000015,0.12695099220713602,0.44015999999999994
7,Neck,13,10,No Fall,0.9375108966386594,0.07386555266220532,0.7039399999999999,0.9375108966386594,0.07386555266220532,0.7039399999999999,0.9375108966386594,0.07386555266220532,0.7039399999999999,5.109308823529397,18.9707729797234,247.80000000000004,5.109308823529397,18.9707729797234,247.80000000000004,5.109308823529397,18.9707729797234,247.80000000000004,0.010463249999999962,0.06675797266063879,0.37786,0.010463249999999962,0.06675797266063879,0.37786,0.010463249999999962,0.06675797266063879,0.37786
7,Neck,13,11,No Fall,0.940012306722688,0.12694311765784008,1.051396,0.940012306722688,0.12694311765784008,1.051396,0.940012306722688,0.12694311765784008,1.051396,-0.40335294117646464,11.828482519558367,96.95000000000002,-0.40335294117646464,11.828482519558367,96.95000000000002,-0.40335294117646464,11.828482519558367,96.95000000000002,0.19840625000000003,0.11288836729755172,0.45625999999999994,0.19840625000000003,0.11288836729755172,0.45625999999999994,0.19840625000000003,0.11288836729755172,0.45625999999999994
7,Neck,13,12,No Fall,0.9514547789915969,0.023540751983106383,0.3547760000000001,0.9514547789915969,0.023540751983106383,0.3547760000000001,0.9514547789915969,0.023540751983106383,0.3547760000000001,5.418382352941179,5.490020462468157,80.15,5.418382352941179,5.490020462468157,80.15,5.418382352941179,5.490020462468157,80.15,0.2156903875000003,0.021393891943324504,0.12011999999999998,0.2156903875000003,0.021393891943324504,0.12011999999999998,0.2156903875000003,0.021393891943324504,0.12011999999999998
7,Neck,14,1,No Fall,0.8904782563025205,0.1252274542910052,1.0370000000000001,0.8904782563025205,0.1252274542910052,1.0370000000000001,0.8904782563025205,0.1252274542910052,1.0370000000000001,3.4084117647059036,15.621796764276041,150.71,3.4084117647059036,15.621796764276041,150.71,3.4084117647059036,15.621796764276041,150.71,0.16583971249999963,0.09318080830603057,0.38108,0.16583971249999963,0.09318080830603057,0.38108,0.16583971249999963,0.09318080830603057,0.38108
7,Neck,14,2,No Fall,0.9248422731092448,0.06971499632156163,0.43822399999999995,0.9248422731092448,0.06971499632156163,0.43822399999999995,0.9248422731092448,0.06971499632156163,0.43822399999999995,4.976382352941168,16.116332055427723,197.96000000000004,4.976382352941168,16.116332055427723,197.96000000000004,4.976382352941168,16.116332055427723,197.96000000000004,0.09002218750000013,0.04249827013912275,0.2884,0.09002218750000013,0.04249827013912275,0.2884,0.09002218750000013,0.04249827013912275,0.2884
7,Neck,14,3,No Fall,0.9388647890756308,0.11639299695021876,1.075308,0.9388647890756308,0.11639299695021876,1.075308,0.9388647890756308,0.11639299695021876,1.075308,5.6559117647058725,13.255727212734161,119.63000000000002,5.6559117647058725,13.255727212734161,119.63000000000002,5.6559117647058725,13.255727212734161,119.63000000000002,0.12479197500000005,0.09386554601159254,0.38752,0.12479197500000005,0.09386554601159254,0.38752,0.12479197500000005,0.09386554601159254,0.38752
7,Neck,14,4,No Fall,0.9493706294117664,0.034939178724228276,0.306952,0.9493706294117664,0.034939178724228276,0.306952,0.9493706294117664,0.034939178724228276,0.306952,5.024176470588238,9.67315933876537,103.39000000000001,5.024176470588238,9.67315933876537,103.39000000000001,5.024176470588238,9.67315933876537,103.39000000000001,0.2421440874999996,0.029212188903438522,0.19473999999999997,0.2421440874999996,0.029212188903438522,0.19473999999999997,0.2421440874999996,0.029212188903438522,0.19473999999999997
7,Neck,14,5,No Fall,0.9330195537815112,0.13611941645813638,1.22488,0.9330195537815112,0.13611941645813638,1.22488,0.9330195537815112,0.13611941645813638,1.22488,3.590941176470606,19.85068137038551,230.16000000000003,3.590941176470606,19.85068137038551,230.16000000000003,3.590941176470606,19.85068137038551,230.16000000000003,0.11065704999999991,0.10903044573240936,0.40502,0.11065704999999991,0.10903044573240936,0.40502,0.11065704999999991,0.10903044573240936,0.40502
7,Neck,14,6,No Fall,0.9404407932773146,0.05543072923316228,0.396988,0.9404407932773146,0.05543072923316228,0.396988,0.9404407932773146,0.05543072923316228,0.396988,4.585117647058835,14.656698147076472,187.88,4.585117647058835,14.656698147076472,187.88,4.585117647058835,14.656698147076472,187.88,0.07235130000000008,0.04033888471217799,0.26095999999999997,0.07235130000000008,0.04033888471217799,0.26095999999999997,0.07235130000000008,0.04033888471217799,0.26095999999999997
7,Neck,14,7,No Fall,0.9570980991596628,0.12061395460114581,1.1043440000000002,0.9570980991596628,0.12061395460114581,1.1043440000000002,0.9570980991596628,0.12061395460114581,1.1043440000000002,3.39230882352941,12.058505442388118,103.95000000000002,3.39230882352941,12.058505442388118,103.95000000000002,3.39230882352941,12.058505442388118,103.95000000000002,0.19846391250000026,0.10904405686190739,0.43693999999999994,0.19846391250000026,0.10904405686190739,0.43693999999999994,0.19846391250000026,0.10904405686190739,0.43693999999999994
7,Neck,14,8,No Fall,0.9567826420168084,0.030047537893106848,0.38039600000000007,0.9567826420168084,0.030047537893106848,0.38039600000000007,0.9567826420168084,0.030047537893106848,0.38039600000000007,5.040470588235292,9.041742826013568,97.86000000000001,5.040470588235292,9.041742826013568,97.86000000000001,5.040470588235292,9.041742826013568,97.86000000000001,0.046921699999999934,0.026000415316065225,0.17808,0.046921699999999934,0.026000415316065225,0.17808,0.046921699999999934,0.026000415316065225,0.17808
7,Neck,14,9,No Fall,0.9342604168067221,0.12039260872300037,1.1216679999999999,0.9342604168067221,0.12039260872300037,1.1216679999999999,0.9342604168067221,0.12039260872300037,1.1216679999999999,2.775661764705876,19.872089234800686,245.00000000000006,2.775661764705876,19.872089234800686,245.00000000000006,2.775661764705876,19.872089234800686,245.00000000000006,0.08390663749999996,0.1176689257801418,0.40025999999999995,0.08390663749999996,0.1176689257801418,0.40025999999999995,0.08390663749999996,0.1176689257801418,0.40025999999999995
7,Neck,14,10,No Fall,0.9354533000000017,0.059785489564836494,0.5350920000000001,0.9354533000000017,0.059785489564836494,0.5350920000000001,0.9354533000000017,0.059785489564836494,0.5350920000000001,5.189102941176478,16.805236635388784,185.29000000000002,5.189102941176478,16.805236635388784,185.29000000000002,5.189102941176478,16.805236635388784,185.29000000000002,0.03261063749999995,0.04573328203039759,0.3234,0.03261063749999995,0.04573328203039759,0.3234,0.03261063749999995,0.04573328203039759,0.3234
7,Neck,14,11,No Fall,0.9372227100840318,0.11368309826825118,0.919636,0.9372227100840318,0.11368309826825118,0.919636,0.9372227100840318,0.11368309826825118,0.919636,2.3719411764705844,13.868061252255423,113.89000000000001,2.3719411764705844,13.868061252255423,113.89000000000001,2.3719411764705844,13.868061252255423,113.89000000000001,0.20004127500000027,0.10891083390537008,0.43862,0.20004127500000027,0.10891083390537008,0.43862,0.20004127500000027,0.10891083390537008,0.43862
7,Neck,14,12,No Fall,0.943507196638655,0.024046046807364652,0.31378399999999995,0.943507196638655,0.024046046807364652,0.31378399999999995,0.943507196638655,0.024046046807364652,0.31378399999999995,5.131176470588229,6.136385142106353,62.720000000000006,5.131176470588229,6.136385142106353,62.720000000000006,5.131176470588229,6.136385142106353,62.720000000000006,0.23661032499999968,0.0183203706535219,0.13958,0.23661032499999968,0.0183203706535219,0.13958,0.23661032499999968,0.0183203706535219,0.13958
7,Neck,15,1,No Fall,0.9242934781512621,0.15215921196338927,3.097336,0.9242934781512621,0.15215921196338927,3.097336,0.9242934781512621,0.15215921196338927,3.097336,5.572632352941199,18.103587764842764,448.21000000000004,5.572632352941199,18.103587764842764,448.21000000000004,5.572632352941199,18.103587764842764,448.21000000000004,0.08265215000000012,0.036770344794245194,0.22777999999999998,0.08265215000000012,0.036770344794245194,0.22777999999999998,0.08265215000000012,0.036770344794245194,0.22777999999999998
7,Neck,15,2,No Fall,0.938874118487395,0.13585927790638125,2.7630559999999997,0.938874118487395,0.13585927790638125,2.7630559999999997,0.938874118487395,0.13585927790638125,2.7630559999999997,5.967691176470595,16.782399000958247,330.05000000000007,5.967691176470595,16.782399000958247,330.05000000000007,5.967691176470595,16.782399000958247,330.05000000000007,0.0451987375,0.060119233407845904,0.2842,0.0451987375,0.060119233407845904,0.2842,0.0451987375,0.060119233407845904,0.2842
7,Neck,15,3,No Fall,0.9426502235294127,0.16621539921290024,4.464467999999999,0.9426502235294127,0.16621539921290024,4.464467999999999,0.9426502235294127,0.16621539921290024,4.464467999999999,5.360602941176486,18.287729924890787,328.51,5.360602941176486,18.287729924890787,328.51,5.360602941176486,18.287729924890787,328.51,-0.006311287499999996,0.044203958296152625,0.30338,-0.006311287499999996,0.044203958296152625,0.30338,-0.006311287499999996,0.044203958296152625,0.30338
7,Neck,16,1,No Fall,0.5198940294117675,0.47038461563621975,1.846104,0.5198940294117675,0.47038461563621975,1.846104,0.5198940294117675,0.47038461563621975,1.846104,2.5410294117647,29.0922541172558,501.06000000000006,2.5410294117647,29.0922541172558,501.06000000000006,2.5410294117647,29.0922541172558,501.06000000000006,-0.04107013749999999,0.24961213293437615,0.6823599999999999,-0.04107013749999999,0.24961213293437615,0.6823599999999999,-0.04107013749999999,0.24961213293437615,0.6823599999999999
7,Neck,16,2,No Fall,0.45681064873949556,0.5384435380147738,1.736548,0.45681064873949556,0.5384435380147738,1.736548,0.45681064873949556,0.5384435380147738,1.736548,1.4869117647058845,20.83239342976178,208.67000000000002,1.4869117647058845,20.83239342976178,208.67000000000002,1.4869117647058845,20.83239342976178,208.67000000000002,-0.13429745000000007,0.13024761623713954,0.48719999999999997,-0.13429745000000007,0.13024761623713954,0.48719999999999997,-0.13429745000000007,0.13024761623713954,0.48719999999999997
7,Neck,16,3,No Fall,0.4766499504201699,0.5047432333349284,1.851472,0.4766499504201699,0.5047432333349284,1.851472,0.4766499504201699,0.5047432333349284,1.851472,3.1225735294117687,17.292484484960244,274.33000000000004,3.1225735294117687,17.292484484960244,274.33000000000004,3.1225735294117687,17.292484484960244,274.33000000000004,0.07779931249999997,0.14754078006568658,0.48985999999999996,0.07779931249999997,0.14754078006568658,0.48985999999999996,0.07779931249999997,0.14754078006568658,0.48985999999999996
7,Neck,16,4,No Fall,0.342608191596638,0.5808976999829286,2.939224,0.342608191596638,0.5808976999829286,2.939224,0.342608191596638,0.5808976999829286,2.939224,5.731941176470611,13.88906924593928,177.8,5.731941176470611,13.88906924593928,177.8,5.731941176470611,13.88906924593928,177.8,0.07998401250000015,0.16686887690623955,0.3983,0.07998401250000015,0.16686887690623955,0.3983,0.07998401250000015,0.16686887690623955,0.3983
7,Neck,16,5,No Fall,0.6479494840336144,0.3205211370626122,1.480836,0.6479494840336144,0.3205211370626122,1.480836,0.6479494840336144,0.3205211370626122,1.480836,1.0569852941176463,20.22821159999945,225.54000000000002,1.0569852941176463,20.22821159999945,225.54000000000002,1.0569852941176463,20.22821159999945,225.54000000000002,0.00852355000000014,0.21586740957928702,0.61922,0.00852355000000014,0.21586740957928702,0.61922,0.00852355000000014,0.21586740957928702,0.61922
7,Neck,16,6,No Fall,0.4302069596638653,0.5300551246684878,1.6094239999999997,0.4302069596638653,0.5300551246684878,1.6094239999999997,0.4302069596638653,0.5300551246684878,1.6094239999999997,5.030352941176466,16.49689541817285,231.98000000000002,5.030352941176466,16.49689541817285,231.98000000000002,5.030352941176466,16.49689541817285,231.98000000000002,0.08725220000000006,0.199757671511609,0.5105799999999999,0.08725220000000006,0.199757671511609,0.5105799999999999,0.08725220000000006,0.199757671511609,0.5105799999999999
7,Neck,17,1,No Fall,0.14392381008403388,0.12361073202035851,0.626836,0.14392381008403388,0.12361073202035851,0.626836,0.14392381008403388,0.12361073202035851,0.626836,5.483705882352962,6.016286214669085,82.74000000000001,5.483705882352962,6.016286214669085,82.74000000000001,5.483705882352962,6.016286214669085,82.74000000000001,-0.25996538749999976,0.026435064471660653,0.09505999999999998,-0.25996538749999976,0.026435064471660653,0.09505999999999998,-0.25996538749999976,0.026435064471660653,0.09505999999999998
7,Neck,17,2,No Fall,-0.07749393865546222,0.09535394828145587,0.8832800000000001,-0.07749393865546222,0.09535394828145587,0.8832800000000001,-0.07749393865546222,0.09535394828145587,0.8832800000000001,5.978308823529456,10.715904145571562,141.26000000000002,5.978308823529456,10.715904145571562,141.26000000000002,5.978308823529456,10.715904145571562,141.26000000000002,-0.22954058749999998,0.04526727460593081,0.25129999999999997,-0.22954058749999998,0.04526727460593081,0.25129999999999997,-0.22954058749999998,0.04526727460593081,0.25129999999999997
7,Neck,17,3,No Fall,-0.1172639394957986,0.12114142648316067,0.984052,-0.1172639394957986,0.12114142648316067,0.984052,-0.1172639394957986,0.12114142648316067,0.984052,5.170073529411771,11.32400229992606,215.67000000000002,5.170073529411771,11.32400229992606,215.67000000000002,5.170073529411771,11.32400229992606,215.67000000000002,-0.15620639999999997,0.09721510271126571,0.30016,-0.15620639999999997,0.09721510271126571,0.30016,-0.15620639999999997,0.09721510271126571,0.30016
7,Neck,17,4,No Fall,-0.14181628571428526,0.13834872396427567,1.016504,-0.14181628571428526,0.13834872396427567,1.016504,-0.14181628571428526,0.13834872396427567,1.016504,7.365176470588235,17.477338753955685,238.63000000000002,7.365176470588235,17.477338753955685,238.63000000000002,7.365176470588235,17.477338753955685,238.63000000000002,-0.18512917499999992,0.08737533312006897,0.2352,-0.18512917499999992,0.08737533312006897,0.2352,-0.18512917499999992,0.08737533312006897,0.2352
7,Neck,17,5,No Fall,0.20259929999999993,0.11710299412479877,0.795196,0.20259929999999993,0.11710299412479877,0.795196,0.20259929999999993,0.11710299412479877,0.795196,5.362838235294108,13.567561670460956,279.23,5.362838235294108,13.567561670460956,279.23,5.362838235294108,13.567561670460956,279.23,-0.23362858749999982,0.028098389770539488,0.11871999999999996,-0.23362858749999982,0.028098389770539488,0.11871999999999996,-0.23362858749999982,0.028098389770539488,0.11871999999999996
7,Neck,17,6,No Fall,-0.09263080672268927,0.06660296408779814,0.5819399999999999,-0.09263080672268927,0.06660296408779814,0.5819399999999999,-0.09263080672268927,0.06660296408779814,0.5819399999999999,5.5425147058823665,10.66960478922543,194.39000000000001,5.5425147058823665,10.66960478922543,194.39000000000001,5.5425147058823665,10.66960478922543,194.39000000000001,-0.1775015374999999,0.058301432190884364,0.21391999999999994,-0.1775015374999999,0.058301432190884364,0.21391999999999994,-0.1775015374999999,0.058301432190884364,0.21391999999999994
7,Neck,18,1,No Fall,0.6375820983193272,0.33879061676383765,1.341268,0.6375820983193272,0.33879061676383765,1.341268,0.6375820983193272,0.33879061676383765,1.341268,7.259514705882352,23.076836181334492,174.44,7.259514705882352,23.076836181334492,174.44,7.259514705882352,23.076836181334492,174.44,0.017590037500000055,0.22274867039637017,0.6438599999999999,0.017590037500000055,0.22274867039637017,0.6438599999999999,0.017590037500000055,0.22274867039637017,0.6438599999999999
7,Neck,18,2,No Fall,0.42047997142857124,0.4700160765168588,1.276608,0.42047997142857124,0.4700160765168588,1.276608,0.42047997142857124,0.4700160765168588,1.276608,4.907014705882356,18.055604538155826,187.74,4.907014705882356,18.055604538155826,187.74,4.907014705882356,18.055604538155826,187.74,-0.03212221249999991,0.1587359648360688,0.6071799999999999,-0.03212221249999991,0.1587359648360688,0.6071799999999999,-0.03212221249999991,0.1587359648360688,0.6071799999999999
7,Neck,18,3,No Fall,0.38721067394958014,0.5535254159651452,1.708,0.38721067394958014,0.5535254159651452,1.708,0.38721067394958014,0.5535254159651452,1.708,5.318029411764716,31.003734195159492,239.89000000000004,5.318029411764716,31.003734195159492,239.89000000000004,5.318029411764716,31.003734195159492,239.89000000000004,-0.013221250000000009,0.22586316346699747,0.7077,-0.013221250000000009,0.22586316346699747,0.7077,-0.013221250000000009,0.22586316346699747,0.7077
7,Neck,18,4,No Fall,0.47401029075630285,0.44889891180661823,1.0055239999999999,0.47401029075630285,0.44889891180661823,1.0055239999999999,0.47401029075630285,0.44889891180661823,1.0055239999999999,8.307308823529384,20.638726704228944,215.53000000000003,8.307308823529384,20.638726704228944,215.53000000000003,8.307308823529384,20.638726704228944,215.53000000000003,-0.14161918750000005,0.12513572672863965,0.48495999999999995,-0.14161918750000005,0.12513572672863965,0.48495999999999995,-0.14161918750000005,0.12513572672863965,0.48495999999999995
7,Neck,18,5,No Fall,0.5612288596638666,0.42113821605556473,1.588196,0.5612288596638666,0.42113821605556473,1.588196,0.5612288596638666,0.42113821605556473,1.588196,9.709941176470563,26.002008569124406,263.97,9.709941176470563,26.002008569124406,263.97,9.709941176470563,26.002008569124406,263.97,-0.03473181250000004,0.22070392523094715,0.6585599999999999,-0.03473181250000004,0.22070392523094715,0.6585599999999999,-0.03473181250000004,0.22070392523094715,0.6585599999999999
7,Neck,18,6,No Fall,0.5104671714285707,0.48705110526728523,1.199748,0.5104671714285707,0.48705110526728523,1.199748,0.5104671714285707,0.48705110526728523,1.199748,9.627073529411758,24.024427886355962,182.0,9.627073529411758,24.024427886355962,182.0,9.627073529411758,24.024427886355962,182.0,-0.11556833749999978,0.11219322909670425,0.47207999999999994,-0.11556833749999978,0.11219322909670425,0.47207999999999994,-0.11556833749999978,0.11219322909670425,0.47207999999999994
7,Neck,19,1,No Fall,0.9622987336134452,0.10239028690245397,0.820328,0.9622987336134452,0.10239028690245397,0.820328,0.9622987336134452,0.10239028690245397,0.820328,4.457676470588238,7.775181190900132,65.10000000000001,4.457676470588238,7.775181190900132,65.10000000000001,4.457676470588238,7.775181190900132,65.10000000000001,0.07604782499999994,0.14843657720952047,0.42111999999999994,0.07604782499999994,0.14843657720952047,0.42111999999999994,0.07604782499999994,0.14843657720952047,0.42111999999999994
7,Neck,19,2,No Fall,0.9624336512605041,0.14783153836048518,1.129964,0.9624336512605041,0.14783153836048518,1.129964,0.9624336512605041,0.14783153836048518,1.129964,4.501044117647045,11.481369951333754,110.25,4.501044117647045,11.481369951333754,110.25,4.501044117647045,11.481369951333754,110.25,0.11590293750000001,0.10563533017169917,0.41397999999999996,0.11590293750000001,0.10563533017169917,0.41397999999999996,0.11590293750000001,0.10563533017169917,0.41397999999999996
7,Neck,19,3,No Fall,0.9644430630252088,0.16590772597926312,1.169248,0.9644430630252088,0.16590772597926312,1.169248,0.9644430630252088,0.16590772597926312,1.169248,4.866279411764699,11.40338786331345,128.31,4.866279411764699,11.40338786331345,128.31,4.866279411764699,11.40338786331345,128.31,0.23589650000000087,0.12228519473256669,0.43399999999999994,0.23589650000000087,0.12228519473256669,0.43399999999999994,0.23589650000000087,0.12228519473256669,0.43399999999999994
7,Neck,19,4,No Fall,0.9618528184873981,0.19076136170302402,1.2773400000000001,0.9618528184873981,0.19076136170302402,1.2773400000000001,0.9618528184873981,0.19076136170302402,1.2773400000000001,6.6118088235294294,14.425767552329578,145.67000000000002,6.6118088235294294,14.425767552329578,145.67000000000002,6.6118088235294294,14.425767552329578,145.67000000000002,0.08074981250000006,0.12364783042453785,0.4065599999999999,0.08074981250000006,0.12364783042453785,0.4065599999999999,0.08074981250000006,0.12364783042453785,0.4065599999999999
7,Neck,19,5,No Fall,0.9657112991596659,0.10388427163533476,0.7659159999999999,0.9657112991596659,0.10388427163533476,0.7659159999999999,0.9657112991596659,0.10388427163533476,0.7659159999999999,4.425382352941164,9.189708221350271,93.03,4.425382352941164,9.189708221350271,93.03,4.425382352941164,9.189708221350271,93.03,0.05572971250000002,0.1423444961498598,0.42069999999999996,0.05572971250000002,0.1423444961498598,0.42069999999999996,0.05572971250000002,0.1423444961498598,0.42069999999999996
7,Neck,19,6,No Fall,0.9649937033613423,0.15768673798847752,1.1916959999999999,0.9649937033613423,0.15768673798847752,1.1916959999999999,0.9649937033613423,0.15768673798847752,1.1916959999999999,4.223955882352941,14.452910169159445,164.01000000000002,4.223955882352941,14.452910169159445,164.01000000000002,4.223955882352941,14.452910169159445,164.01000000000002,0.05839128750000001,0.13631292008997914,0.43918,0.05839128750000001,0.13631292008997914,0.43918,0.05839128750000001,0.13631292008997914,0.43918
7,Neck,20,1,No Fall,0.9546664033613451,0.14282258357804262,0.944036,0.9546664033613451,0.14282258357804262,0.944036,0.9546664033613451,0.14282258357804262,0.944036,3.2270882352941146,10.709562672767222,70.21000000000001,3.2270882352941146,10.709562672767222,70.21000000000001,3.2270882352941146,10.709562672767222,70.21000000000001,0.15337743749999985,0.12986152432060244,0.41019999999999995,0.15337743749999985,0.12986152432060244,0.41019999999999995,0.15337743749999985,0.12986152432060244,0.41019999999999995
7,Neck,20,2,No Fall,0.9618165260504205,0.20303535165401776,1.1040999999999999,0.9618165260504205,0.20303535165401776,1.1040999999999999,0.9618165260504205,0.20303535165401776,1.1040999999999999,3.627852941176473,14.94462145152169,138.95000000000002,3.627852941176473,14.94462145152169,138.95000000000002,3.627852941176473,14.94462145152169,138.95000000000002,0.17514437499999985,0.12209305160467031,0.41425999999999996,0.17514437499999985,0.12209305160467031,0.41425999999999996,0.17514437499999985,0.12209305160467031,0.41425999999999996
7,Neck,20,3,No Fall,0.9560169126050405,0.21237111320509905,1.1953559999999999,0.9560169126050405,0.21237111320509905,1.1953559999999999,0.9560169126050405,0.21237111320509905,1.1953559999999999,4.559573529411789,17.451184910102885,143.36,4.559573529411789,17.451184910102885,143.36,4.559573529411789,17.451184910102885,143.36,0.11065556249999998,0.12672174363048969,0.42574,0.11065556249999998,0.12672174363048969,0.42574,0.11065556249999998,0.12672174363048969,0.42574
7,Neck,20,4,No Fall,0.9627488521008414,0.2660353594742197,1.4579,0.9627488521008414,0.2660353594742197,1.4579,0.9627488521008414,0.2660353594742197,1.4579,4.613676470588237,18.686696143158834,191.10000000000002,4.613676470588237,18.686696143158834,191.10000000000002,4.613676470588237,18.686696143158834,191.10000000000002,0.1409569875,0.13561092699290417,0.42993999999999993,0.1409569875,0.13561092699290417,0.42993999999999993,0.1409569875,0.13561092699290417,0.42993999999999993
7,Neck,20,5,No Fall,0.9660931386554623,0.13531616882232653,0.9330559999999999,0.9660931386554623,0.13531616882232653,0.9330559999999999,0.9660931386554623,0.13531616882232653,0.9330559999999999,3.5264264705882287,13.640264679709114,118.58000000000001,3.5264264705882287,13.640264679709114,118.58000000000001,3.5264264705882287,13.640264679709114,118.58000000000001,0.16828279999999968,0.12779184111992636,0.40487999999999996,0.16828279999999968,0.12779184111992636,0.40487999999999996,0.16828279999999968,0.12779184111992636,0.40487999999999996
7,Neck,20,6,No Fall,0.9631600638655483,0.2183151000938041,1.1916959999999999,0.9631600638655483,0.2183151000938041,1.1916959999999999,0.9631600638655483,0.2183151000938041,1.1916959999999999,2.88233823529412,19.68012978295345,179.69,2.88233823529412,19.68012978295345,179.69,2.88233823529412,19.68012978295345,179.69,0.15081543749999995,0.12115602315052128,0.43777999999999995,0.15081543749999995,0.12115602315052128,0.43777999999999995,0.15081543749999995,0.12115602315052128,0.43777999999999995
7,Neck,21,1,No Fall,0.9619004394957967,0.09498589537717404,0.8874280000000001,0.9619004394957967,0.09498589537717404,0.8874280000000001,0.9619004394957967,0.09498589537717404,0.8874280000000001,3.8023382352941164,7.5869861272131045,68.46000000000001,3.8023382352941164,7.5869861272131045,68.46000000000001,3.8023382352941164,7.5869861272131045,68.46000000000001,0.1443942499999999,0.10651340171735861,0.34285999999999994,0.1443942499999999,0.10651340171735861,0.34285999999999994,0.1443942499999999,0.10651340171735861,0.34285999999999994
7,Neck,21,2,No Fall,0.9697037235294087,0.13502319431412413,1.06262,0.9697037235294087,0.13502319431412413,1.06262,0.9697037235294087,0.13502319431412413,1.06262,4.474691176470591,11.52613381931539,140.07000000000002,4.474691176470591,11.52613381931539,140.07000000000002,4.474691176470591,11.52613381931539,140.07000000000002,0.04943286249999988,0.1159499686818823,0.37925999999999993,0.04943286249999988,0.1159499686818823,0.37925999999999993,0.04943286249999988,0.1159499686818823,0.37925999999999993
7,Neck,21,3,No Fall,0.9618300588235301,0.15537046914958047,1.122156,0.9618300588235301,0.15537046914958047,1.122156,0.9618300588235301,0.15537046914958047,1.122156,4.518985294117657,13.607580300964214,161.28000000000003,4.518985294117657,13.607580300964214,161.28000000000003,4.518985294117657,13.607580300964214,161.28000000000003,0.10412106250000008,0.13369973752968184,0.39102,0.10412106250000008,0.13369973752968184,0.39102,0.10412106250000008,0.13369973752968184,0.39102
7,Neck,21,4,No Fall,0.9646003302521036,0.1710737948185835,1.399828,0.9646003302521036,0.1710737948185835,1.399828,0.9646003302521036,0.1710737948185835,1.399828,5.240117647058818,14.187113687250678,181.23000000000002,5.240117647058818,14.187113687250678,181.23000000000002,5.240117647058818,14.187113687250678,181.23000000000002,0.20776192499999943,0.13362062558053012,0.45219999999999994,0.20776192499999943,0.13362062558053012,0.45219999999999994,0.20776192499999943,0.13362062558053012,0.45219999999999994
7,Neck,21,5,No Fall,0.9672680294117613,0.10239665715839297,1.035292,0.9672680294117613,0.10239665715839297,1.035292,0.9672680294117613,0.10239665715839297,1.035292,3.907500000000001,10.945827181416586,100.17000000000002,3.907500000000001,10.945827181416586,100.17000000000002,3.907500000000001,10.945827181416586,100.17000000000002,0.07601405,0.13718868992559016,0.4165,0.07601405,0.13718868992559016,0.4165,0.07601405,0.13718868992559016,0.4165
7,Neck,21,6,No Fall,0.9663971647058852,0.14929055416853057,1.1065399999999999,0.9663971647058852,0.14929055416853057,1.1065399999999999,0.9663971647058852,0.14929055416853057,1.1065399999999999,3.6769558823529436,13.343626494193634,146.51,3.6769558823529436,13.343626494193634,146.51,3.6769558823529436,13.343626494193634,146.51,0.15249158750000003,0.09518901173429486,0.41705999999999993,0.15249158750000003,0.09518901173429486,0.41705999999999993,0.15249158750000003,0.09518901173429486,0.41705999999999993
7,Neck,22,1,No Fall,0.9572507016806727,0.25442060803837047,1.3864079999999999,0.9572507016806727,0.25442060803837047,1.3864079999999999,0.9572507016806727,0.25442060803837047,1.3864079999999999,2.7575588235294117,19.565046586100166,139.16000000000003,2.7575588235294117,19.565046586100166,139.16000000000003,2.7575588235294117,19.565046586100166,139.16000000000003,0.145425875,0.1256960554490735,0.44898,0.145425875,0.1256960554490735,0.44898,0.145425875,0.1256960554490735,0.44898
7,Neck,22,2,No Fall,0.9617193361344556,0.3447227582329648,1.660176,0.9617193361344556,0.3447227582329648,1.660176,0.9617193361344556,0.3447227582329648,1.660176,5.492573529411762,21.852428946128832,202.37,5.492573529411762,21.852428946128832,202.37,5.492573529411762,21.852428946128832,202.37,0.1632295,0.13816791771854706,0.46087999999999996,0.1632295,0.13816791771854706,0.46087999999999996,0.1632295,0.13816791771854706,0.46087999999999996
7,Neck,22,3,No Fall,0.9561258924369759,0.3168875063653842,1.3961679999999999,0.9561258924369759,0.3168875063653842,1.3961679999999999,0.9561258924369759,0.3168875063653842,1.3961679999999999,3.929970588235294,22.800274896669745,149.8,3.929970588235294,22.800274896669745,149.8,3.929970588235294,22.800274896669745,149.8,0.14576152499999967,0.13258464989598873,0.47473999999999994,0.14576152499999967,0.13258464989598873,0.47473999999999994,0.14576152499999967,0.13258464989598873,0.47473999999999994
7,Neck,23,1,No Fall,0.9431674932773111,0.3028138932150623,3.257888,0.9431674932773111,0.3028138932150623,3.257888,0.9431674932773111,0.3028138932150623,3.257888,5.3764117647058765,24.052576451150102,287.21000000000004,5.3764117647058765,24.052576451150102,287.21000000000004,5.3764117647058765,24.052576451150102,287.21000000000004,0.19921877500000015,0.10212898955275279,0.37995999999999996,0.19921877500000015,0.10212898955275279,0.37995999999999996,0.19921877500000015,0.10212898955275279,0.37995999999999996
7,Neck,23,2,No Fall,0.9496713747899168,0.29420755831123063,4.459099999999999,0.9496713747899168,0.29420755831123063,4.459099999999999,0.9496713747899168,0.29420755831123063,4.459099999999999,2.7606176470588246,27.324639296199134,294.21000000000004,2.7606176470588246,27.324639296199134,294.21000000000004,2.7606176470588246,27.324639296199134,294.21000000000004,0.13293245000000004,0.14053021661945841,0.5340999999999999,0.13293245000000004,0.14053021661945841,0.5340999999999999,0.13293245000000004,0.14053021661945841,0.5340999999999999
7,Neck,23,3,No Fall,0.9497634386554665,0.29062763478603115,4.33344,0.9497634386554665,0.29062763478603115,4.33344,0.9497634386554665,0.29062763478603115,4.33344,1.5228529411764693,24.922145648793137,327.88,1.5228529411764693,24.922145648793137,327.88,1.5228529411764693,24.922145648793137,327.88,0.1686113625,0.12153057004022713,0.41159999999999997,0.1686113625,0.12153057004022713,0.41159999999999997,0.1686113625,0.12153057004022713,0.41159999999999997
7,Neck,24,1,No Fall,0.9385342100840319,1.1561183562296165,5.64982,0.9385342100840319,1.1561183562296165,5.64982,0.9385342100840319,1.1561183562296165,5.64982,-0.2584117647058794,33.876709243436046,364.84000000000003,-0.2584117647058794,33.876709243436046,364.84000000000003,-0.2584117647058794,33.876709243436046,364.84000000000003,0.20515748750000018,0.11804272113071965,0.40404,0.20515748750000018,0.11804272113071965,0.40404,0.20515748750000018,0.11804272113071965,0.40404
7,Neck,24,2,No Fall,0.9326148008403365,1.151742730358455,5.761816,0.9326148008403365,1.151742730358455,5.761816,0.9326148008403365,1.151742730358455,5.761816,-2.5743970588235356,37.654050687168144,406.28000000000003,-2.5743970588235356,37.654050687168144,406.28000000000003,-2.5743970588235356,37.654050687168144,406.28000000000003,0.1843378250000003,0.12392497935681576,0.40893999999999997,0.1843378250000003,0.12392497935681576,0.40893999999999997,0.1843378250000003,0.12392497935681576,0.40893999999999997
7,Neck,24,3,No Fall,0.9334446571428576,1.2120799429288147,6.148067999999999,0.9334446571428576,1.2120799429288147,6.148067999999999,0.9334446571428576,1.2120799429288147,6.148067999999999,-1.1912499999999953,37.50561325912359,460.81000000000006,-1.1912499999999953,37.50561325912359,460.81000000000006,-1.1912499999999953,37.50561325912359,460.81000000000006,0.17199140000000007,0.12212492968707041,0.4569599999999999,0.17199140000000007,0.12212492968707041,0.4569599999999999,0.17199140000000007,0.12212492968707041,0.4569599999999999
7,Neck,25,1,No Fall,0.9494901689075631,1.3409649300539896,8.065176,0.9494901689075631,1.3409649300539896,8.065176,0.9494901689075631,1.3409649300539896,8.065176,-4.460838235294114,37.38610392239619,402.01,-4.460838235294114,37.38610392239619,402.01,-4.460838235294114,37.38610392239619,402.01,0.19634545000000045,0.1356057924044214,0.46577999999999997,0.19634545000000045,0.1356057924044214,0.46577999999999997,0.19634545000000045,0.1356057924044214,0.46577999999999997
7,Neck,25,2,No Fall,0.9552262193277299,1.3053355806517764,8.31552,0.9552262193277299,1.3053355806517764,8.31552,0.9552262193277299,1.3053355806517764,8.31552,-6.402941176470573,38.54274934142977,389.41,-6.402941176470573,38.54274934142977,389.41,-6.402941176470573,38.54274934142977,389.41,0.18301884999999984,0.12985875824664608,0.50176,0.18301884999999984,0.12985875824664608,0.50176,0.18301884999999984,0.12985875824664608,0.50176
7,Neck,25,3,No Fall,0.9427287033613462,1.417235790896293,8.543904,0.9427287033613462,1.417235790896293,8.543904,0.9427287033613462,1.417235790896293,8.543904,-8.42458823529413,47.23212726319309,488.3900000000001,-8.42458823529413,47.23212726319309,488.3900000000001,-8.42458823529413,47.23212726319309,488.3900000000001,0.1857176999999995,0.13602025497995882,0.47809999999999997,0.1857176999999995,0.13602025497995882,0.47809999999999997,0.1857176999999995,0.13602025497995882,0.47809999999999997
7,Neck,26,1,No Fall,0.9534341521008406,0.24423833683044774,5.555148,0.9534341521008406,0.24423833683044774,5.555148,0.9534341521008406,0.24423833683044774,5.555148,5.069808823529411,8.581612289940505,192.08,5.069808823529411,8.581612289940505,192.08,5.069808823529411,8.581612289940505,192.08,0.3182099374999999,0.01252324569741577,0.08512000000000003,0.3182099374999999,0.01252324569741577,0.08512000000000003,0.3182099374999999,0.01252324569741577,0.08512000000000003
7,Neck,26,2,No Fall,0.9447067436974771,0.2878938218473334,5.665436,0.9447067436974771,0.2878938218473334,5.665436,0.9447067436974771,0.2878938218473334,5.665436,2.270352941176475,15.767434604012713,245.63000000000002,2.270352941176475,15.767434604012713,245.63000000000002,2.270352941176475,15.767434604012713,245.63000000000002,0.15727941249999994,0.12874131092083807,0.39984,0.15727941249999994,0.12874131092083807,0.39984,0.15727941249999994,0.12874131092083807,0.39984
7,Neck,26,3,No Fall,0.9641310915966391,0.30297191738736756,7.812391999999999,0.9641310915966391,0.30297191738736756,7.812391999999999,0.9641310915966391,0.30297191738736756,7.812391999999999,5.319558823529419,11.548160822427743,311.2900000000001,5.319558823529419,11.548160822427743,311.2900000000001,5.319558823529419,11.548160822427743,311.2900000000001,-0.031992012499999986,0.01649148733957961,0.1407,-0.031992012499999986,0.01649148733957961,0.1407,-0.031992012499999986,0.01649148733957961,0.1407
7,Neck,26,4,No Fall,0.95145385630252,0.3156068821833299,5.425827999999999,0.95145385630252,0.3156068821833299,5.425827999999999,0.95145385630252,0.3156068821833299,5.425827999999999,2.196485294117646,17.526004545312894,336.49,2.196485294117646,17.526004545312894,336.49,2.196485294117646,17.526004545312894,336.49,0.17311831249999987,0.14447852226723934,0.4563999999999999,0.17311831249999987,0.14447852226723934,0.4563999999999999,0.17311831249999987,0.14447852226723934,0.4563999999999999
7,Neck,27,1,No Fall,0.9538155815126056,0.364614131990805,8.384084,0.9538155815126056,0.364614131990805,8.384084,0.9538155815126056,0.364614131990805,8.384084,4.934058823529415,24.46636554772375,462.70000000000005,4.934058823529415,24.46636554772375,462.70000000000005,4.934058823529415,24.46636554772375,462.70000000000005,0.30817561250000003,0.023575093767654248,0.22287999999999997,0.30817561250000003,0.023575093767654248,0.22287999999999997,0.30817561250000003,0.023575093767654248,0.22287999999999997
7,Neck,27,2,No Fall,0.948478542857142,0.347234396623752,7.53472,0.948478542857142,0.347234396623752,7.53472,0.948478542857142,0.347234396623752,7.53472,0.45869117647058943,20.86397589971236,450.45000000000005,0.45869117647058943,20.86397589971236,450.45000000000005,0.45869117647058943,20.86397589971236,450.45000000000005,0.18267900000000015,0.14215520667474857,0.4660599999999999,0.18267900000000015,0.14215520667474857,0.4660599999999999,0.18267900000000015,0.14215520667474857,0.4660599999999999
7,Neck,27,3,No Fall,0.9596461563025197,0.3543870867267206,9.102908,0.9596461563025197,0.3543870867267206,9.102908,0.9596461563025197,0.3543870867267206,9.102908,5.126617647058816,23.09489608557768,533.8900000000001,5.126617647058816,23.09489608557768,533.8900000000001,5.126617647058816,23.09489608557768,533.8900000000001,-0.02942625000000003,0.027088700448618743,0.28014,-0.02942625000000003,0.027088700448618743,0.28014,-0.02942625000000003,0.027088700448618743,0.28014
7,Neck,27,4,No Fall,0.9567438378151251,0.37136456911278637,8.0215,0.9567438378151251,0.37136456911278637,8.0215,0.9567438378151251,0.37136456911278637,8.0215,4.272352941176467,21.162074158629274,468.23,4.272352941176467,21.162074158629274,468.23,4.272352941176467,21.162074158629274,468.23,0.163074625,0.1427530954744119,0.4821599999999999,0.163074625,0.1427530954744119,0.4821599999999999,0.163074625,0.1427530954744119,0.4821599999999999
7,Neck,28,1,No Fall,0.8362086579831971,0.3737193413986144,1.9649320000000001,0.8362086579831971,0.3737193413986144,1.9649320000000001,0.8362086579831971,0.3737193413986144,1.9649320000000001,5.264867647058802,35.00773068622477,311.57000000000005,5.264867647058802,35.00773068622477,311.57000000000005,5.264867647058802,35.00773068622477,311.57000000000005,0.3052206500000002,0.04200306827087293,0.26655999999999996,0.3052206500000002,0.04200306827087293,0.26655999999999996,0.3052206500000002,0.04200306827087293,0.26655999999999996
7,Neck,28,2,No Fall,0.8572037302521003,0.34680809308640365,2.168672,0.8572037302521003,0.34680809308640365,2.168672,0.8572037302521003,0.34680809308640365,2.168672,-1.19348529411765,37.05946786692046,373.45000000000005,-1.19348529411765,37.05946786692046,373.45000000000005,-1.19348529411765,37.05946786692046,373.45000000000005,0.16151738750000008,0.14682888321790358,0.47697999999999996,0.16151738750000008,0.14682888321790358,0.47697999999999996,0.16151738750000008,0.14682888321790358,0.47697999999999996
7,Neck,28,3,No Fall,0.8390922151260539,0.3509617476387861,1.7514319999999999,0.8390922151260539,0.3509617476387861,1.7514319999999999,0.8390922151260539,0.3509617476387861,1.7514319999999999,5.456102941176461,32.64373972744972,280.14000000000004,5.456102941176461,32.64373972744972,280.14000000000004,5.456102941176461,32.64373972744972,280.14000000000004,0.03451804999999999,0.13455466027631238,0.5287799999999999,0.03451804999999999,0.13455466027631238,0.5287799999999999,0.03451804999999999,0.13455466027631238,0.5287799999999999
7,Neck,28,4,No Fall,0.8635834075630251,0.3425384396449502,2.280912,0.8635834075630251,0.3425384396449502,2.280912,0.8635834075630251,0.3425384396449502,2.280912,4.8034411764705975,35.522987277794904,325.5,4.8034411764705975,35.522987277794904,325.5,4.8034411764705975,35.522987277794904,325.5,0.1615090749999995,0.1458600560026805,0.52094,0.1615090749999995,0.1458600560026805,0.52094,0.1615090749999995,0.1458600560026805,0.52094
7,Neck,29,1,No Fall,0.9530061781512621,0.1611181220752862,1.053104,0.9530061781512621,0.1611181220752862,1.053104,0.9530061781512621,0.1611181220752862,1.053104,5.788235294117654,11.08024131077645,114.03000000000002,5.788235294117654,11.08024131077645,114.03000000000002,5.788235294117654,11.08024131077645,114.03000000000002,0.139476225,0.06362267090359729,0.23212,0.139476225,0.06362267090359729,0.23212,0.139476225,0.06362267090359729,0.23212
7,Neck,29,2,No Fall,0.9487591941176468,0.13982566452046566,0.9391559999999999,0.9487591941176468,0.13982566452046566,0.9391559999999999,0.9487591941176468,0.13982566452046566,0.9391559999999999,4.565779411764714,10.78610274085526,90.09,4.565779411764714,10.78610274085526,90.09,4.565779411764714,10.78610274085526,90.09,0.07905668749999997,0.10280991076190875,0.35419999999999996,0.07905668749999997,0.10280991076190875,0.35419999999999996,0.07905668749999997,0.10280991076190875,0.35419999999999996
7,Neck,30,1,No Fall,0.9366500789915918,0.1983420585810973,0.9042640000000001,0.9366500789915918,0.1983420585810973,0.9042640000000001,0.9366500789915918,0.1983420585810973,0.9042640000000001,4.716588235294132,13.097213442427021,128.24,4.716588235294132,13.097213442427021,128.24,4.716588235294132,13.097213442427021,128.24,0.1947218875,0.10383671914038159,0.3690399999999999,0.1947218875,0.10383671914038159,0.3690399999999999,0.1947218875,0.10383671914038159,0.3690399999999999
7,Neck,30,2,No Fall,0.935676847058828,0.20334444460265239,1.01382,0.935676847058828,0.20334444460265239,1.01382,0.935676847058828,0.20334444460265239,1.01382,3.5223088235294115,13.886979471784507,124.95000000000002,3.5223088235294115,13.886979471784507,124.95000000000002,3.5223088235294115,13.886979471784507,124.95000000000002,0.18719785000000028,0.0911234964574541,0.36833999999999995,0.18719785000000028,0.0911234964574541,0.36833999999999995,0.18719785000000028,0.0911234964574541,0.36833999999999995
7,Neck,31,1,No Fall,0.9469972168067216,0.15695691836169967,0.9720960000000001,0.9469972168067216,0.15695691836169967,0.9720960000000001,0.9469972168067216,0.15695691836169967,0.9720960000000001,3.8559558823529456,11.078951287971977,104.09,3.8559558823529456,11.078951287971977,104.09,3.8559558823529456,11.078951287971977,104.09,0.1478371124999996,0.07633825401824404,0.37939999999999996,0.1478371124999996,0.07633825401824404,0.37939999999999996,0.1478371124999996,0.07633825401824404,0.37939999999999996
7,Neck,31,2,No Fall,0.9404265428571431,0.16753829920880023,1.0189439999999998,0.9404265428571431,0.16753829920880023,1.0189439999999998,0.9404265428571431,0.16753829920880023,1.0189439999999998,2.809602941176475,12.59862910713657,131.53000000000003,2.809602941176475,12.59862910713657,131.53000000000003,2.809602941176475,12.59862910713657,131.53000000000003,0.12057543749999988,0.0550452542408755,0.30884,0.12057543749999988,0.0550452542408755,0.30884,0.12057543749999988,0.0550452542408755,0.30884
7,Neck,32,1,No Fall,0.9642237705882344,0.2095061505473533,1.5669680000000001,0.9642237705882344,0.2095061505473533,1.5669680000000001,0.9642237705882344,0.2095061505473533,1.5669680000000001,4.757897058823519,12.607235501190047,116.62,4.757897058823519,12.607235501190047,116.62,4.757897058823519,12.607235501190047,116.62,0.13176957499999992,0.07295161541864235,0.33725999999999995,0.13176957499999992,0.07295161541864235,0.33725999999999995,0.13176957499999992,0.07295161541864235,0.33725999999999995
7,Neck,32,2,No Fall,0.9473239512605022,0.1985520524432865,1.32004,0.9473239512605022,0.1985520524432865,1.32004,0.9473239512605022,0.1985520524432865,1.32004,5.0206323529411865,13.864956877217681,131.11,5.0206323529411865,13.864956877217681,131.11,5.0206323529411865,13.864956877217681,131.11,0.16789491250000027,0.07124508579736406,0.32508,0.16789491250000027,0.07124508579736406,0.32508,0.16789491250000027,0.07124508579736406,0.32508
7,Neck,33,1,No Fall,0.9626189579831923,0.3071444029513277,1.585756,0.9626189579831923,0.3071444029513277,1.585756,0.9626189579831923,0.3071444029513277,1.585756,6.950411764705876,20.467357790951816,138.39000000000001,6.950411764705876,20.467357790951816,138.39000000000001,6.950411764705876,20.467357790951816,138.39000000000001,0.12129214999999993,0.0913278538367761,0.35461999999999994,0.12129214999999993,0.0913278538367761,0.35461999999999994,0.12129214999999993,0.0913278538367761,0.35461999999999994
7,Neck,33,2,No Fall,0.9552355999999994,0.30622800510634446,1.472296,0.9552355999999994,0.30622800510634446,1.472296,0.9552355999999994,0.30622800510634446,1.472296,7.026411764705883,18.77660112488671,129.78000000000003,7.026411764705883,18.77660112488671,129.78000000000003,7.026411764705883,18.77660112488671,129.78000000000003,0.1120205625,0.08274776426430092,0.35797999999999996,0.1120205625,0.08274776426430092,0.35797999999999996,0.1120205625,0.08274776426430092,0.35797999999999996
7,Neck,34,1,No Fall,0.9708394512605032,0.2091097986508208,1.4417959999999999,0.9708394512605032,0.2091097986508208,1.4417959999999999,0.9708394512605032,0.2091097986508208,1.4417959999999999,5.564720588235299,14.482134922152156,119.35,5.564720588235299,14.482134922152156,119.35,5.564720588235299,14.482134922152156,119.35,0.06866194999999999,0.09711135866460753,0.37393999999999994,0.06866194999999999,0.09711135866460753,0.37393999999999994,0.06866194999999999,0.09711135866460753,0.37393999999999994
7,Neck,34,2,No Fall,0.9593847277310956,0.2410599901491987,1.6030799999999998,0.9593847277310956,0.2410599901491987,1.6030799999999998,0.9593847277310956,0.2410599901491987,1.6030799999999998,7.560691176470574,17.61120243222024,131.04000000000002,7.560691176470574,17.61120243222024,131.04000000000002,7.560691176470574,17.61120243222024,131.04000000000002,0.08001262499999989,0.10012689555068224,0.4384799999999999,0.08001262499999989,0.10012689555068224,0.4384799999999999,0.08001262499999989,0.10012689555068224,0.4384799999999999
7,Neck,35,1,No Fall,0.9122003563025203,1.248604989130686,6.836392,0.9122003563025203,1.248604989130686,6.836392,0.9122003563025203,1.248604989130686,6.836392,-0.7104705882352941,50.41423963946375,541.3100000000001,-0.7104705882352941,50.41423963946375,541.3100000000001,-0.7104705882352941,50.41423963946375,541.3100000000001,0.21576187499999963,0.09411884510081561,0.3843,0.21576187499999963,0.09411884510081561,0.3843,0.21576187499999963,0.09411884510081561,0.3843
7,Neck,35,2,No Fall,0.9016769336134454,1.2584930043338776,7.342936,0.9016769336134454,1.2584930043338776,7.342936,0.9016769336134454,1.2584930043338776,7.342936,-0.2707205882352949,48.9449594774937,502.74000000000007,-0.2707205882352949,48.9449594774937,502.74000000000007,-0.2707205882352949,48.9449594774937,502.74000000000007,0.23426418750000014,0.07133776418271723,0.34356,0.23426418750000014,0.07133776418271723,0.34356,0.23426418750000014,0.07133776418271723,0.34356
7,Neck,36,1,No Fall,0.9535671218487398,0.849815882819573,5.559296,0.9535671218487398,0.849815882819573,5.559296,0.9535671218487398,0.849815882819573,5.559296,6.50914705882353,37.04175658492222,439.6,6.50914705882353,37.04175658492222,439.6,6.50914705882353,37.04175658492222,439.6,0.14927412499999998,0.09007395280319873,0.40403999999999995,0.14927412499999998,0.09007395280319873,0.40403999999999995,0.14927412499999998,0.09007395280319873,0.40403999999999995
7,Neck,36,2,No Fall,0.9366709932773066,0.8792252194922651,5.097648,0.9366709932773066,0.8792252194922651,5.097648,0.9366709932773066,0.8792252194922651,5.097648,4.942308823529399,38.49570262889379,383.81000000000006,4.942308823529399,38.49570262889379,383.81000000000006,4.942308823529399,38.49570262889379,383.81000000000006,0.16845123749999985,0.08284592661798068,0.37673999999999996,0.16845123749999985,0.08284592661798068,0.37673999999999996,0.16845123749999985,0.08284592661798068,0.37673999999999996
7,Neck,37,1,No Fall,0.9678533218487408,0.03573205894330167,0.4484720000000001,0.9678533218487408,0.03573205894330167,0.4484720000000001,0.9678533218487408,0.03573205894330167,0.4484720000000001,3.743073529411766,7.180399723114812,85.82000000000001,3.743073529411766,7.180399723114812,85.82000000000001,3.743073529411766,7.180399723114812,85.82000000000001,0.10237097500000028,0.03489591070475624,0.20986,0.10237097500000028,0.03489591070475624,0.20986,0.10237097500000028,0.03489591070475624,0.20986
7,Neck,37,2,No Fall,0.9576312596638692,0.027616165052387124,0.225456,0.9576312596638692,0.027616165052387124,0.225456,0.9576312596638692,0.027616165052387124,0.225456,4.084308823529414,6.972417888028595,80.29,4.084308823529414,6.972417888028595,80.29,4.084308823529414,6.972417888028595,80.29,0.09388259999999979,0.02647099487592174,0.15106,0.09388259999999979,0.02647099487592174,0.15106,0.09388259999999979,0.02647099487592174,0.15106
7,Neck,38,1,No Fall,0.9597357596638673,0.0568901957212871,1.057496,0.9597357596638673,0.0568901957212871,1.057496,0.9597357596638673,0.0568901957212871,1.057496,4.011132352941184,8.112129750270999,85.61000000000001,4.011132352941184,8.112129750270999,85.61000000000001,4.011132352941184,8.112129750270999,85.61000000000001,0.12103770000000004,0.08839795513050362,0.36078,0.12103770000000004,0.08839795513050362,0.36078,0.12103770000000004,0.08839795513050362,0.36078
7,Neck,38,2,No Fall,0.9472199436974788,0.05026854372321025,0.695644,0.9472199436974788,0.05026854372321025,0.695644,0.9472199436974788,0.05026854372321025,0.695644,7.045147058823554,11.374473643263057,121.66000000000001,7.045147058823554,11.374473643263057,121.66000000000001,7.045147058823554,11.374473643263057,121.66000000000001,0.1156888249999998,0.05294056735542525,0.25927999999999995,0.1156888249999998,0.05294056735542525,0.25927999999999995,0.1156888249999998,0.05294056735542525,0.25927999999999995
7,Neck,39,1,No Fall,0.9597304798319305,0.04291190129932392,0.5533920000000001,0.9597304798319305,0.04291190129932392,0.5533920000000001,0.9597304798319305,0.04291190129932392,0.5533920000000001,4.441529411764692,8.50532265602318,101.29000000000002,4.441529411764692,8.50532265602318,101.29000000000002,4.441529411764692,8.50532265602318,101.29000000000002,0.10461080000000005,0.05222178270107034,0.29526,0.10461080000000005,0.05222178270107034,0.29526,0.10461080000000005,0.05222178270107034,0.29526
7,Neck,39,2,No Fall,0.9465844159663857,0.04989817794446037,0.6827120000000001,0.9465844159663857,0.04989817794446037,0.6827120000000001,0.9465844159663857,0.04989817794446037,0.6827120000000001,3.750308823529419,8.625697958744206,77.77000000000001,3.750308823529419,8.625697958744206,77.77000000000001,3.750308823529419,8.625697958744206,77.77000000000001,0.10125928750000006,0.037961430638576134,0.21882,0.10125928750000006,0.037961430638576134,0.21882,0.10125928750000006,0.037961430638576134,0.21882
7,Neck,40,1,No Fall,0.9698661168067243,0.05167925640925025,0.82594,0.9698661168067243,0.05167925640925025,0.82594,0.9698661168067243,0.05167925640925025,0.82594,5.043382352941165,5.768418677005414,81.27000000000001,5.043382352941165,5.768418677005414,81.27000000000001,5.043382352941165,5.768418677005414,81.27000000000001,0.07231761249999999,0.05178005489426289,0.22105999999999998,0.07231761249999999,0.05178005489426289,0.22105999999999998,0.07231761249999999,0.05178005489426289,0.22105999999999998
7,Neck,40,2,No Fall,0.9570270008403352,0.0605048413085346,0.992836,0.9570270008403352,0.0605048413085346,0.992836,0.9570270008403352,0.0605048413085346,0.992836,7.119499999999978,11.545531474960072,104.65,7.119499999999978,11.545531474960072,104.65,7.119499999999978,11.545531474960072,104.65,0.10557014999999982,0.05175978702330544,0.29553999999999997,0.10557014999999982,0.05175978702330544,0.29553999999999997,0.10557014999999982,0.05175978702330544,0.29553999999999997
7,Neck,43,1,No Fall,0.9403158714285722,0.8910763050319347,5.91334,0.9403158714285722,0.8910763050319347,5.91334,0.9403158714285722,0.8910763050319347,5.91334,4.601279411764704,31.642374768088246,364.84000000000003,4.601279411764704,31.642374768088246,364.84000000000003,4.601279411764704,31.642374768088246,364.84000000000003,0.1303589875000001,0.11857497198698146,0.40487999999999996,0.1303589875000001,0.11857497198698146,0.40487999999999996,0.1303589875000001,0.11857497198698146,0.40487999999999996
7,Neck,43,2,No Fall,0.9466429042016797,0.8708656283011664,6.432328,0.9466429042016797,0.8708656283011664,6.432328,0.9466429042016797,0.8708656283011664,6.432328,2.2913823529411816,29.60797433979594,386.12,2.2913823529411816,29.60797433979594,386.12,2.2913823529411816,29.60797433979594,386.12,0.17207478749999983,0.08300282038099269,0.40893999999999997,0.17207478749999983,0.08300282038099269,0.40893999999999997,0.17207478749999983,0.08300282038099269,0.40893999999999997
7,Neck,43,3,No Fall,0.9554849823529431,0.9049398168614486,6.870308,0.9554849823529431,0.9049398168614486,6.870308,0.9554849823529431,0.9049398168614486,6.870308,3.1931029411764653,30.72484390871446,493.2900000000001,3.1931029411764653,30.72484390871446,493.2900000000001,3.1931029411764653,30.72484390871446,493.2900000000001,0.07635608749999993,0.15276796387883365,0.47292,0.07635608749999993,0.15276796387883365,0.47292,0.07635608749999993,0.15276796387883365,0.47292
7,Neck,44,1,No Fall,0.9510521277310914,0.7905104896195178,5.078616,0.9510521277310914,0.7905104896195178,5.078616,0.9510521277310914,0.7905104896195178,5.078616,2.668970588235295,25.248577973292573,359.45000000000005,2.668970588235295,25.248577973292573,359.45000000000005,2.668970588235295,25.248577973292573,359.45000000000005,0.18889885000000006,0.0887075478402479,0.40236,0.18889885000000006,0.0887075478402479,0.40236,0.18889885000000006,0.0887075478402479,0.40236
7,Neck,44,2,No Fall,0.9459399689075637,0.7951477656357512,5.08862,0.9459399689075637,0.7951477656357512,5.08862,0.9459399689075637,0.7951477656357512,5.08862,0.8253970588235297,25.385860487309564,406.28000000000003,0.8253970588235297,25.385860487309564,406.28000000000003,0.8253970588235297,25.385860487309564,406.28000000000003,0.23251620000000014,0.10947919049426513,0.40137999999999996,0.23251620000000014,0.10947919049426513,0.40137999999999996,0.23251620000000014,0.10947919049426513,0.40137999999999996
7,Neck,44,3,No Fall,0.9462474806722735,0.8123498244005929,5.431684,0.9462474806722735,0.8123498244005929,5.431684,0.9462474806722735,0.8123498244005929,5.431684,2.1631323529411777,25.4059078244459,391.16,2.1631323529411777,25.4059078244459,391.16,2.1631323529411777,25.4059078244459,391.16,0.07959139999999994,0.15151055197292213,0.4821599999999999,0.07959139999999994,0.15151055197292213,0.4821599999999999,0.07959139999999994,0.15151055197292213,0.4821599999999999
7,Neck,101,1,Fall,0.44287922268908636,0.5035783063206547,2.345328,0.44287922268908636,0.5035783063206547,2.345328,0.44287922268908636,0.5035783063206547,2.345328,8.198147058823361,32.503471596494414,574.21,8.198147058823361,32.503471596494414,574.21,8.198147058823361,32.503471596494414,574.21,0.25212582500000014,0.17125438001768428,0.53564,0.25212582500000014,0.17125438001768428,0.53564,0.25212582500000014,0.17125438001768428,0.53564
7,Neck,101,2,Fall,0.45812804369747745,0.49033098823921456,2.0925439999999997,0.45812804369747745,0.49033098823921456,2.0925439999999997,0.45812804369747745,0.49033098823921456,2.0925439999999997,7.377779411764536,26.755863413996973,347.62,7.377779411764536,26.755863413996973,347.62,7.377779411764536,26.755863413996973,347.62,0.2553029500000002,0.174874955000642,0.54726,0.2553029500000002,0.174874955000642,0.54726,0.2553029500000002,0.174874955000642,0.54726
7,Neck,102,1,Fall,0.7196529848739479,0.42551310299601086,2.272372,0.7196529848739479,0.42551310299601086,2.272372,0.7196529848739479,0.42551310299601086,2.272372,6.718249999999935,39.12233273008993,678.6500000000001,6.718249999999935,39.12233273008993,678.6500000000001,6.718249999999935,39.12233273008993,678.6500000000001,0.14882498749999976,0.2016275910119587,0.60508,0.14882498749999976,0.2016275910119587,0.60508,0.14882498749999976,0.2016275910119587,0.60508
7,Neck,102,2,Fall,0.696867485714285,0.40728663702103163,2.345328,0.696867485714285,0.40728663702103163,2.345328,0.696867485714285,0.40728663702103163,2.345328,10.528544117647039,38.68965874987398,368.27000000000004,10.528544117647039,38.68965874987398,368.27000000000004,10.528544117647039,38.68965874987398,368.27000000000004,0.21507246249999995,0.1498964485661486,0.47585999999999995,0.21507246249999995,0.1498964485661486,0.47585999999999995,0.21507246249999995,0.1498964485661486,0.47585999999999995
7,Neck,103,1,Fall,0.4424766226890801,0.5010757226717668,4.8007,0.4424766226890801,0.5010757226717668,4.8007,0.4424766226890801,0.5010757226717668,4.8007,7.91902941176471,32.391027302953816,766.9200000000001,7.91902941176471,32.391027302953816,766.9200000000001,7.91902941176471,32.391027302953816,766.9200000000001,0.25468196249999997,0.1665783082528644,0.6231399999999999,0.25468196249999997,0.1665783082528644,0.6231399999999999,0.25468196249999997,0.1665783082528644,0.6231399999999999
7,Neck,103,2,Fall,0.4621173411764721,0.4756798182058042,2.983876,0.4621173411764721,0.4756798182058042,2.983876,0.4621173411764721,0.4756798182058042,2.983876,9.407720588235145,30.758275487111128,499.52000000000004,9.407720588235145,30.758275487111128,499.52000000000004,9.407720588235145,30.758275487111128,499.52000000000004,0.2856026249999997,0.17519571731841385,0.5966799999999999,0.2856026249999997,0.17519571731841385,0.5966799999999999,0.2856026249999997,0.17519571731841385,0.5966799999999999
7,Neck,104,1,Fall,0.7131266000000005,0.4322535063093104,3.22324,0.7131266000000005,0.4322535063093104,3.22324,0.7131266000000005,0.4322535063093104,3.22324,3.0230441176470375,37.89874057719913,540.4000000000001,3.0230441176470375,37.89874057719913,540.4000000000001,3.0230441176470375,37.89874057719913,540.4000000000001,0.2394752500000002,0.17917928102086603,0.6017199999999999,0.2394752500000002,0.17917928102086603,0.6017199999999999,0.2394752500000002,0.17917928102086603,0.6017199999999999
7,Neck,104,2,Fall,0.6891548815126077,0.43247349836894505,3.558252,0.6891548815126077,0.43247349836894505,3.558252,0.6891548815126077,0.43247349836894505,3.558252,9.692470588235162,43.25305932854728,648.13,9.692470588235162,43.25305932854728,648.13,9.692470588235162,43.25305932854728,648.13,0.23104147499999983,0.17443575669163186,0.56448,0.23104147499999983,0.17443575669163186,0.56448,0.23104147499999983,0.17443575669163186,0.56448
7,Neck,105,1,Fall,0.6606820294117642,0.36246382705128827,4.278052,0.6606820294117642,0.36246382705128827,4.278052,0.6606820294117642,0.36246382705128827,4.278052,4.485970588235267,27.038591182536607,665.35,4.485970588235267,27.038591182536607,665.35,4.485970588235267,27.038591182536607,665.35,0.15137351250000003,0.11158069463082018,0.4285399999999999,0.15137351250000003,0.11158069463082018,0.4285399999999999,0.15137351250000003,0.11158069463082018,0.4285399999999999
7,Neck,105,2,Fall,0.561601062184871,0.405951587811373,2.021784,0.561601062184871,0.405951587811373,2.021784,0.561601062184871,0.405951587811373,2.021784,8.342382352941279,20.15552641977553,218.82,8.342382352941279,20.15552641977553,218.82,8.342382352941279,20.15552641977553,218.82,0.12643347500000005,0.11415379674037689,0.4960199999999999,0.12643347500000005,0.11415379674037689,0.4960199999999999,0.12643347500000005,0.11415379674037689,0.4960199999999999
7,Neck,106,1,Fall,0.7283843403361339,0.40479724065804223,2.404376,0.7283843403361339,0.40479724065804223,2.404376,0.7283843403361339,0.40479724065804223,2.404376,5.930838235294117,33.323402084538166,307.65000000000003,5.930838235294117,33.323402084538166,307.65000000000003,5.930838235294117,33.323402084538166,307.65000000000003,0.13028181250000018,0.17817307032302207,0.63042,0.13028181250000018,0.17817307032302207,0.63042,0.13028181250000018,0.17817307032302207,0.63042
7,Neck,106,2,Fall,0.6956649142857151,0.38700364388419006,3.020232,0.6956649142857151,0.38700364388419006,3.020232,0.6956649142857151,0.38700364388419006,3.020232,6.37389705882353,39.457533583657785,363.86000000000007,6.37389705882353,39.457533583657785,363.86000000000007,6.37389705882353,39.457533583657785,363.86000000000007,0.1803344374999999,0.15832023350007507,0.69146,0.1803344374999999,0.15832023350007507,0.69146,0.1803344374999999,0.15832023350007507,0.69146
7,Neck,107,1,Fall,0.42452032436974413,0.5617010949826186,4.4854519999999996,0.42452032436974413,0.5617010949826186,4.4854519999999996,0.42452032436974413,0.5617010949826186,4.4854519999999996,4.112044117647049,24.333104797283728,513.73,4.112044117647049,24.333104797283728,513.73,4.112044117647049,24.333104797283728,513.73,-0.07212572499999999,0.20428229070126966,0.5581799999999999,-0.07212572499999999,0.20428229070126966,0.5581799999999999,-0.07212572499999999,0.20428229070126966,0.5581799999999999
7,Neck,107,2,Fall,0.3858635478991608,0.5899384000379752,4.341492,0.3858635478991608,0.5899384000379752,4.341492,0.3858635478991608,0.5899384000379752,4.341492,1.7557205882352944,35.6218643477691,515.48,1.7557205882352944,35.6218643477691,515.48,1.7557205882352944,35.6218643477691,515.48,-0.08845497500000007,0.23976751524154116,0.7522199999999999,-0.08845497500000007,0.23976751524154116,0.7522199999999999,-0.08845497500000007,0.23976751524154116,0.7522199999999999
7,Neck,107,3,Fall,0.37411048823529286,0.6092163643983817,3.7976159999999997,0.37411048823529286,0.6092163643983817,3.7976159999999997,0.37411048823529286,0.6092163643983817,3.7976159999999997,0.9066911764705851,39.605253672553964,694.0500000000001,0.9066911764705851,39.605253672553964,694.0500000000001,0.9066911764705851,39.605253672553964,694.0500000000001,-0.10198719999999986,0.21237390803054768,0.63378,-0.10198719999999986,0.21237390803054768,0.63378,-0.10198719999999986,0.21237390803054768,0.63378
7,Neck,107,4,Fall,0.3585263722689106,0.6327448429270806,4.733112,0.3585263722689106,0.6327448429270806,4.733112,0.3585263722689106,0.6327448429270806,4.733112,-2.5646029411764597,46.18952792375328,723.5200000000001,-2.5646029411764597,46.18952792375328,723.5200000000001,-2.5646029411764597,46.18952792375328,723.5200000000001,-0.06752130000000005,0.1844577916078991,0.6096999999999999,-0.06752130000000005,0.1844577916078991,0.6096999999999999,-0.06752130000000005,0.1844577916078991,0.6096999999999999
7,Neck,108,1,Fall,0.6846333974789909,0.48121785142868995,3.5480039999999997,0.6846333974789909,0.48121785142868995,3.5480039999999997,0.6846333974789909,0.48121785142868995,3.5480039999999997,5.8032058823529455,33.185241490768796,384.02000000000004,5.8032058823529455,33.185241490768796,384.02000000000004,5.8032058823529455,33.185241490768796,384.02000000000004,0.08347543750000008,0.21285983081988247,0.69048,0.08347543750000008,0.21285983081988247,0.69048,0.08347543750000008,0.21285983081988247,0.69048
7,Neck,108,2,Fall,0.6245753605042015,0.5248454103984442,3.8566640000000003,0.6245753605042015,0.5248454103984442,3.8566640000000003,0.6245753605042015,0.5248454103984442,3.8566640000000003,8.309323529411763,47.64086579481656,628.25,8.309323529411763,47.64086579481656,628.25,8.309323529411763,47.64086579481656,628.25,0.07077096249999999,0.2213872244191919,0.70756,0.07077096249999999,0.2213872244191919,0.70756,0.07077096249999999,0.2213872244191919,0.70756
7,Neck,108,3,Fall,0.6796664084033607,0.47298102498500166,3.804204,0.6796664084033607,0.47298102498500166,3.804204,0.6796664084033607,0.47298102498500166,3.804204,11.31679411764707,38.472361051032195,420.07000000000005,11.31679411764707,38.472361051032195,420.07000000000005,11.31679411764707,38.472361051032195,420.07000000000005,0.09482173750000002,0.20148370000967084,0.6633199999999999,0.09482173750000002,0.20148370000967084,0.6633199999999999,0.09482173750000002,0.20148370000967084,0.6633199999999999
7,Neck,108,4,Fall,0.6721812983193275,0.503113820921012,5.130344,0.6721812983193275,0.503113820921012,5.130344,0.6721812983193275,0.503113820921012,5.130344,8.816500000000005,42.93781348843314,488.88000000000005,8.816500000000005,42.93781348843314,488.88000000000005,8.816500000000005,42.93781348843314,488.88000000000005,0.04939908750000023,0.20289420111216944,0.7083999999999999,0.04939908750000023,0.20289420111216944,0.7083999999999999,0.04939908750000023,0.20289420111216944,0.7083999999999999
7,Neck,109,1,Fall,0.38048155378151033,0.5925761517965196,3.615836,0.38048155378151033,0.5925761517965196,3.615836,0.38048155378151033,0.5925761517965196,3.615836,5.562367647058807,29.1959275773456,621.95,5.562367647058807,29.1959275773456,621.95,5.562367647058807,29.1959275773456,621.95,0.08074044999999996,0.11768421105762296,0.48845999999999995,0.08074044999999996,0.11768421105762296,0.48845999999999995,0.08074044999999996,0.11768421105762296,0.48845999999999995
7,Neck,109,2,Fall,0.33674086302521133,0.6330388309168319,2.773548,0.33674086302521133,0.6330388309168319,2.773548,0.33674086302521133,0.6330388309168319,2.773548,0.14086764705881746,28.666831729714286,489.93000000000006,0.14086764705881746,28.666831729714286,489.93000000000006,0.14086764705881746,28.666831729714286,489.93000000000006,0.02293515000000005,0.13162287613454088,0.5409599999999999,0.02293515000000005,0.13162287613454088,0.5409599999999999,0.02293515000000005,0.13162287613454088,0.5409599999999999
7,Neck,110,1,Fall,0.659207110924372,0.5007681198851082,3.68318,0.659207110924372,0.5007681198851082,3.68318,0.659207110924372,0.5007681198851082,3.68318,6.636867647058812,39.83948264882087,474.04,6.636867647058812,39.83948264882087,474.04,6.636867647058812,39.83948264882087,474.04,0.030640225000000063,0.198571786805229,0.7029399999999999,0.030640225000000063,0.198571786805229,0.7029399999999999,0.030640225000000063,0.198571786805229,0.7029399999999999
7,Neck,112,1,Fall,0.3573058084033627,0.5889317142420807,4.3688199999999995,0.3573058084033627,0.5889317142420807,4.3688199999999995,0.3573058084033627,0.5889317142420807,4.3688199999999995,0.6788823529411765,53.97820902161681,1023.8200000000002,0.6788823529411765,53.97820902161681,1023.8200000000002,0.6788823529411765,53.97820902161681,1023.8200000000002,-0.045952900000000164,0.1982764024687506,0.6027,-0.045952900000000164,0.1982764024687506,0.6027,-0.045952900000000164,0.1982764024687506,0.6027
7,Neck,113,1,Fall,0.395224126050423,0.5435726579734833,4.354424,0.395224126050423,0.5435726579734833,4.354424,0.395224126050423,0.5435726579734833,4.354424,6.78436764705879,34.837326634255454,703.85,6.78436764705879,34.837326634255454,703.85,6.78436764705879,34.837326634255454,703.85,0.17293613750000028,0.12488913089703303,0.50386,0.17293613750000028,0.12488913089703303,0.50386,0.17293613750000028,0.12488913089703303,0.50386
7,Neck,113,2,Fall,0.28552926134453926,0.5204488206421867,2.45952,0.28552926134453926,0.5204488206421867,2.45952,0.28552926134453926,0.5204488206421867,2.45952,3.320014705882357,31.396996685372883,373.73,3.320014705882357,31.396996685372883,373.73,3.320014705882357,31.396996685372883,373.73,0.18135433749999985,0.1200869863114315,0.54558,0.18135433749999985,0.1200869863114315,0.54558,0.18135433749999985,0.1200869863114315,0.54558
7,Neck,114,1,Fall,0.4364700193277297,0.5178982760986462,4.250724,0.4364700193277297,0.5178982760986462,4.250724,0.4364700193277297,0.5178982760986462,4.250724,3.7400294117646906,22.53045112331543,257.81,3.7400294117646906,22.53045112331543,257.81,3.7400294117646906,22.53045112331543,257.81,-0.044551762500000015,0.2266638427394121,0.6341999999999999,-0.044551762500000015,0.2266638427394121,0.6341999999999999,-0.044551762500000015,0.2266638427394121,0.6341999999999999
7,Neck,114,2,Fall,0.35306697478991617,0.5654705172054304,3.44894,0.35306697478991617,0.5654705172054304,3.44894,0.35306697478991617,0.5654705172054304,3.44894,5.150867647058799,28.37604669650819,352.94000000000005,5.150867647058799,28.37604669650819,352.94000000000005,5.150867647058799,28.37604669650819,352.94000000000005,-0.04396568750000003,0.2202584779505559,0.7478799999999999,-0.04396568750000003,0.2202584779505559,0.7478799999999999,-0.04396568750000003,0.2202584779505559,0.7478799999999999
7,Neck,115,1,Fall,0.42047243613445767,0.4771290262536625,2.087176,0.42047243613445767,0.4771290262536625,2.087176,0.42047243613445767,0.4771290262536625,2.087176,10.113338235293371,28.06630384886482,384.02000000000004,10.113338235293371,28.06630384886482,384.02000000000004,10.113338235293371,28.06630384886482,384.02000000000004,0.3381005249999996,0.06648940770573934,0.2541,0.3381005249999996,0.06648940770573934,0.2541,0.3381005249999996,0.06648940770573934,0.2541
7,Neck,116,1,Fall,0.671493279831933,0.4084441967893674,2.478796,0.671493279831933,0.4084441967893674,2.478796,0.671493279831933,0.4084441967893674,2.478796,7.098382352941128,41.6120035631907,414.26000000000005,7.098382352941128,41.6120035631907,414.26000000000005,7.098382352941128,41.6120035631907,414.26000000000005,0.30097593749999996,0.10473224335177078,0.52948,0.30097593749999996,0.10473224335177078,0.52948,0.30097593749999996,0.10473224335177078,0.52948
7,Neck,117,1,Fall,0.3661363016806712,0.5852973759227519,3.3062,0.3661363016806712,0.5852973759227519,3.3062,0.3661363016806712,0.5852973759227519,3.3062,1.3793382352941184,40.42686821969291,584.1500000000001,1.3793382352941184,40.42686821969291,584.1500000000001,1.3793382352941184,40.42686821969291,584.1500000000001,-0.006442012499999879,0.2733643752983395,0.75628,-0.006442012499999879,0.2733643752983395,0.75628,-0.006442012499999879,0.2733643752983395,0.75628
7,Neck,118,1,Fall,0.6052823420168054,0.5232499049110343,3.75638,0.6052823420168054,0.5232499049110343,3.75638,0.6052823420168054,0.5232499049110343,3.75638,4.657470588235293,51.70098972339922,643.9300000000001,4.657470588235293,51.70098972339922,643.9300000000001,4.657470588235293,51.70098972339922,643.9300000000001,0.15101642499999993,0.2551853242455143,0.7960399999999999,0.15101642499999993,0.2551853242455143,0.7960399999999999,0.15101642499999993,0.2551853242455143,0.7960399999999999
7,Neck,119,1,Fall,0.45685780840336204,0.5080114020316197,2.847968,0.45685780840336204,0.5080114020316197,2.847968,0.45685780840336204,0.5080114020316197,2.847968,6.021558823529362,22.836903770543522,366.66,6.021558823529362,22.836903770543522,366.66,6.021558823529362,22.836903770543522,366.66,0.1485982750000001,0.07251263867253692,0.33096,0.1485982750000001,0.07251263867253692,0.33096,0.1485982750000001,0.07251263867253692,0.33096
7,Neck,119,2,Fall,0.2975494907563042,0.6221602689841413,3.5699639999999997,0.2975494907563042,0.6221602689841413,3.5699639999999997,0.2975494907563042,0.6221602689841413,3.5699639999999997,2.9793088235294087,38.628656624222884,678.3700000000001,2.9793088235294087,38.628656624222884,678.3700000000001,2.9793088235294087,38.628656624222884,678.3700000000001,0.16676546250000004,0.08034332291405201,0.38402,0.16676546250000004,0.08034332291405201,0.38402,0.16676546250000004,0.08034332291405201,0.38402
7,Neck,120,1,Fall,0.6351602445378178,0.4672845914959152,2.857484,0.6351602445378178,0.4672845914959152,2.857484,0.6351602445378178,0.4672845914959152,2.857484,6.626426470588238,42.229665829727,500.99,6.626426470588238,42.229665829727,500.99,6.626426470588238,42.229665829727,500.99,0.16041602499999988,0.1928415827829432,0.70644,0.16041602499999988,0.1928415827829432,0.70644,0.16041602499999988,0.1928415827829432,0.70644
7,Neck,120,2,Fall,0.6772437344537829,0.45188410123776646,2.8691959999999996,0.6772437344537829,0.45188410123776646,2.8691959999999996,0.6772437344537829,0.45188410123776646,2.8691959999999996,3.2460294117647157,41.52373631464336,498.05000000000007,3.2460294117647157,41.52373631464336,498.05000000000007,3.2460294117647157,41.52373631464336,498.05000000000007,0.15731852500000004,0.15868827507484043,0.6140399999999999,0.15731852500000004,0.15868827507484043,0.6140399999999999,0.15731852500000004,0.15868827507484043,0.6140399999999999
7,Neck,121,1,Fall,0.4465800773109257,0.8887789035180642,5.288944,0.4465800773109257,0.8887789035180642,5.288944,0.4465800773109257,0.8887789035180642,5.288944,6.225294117646884,39.36477857507703,451.85,6.225294117646884,39.36477857507703,451.85,6.225294117646884,39.36477857507703,451.85,0.2549826999999998,0.1583852196271252,0.5979399999999999,0.2549826999999998,0.1583852196271252,0.5979399999999999,0.2549826999999998,0.1583852196271252,0.5979399999999999
7,Neck,121,2,Fall,0.4687815655462195,0.8857353486652516,5.428268,0.4687815655462195,0.8857353486652516,5.428268,0.4687815655462195,0.8857353486652516,5.428268,6.651588235294094,35.42284254820297,433.51,6.651588235294094,35.42284254820297,433.51,6.651588235294094,35.42284254820297,433.51,0.30410082499999996,0.1900019089540894,0.6349,0.30410082499999996,0.1900019089540894,0.6349,0.30410082499999996,0.1900019089540894,0.6349
7,Neck,122,1,Fall,0.6819730798319348,0.8911818009378643,5.762792,0.6819730798319348,0.8911818009378643,5.762792,0.6819730798319348,0.8911818009378643,5.762792,12.2806029411765,45.755320522064146,493.36,12.2806029411765,45.755320522064146,493.36,12.2806029411765,45.755320522064146,493.36,0.18820777500000008,0.1700666962084991,0.51464,0.18820777500000008,0.1700666962084991,0.51464,0.18820777500000008,0.1700666962084991,0.51464
7,Neck,122,2,Fall,0.6760415731092462,0.812314904954973,5.009808,0.6760415731092462,0.812314904954973,5.009808,0.6760415731092462,0.812314904954973,5.009808,6.773955882352895,44.66741359372514,496.44000000000005,6.773955882352895,44.66741359372514,496.44000000000005,6.773955882352895,44.66741359372514,496.44000000000005,0.2439191125000001,0.1965031279153405,0.61936,0.2439191125000001,0.1965031279153405,0.61936,0.2439191125000001,0.1965031279153405,0.61936
7,Neck,123,1,Fall,0.4949593310924392,0.8381623517147304,6.310084,0.4949593310924392,0.8381623517147304,6.310084,0.4949593310924392,0.8381623517147304,6.310084,7.104147058823502,39.30729989658569,676.0600000000001,7.104147058823502,39.30729989658569,676.0600000000001,7.104147058823502,39.30729989658569,676.0600000000001,0.2937684749999998,0.18209069588567503,0.60186,0.2937684749999998,0.18209069588567503,0.60186,0.2937684749999998,0.18209069588567503,0.60186
7,Neck,123,2,Fall,0.47289937310924335,0.9568156158468941,6.885192,0.47289937310924335,0.9568156158468941,6.885192,0.47289937310924335,0.9568156158468941,6.885192,7.239455882352861,41.51438159324162,623.07,7.239455882352861,41.51438159324162,623.07,7.239455882352861,41.51438159324162,623.07,0.28744161249999983,0.19202744973194996,0.62566,0.28744161249999983,0.19202744973194996,0.62566,0.28744161249999983,0.19202744973194996,0.62566
7,Neck,124,1,Fall,0.6291372890756298,0.8319709164232112,6.236396,0.6291372890756298,0.8319709164232112,6.236396,0.6291372890756298,0.8319709164232112,6.236396,12.987455882352824,46.67595429342252,666.4000000000001,12.987455882352824,46.67595429342252,666.4000000000001,12.987455882352824,46.67595429342252,666.4000000000001,0.19338497500000032,0.16259516715138697,0.5579,0.19338497500000032,0.16259516715138697,0.5579,0.19338497500000032,0.16259516715138697,0.5579
7,Neck,124,2,Fall,0.6670847739495779,0.7724765147950362,5.693496,0.6670847739495779,0.7724765147950362,5.693496,0.6670847739495779,0.7724765147950362,5.693496,5.503161764705803,42.55697157717407,604.94,5.503161764705803,42.55697157717407,604.94,5.503161764705803,42.55697157717407,604.94,0.2678371499999998,0.16746543857039517,0.5565,0.2678371499999998,0.16746543857039517,0.5565,0.2678371499999998,0.16746543857039517,0.5565
7,Neck,125,1,Fall,0.46740404201680696,0.8674382506669386,5.46682,0.46740404201680696,0.8674382506669386,5.46682,0.46740404201680696,0.8674382506669386,5.46682,8.717970588235232,37.134264428716875,810.8100000000002,8.717970588235232,37.134264428716875,810.8100000000002,8.717970588235232,37.134264428716875,810.8100000000002,0.09836277500000012,0.15363919991214156,0.6685,0.09836277500000012,0.15363919991214156,0.6685,0.09836277500000012,0.15363919991214156,0.6685
7,Neck,125,2,Fall,0.4602715529411745,0.8181288592202998,5.256492000000001,0.4602715529411745,0.8181288592202998,5.256492000000001,0.4602715529411745,0.8181288592202998,5.256492000000001,3.510088235294107,35.39190875094609,513.3800000000001,3.510088235294107,35.39190875094609,513.3800000000001,3.510088235294107,35.39190875094609,513.3800000000001,0.2184160125000003,0.13160735001686402,0.5523,0.2184160125000003,0.13160735001686402,0.5523,0.2184160125000003,0.13160735001686402,0.5523
7,Neck,126,1,Fall,0.6293405369747881,0.7959462791157705,5.086912,0.6293405369747881,0.7959462791157705,5.086912,0.6293405369747881,0.7959462791157705,5.086912,8.180852941176486,39.103576707414945,633.9200000000001,8.180852941176486,39.103576707414945,633.9200000000001,8.180852941176486,39.103576707414945,633.9200000000001,0.11795770000000004,0.20501692972930832,0.73122,0.11795770000000004,0.20501692972930832,0.73122,0.11795770000000004,0.20501692972930832,0.73122
7,Neck,126,2,Fall,0.7147545310924373,0.7300303221024491,4.87756,0.7147545310924373,0.7300303221024491,4.87756,0.7147545310924373,0.7300303221024491,4.87756,4.554602941176482,33.18369240479112,505.33000000000004,4.554602941176482,33.18369240479112,505.33000000000004,4.554602941176482,33.18369240479112,505.33000000000004,0.16571423749999992,0.1507370870005686,0.57288,0.16571423749999992,0.1507370870005686,0.57288,0.16571423749999992,0.1507370870005686,0.57288
7,Neck,127,1,Fall,0.09633755630252096,0.12602313414730035,1.4783959999999998,0.09633755630252096,0.12602313414730035,1.4783959999999998,0.09633755630252096,0.12602313414730035,1.4783959999999998,5.865558823529328,14.108812636582638,249.97000000000003,5.865558823529328,14.108812636582638,249.97000000000003,5.865558823529328,14.108812636582638,249.97000000000003,0.16959792500000023,0.0901190207940999,0.5157599999999999,0.16959792500000023,0.0901190207940999,0.5157599999999999,0.16959792500000023,0.0901190207940999,0.5157599999999999
7,Neck,127,2,Fall,0.23798601512605103,0.1487240263650166,1.3917760000000001,0.23798601512605103,0.1487240263650166,1.3917760000000001,0.23798601512605103,0.1487240263650166,1.3917760000000001,5.6961764705882185,21.776160139295186,454.30000000000007,5.6961764705882185,21.776160139295186,454.30000000000007,5.6961764705882185,21.776160139295186,454.30000000000007,-0.22389473749999955,0.08676677400206437,0.5276599999999999,-0.22389473749999955,0.08676677400206437,0.5276599999999999,-0.22389473749999955,0.08676677400206437,0.5276599999999999
7,Neck,127,3,Fall,-0.04929963613445384,0.23255006037677015,2.175504,-0.04929963613445384,0.23255006037677015,2.175504,-0.04929963613445384,0.23255006037677015,2.175504,7.666617647058825,22.86613686015535,477.61,7.666617647058825,22.86613686015535,477.61,7.666617647058825,22.86613686015535,477.61,0.42403016249999964,0.06156603475838792,0.5786199999999999,0.42403016249999964,0.06156603475838792,0.5786199999999999,0.42403016249999964,0.06156603475838792,0.5786199999999999
7,Neck,127,4,Fall,0.004471043697479047,0.1973920253102498,1.818288,0.004471043697479047,0.1973920253102498,1.818288,0.004471043697479047,0.1973920253102498,1.818288,5.265352941176441,27.00591738603836,658.0000000000001,5.265352941176441,27.00591738603836,658.0000000000001,5.265352941176441,27.00591738603836,658.0000000000001,-0.16924914999999982,0.04783070824987649,0.58534,-0.16924914999999982,0.04783070824987649,0.58534,-0.16924914999999982,0.04783070824987649,0.58534
7,Neck,128,1,Fall,0.35161163781512633,0.45029787981236796,5.76694,0.35161163781512633,0.45029787981236796,5.76694,0.35161163781512633,0.45029787981236796,5.76694,6.8021911764705765,32.62690050255885,379.89000000000004,6.8021911764705765,32.62690050255885,379.89000000000004,6.8021911764705765,32.62690050255885,379.89000000000004,0.16478533750000005,0.22925137223701947,0.7361199999999999,0.16478533750000005,0.22925137223701947,0.7361199999999999,0.16478533750000005,0.22925137223701947,0.7361199999999999
7,Neck,128,2,Fall,0.19560588067226878,0.4305599965018837,2.534428,0.19560588067226878,0.4305599965018837,2.534428,0.19560588067226878,0.4305599965018837,2.534428,10.005838235294107,29.127885243008446,378.28000000000003,10.005838235294107,29.127885243008446,378.28000000000003,10.005838235294107,29.127885243008446,378.28000000000003,0.2682823499999996,0.21474675216218078,0.8583399999999999,0.2682823499999996,0.21474675216218078,0.8583399999999999,0.2682823499999996,0.21474675216218078,0.8583399999999999
7,Neck,128,3,Fall,0.1838618941176473,0.42802950835979786,3.643896,0.1838618941176473,0.42802950835979786,3.643896,0.1838618941176473,0.42802950835979786,3.643896,9.913911764705874,33.31085719417167,433.44000000000005,9.913911764705874,33.31085719417167,433.44000000000005,9.913911764705874,33.31085719417167,433.44000000000005,0.19341603749999992,0.2397532471787537,0.7586599999999999,0.19341603749999992,0.2397532471787537,0.7586599999999999,0.19341603749999992,0.2397532471787537,0.7586599999999999
7,Neck,128,4,Fall,0.17034055210084062,0.38545076422114044,4.042104,0.17034055210084062,0.38545076422114044,4.042104,0.17034055210084062,0.38545076422114044,4.042104,9.355176470588258,31.576112476762376,768.95,9.355176470588258,31.576112476762376,768.95,9.355176470588258,31.576112476762376,768.95,0.19193107499999978,0.2910999196991901,1.03572,0.19193107499999978,0.2910999196991901,1.03572,0.19193107499999978,0.2910999196991901,1.03572
7,Neck,129,1,Fall,0.4316385630252087,0.47299202753589503,1.9322359999999998,0.4316385630252087,0.47299202753589503,1.9322359999999998,0.4316385630252087,0.47299202753589503,1.9322359999999998,10.085764705881546,31.42769697402484,509.81000000000006,10.085764705881546,31.42769697402484,509.81000000000006,10.085764705881546,31.42769697402484,509.81000000000006,0.3494881250000001,0.09264696488308807,0.26264,0.3494881250000001,0.09264696488308807,0.26264,0.3494881250000001,0.09264696488308807,0.26264
7,Neck,130,1,Fall,0.3163911605042013,0.5103495390789258,4.412739999999999,0.3163911605042013,0.5103495390789258,4.412739999999999,0.3163911605042013,0.5103495390789258,4.412739999999999,-0.282529411764701,45.1964807918822,929.46,-0.282529411764701,45.1964807918822,929.46,-0.282529411764701,45.1964807918822,929.46,0.057071000000000156,0.32377237712027956,0.70672,0.057071000000000156,0.32377237712027956,0.70672,0.057071000000000156,0.32377237712027956,0.70672
7,Neck,131,1,Fall,0.30292912689075596,0.6110224106095299,3.273992,0.30292912689075596,0.6110224106095299,3.273992,0.30292912689075596,0.6110224106095299,3.273992,6.399176470588243,27.676672080044188,414.26,6.399176470588243,27.676672080044188,414.26,6.399176470588243,27.676672080044188,414.26,0.08525571249999991,0.14988726948055853,0.51142,0.08525571249999991,0.14988726948055853,0.51142,0.08525571249999991,0.14988726948055853,0.51142
7,Neck,131,2,Fall,0.6777125117647044,0.25972407685647714,1.9005159999999999,0.6777125117647044,0.25972407685647714,1.9005159999999999,0.6777125117647044,0.25972407685647714,1.9005159999999999,4.115529411764686,27.36228376629571,422.31000000000006,4.115529411764686,27.36228376629571,422.31000000000006,4.115529411764686,27.36228376629571,422.31000000000006,0.17780113749999987,0.06677570214497325,0.47278,0.17780113749999987,0.06677570214497325,0.47278,0.17780113749999987,0.06677570214497325,0.47278
7,Neck,132,1,Fall,0.429522785714298,0.4996352994085828,3.082452,0.429522785714298,0.4996352994085828,3.082452,0.429522785714298,0.4996352994085828,3.082452,10.522735294116769,36.83362466931514,647.99,10.522735294116769,36.83362466931514,647.99,10.522735294116769,36.83362466931514,647.99,0.3617872999999994,0.10247501925685265,0.26781999999999995,0.3617872999999994,0.10247501925685265,0.26781999999999995,0.3617872999999994,0.10247501925685265,0.26781999999999995
7,Neck,133,1,Fall,0.36746430756302606,0.5556863218492089,3.7478399999999996,0.36746430756302606,0.5556863218492089,3.7478399999999996,0.36746430756302606,0.5556863218492089,3.7478399999999996,2.7166911764705937,35.703100011158796,458.57000000000005,2.7166911764705937,35.703100011158796,458.57000000000005,2.7166911764705937,35.703100011158796,458.57000000000005,-0.001714124999999915,0.2871004241166136,0.78918,-0.001714124999999915,0.2871004241166136,0.78918,-0.001714124999999915,0.2871004241166136,0.78918
7,Neck,134,1,Fall,0.5194264823529412,0.4179422835573974,3.3886719999999997,0.5194264823529412,0.4179422835573974,3.3886719999999997,0.5194264823529412,0.4179422835573974,3.3886719999999997,6.025529411764685,31.232436239823777,797.02,6.025529411764685,31.232436239823777,797.02,6.025529411764685,31.232436239823777,797.02,0.09977353750000008,0.08045597487085013,0.42182,0.09977353750000008,0.08045597487085013,0.42182,0.09977353750000008,0.08045597487085013,0.42182
7,Neck,134,2,Fall,0.482011542857143,0.4660536752612717,1.900516,0.482011542857143,0.4660536752612717,1.900516,0.482011542857143,0.4660536752612717,1.900516,4.504147058823552,24.000652806563824,267.12,4.504147058823552,24.000652806563824,267.12,4.504147058823552,24.000652806563824,267.12,0.010951412500000009,0.13267642266322782,0.57134,0.010951412500000009,0.13267642266322782,0.57134,0.010951412500000009,0.13267642266322782,0.57134
7,Neck,135,1,Fall,0.9431451949579873,0.09270854769796685,2.025688,0.9431451949579873,0.09270854769796685,2.025688,0.9431451949579873,0.09270854769796685,2.025688,5.664955882352942,9.872719704651713,150.99,5.664955882352942,9.872719704651713,150.99,5.664955882352942,9.872719704651713,150.99,-0.05940934999999994,0.05035847918517446,0.20509999999999998,-0.05940934999999994,0.05035847918517446,0.20509999999999998,-0.05940934999999994,0.05035847918517446,0.20509999999999998
7,Neck,135,2,Fall,0.9440875680672295,0.11148895969990906,2.541992,0.9440875680672295,0.11148895969990906,2.541992,0.9440875680672295,0.11148895969990906,2.541992,5.520999999999987,11.123508319193661,123.55000000000001,5.520999999999987,11.123508319193661,123.55000000000001,5.520999999999987,11.123508319193661,123.55000000000001,-0.030094137500000007,0.06279257587582938,0.27481999999999995,-0.030094137500000007,0.06279257587582938,0.27481999999999995,-0.030094137500000007,0.06279257587582938,0.27481999999999995
8,Neck,13,1,No Fall,0.9618149882352961,0.1068804691916231,1.071892,0.9618149882352961,0.1068804691916231,1.071892,0.9618149882352961,0.1068804691916231,1.071892,6.5886617647058925,17.69790029830004,197.26000000000002,6.5886617647058925,17.69790029830004,197.26000000000002,6.5886617647058925,17.69790029830004,197.26000000000002,0.25541993749999997,0.14473686023760782,0.56126,0.25541993749999997,0.14473686023760782,0.56126,0.25541993749999997,0.14473686023760782,0.56126
8,Neck,13,2,No Fall,0.9486338109243718,0.09809884521370153,1.7931559999999998,0.9486338109243718,0.09809884521370153,1.7931559999999998,0.9486338109243718,0.09809884521370153,1.7931559999999998,5.448294117647062,23.632519057368643,491.12000000000006,5.448294117647062,23.632519057368643,491.12000000000006,5.448294117647062,23.632519057368643,491.12000000000006,0.31625256249999983,0.06734185186469441,0.31598,0.31625256249999983,0.06734185186469441,0.31598,0.31625256249999983,0.06734185186469441,0.31598
8,Neck,13,3,No Fall,0.9672753084033631,0.08762608155985184,0.765428,0.9672753084033631,0.08762608155985184,0.765428,0.9672753084033631,0.08762608155985184,0.765428,6.440544117647058,14.247534739849394,139.37,6.440544117647058,14.247534739849394,139.37,6.440544117647058,14.247534739849394,139.37,0.26499138750000023,0.1597436788355169,0.50918,0.26499138750000023,0.1597436788355169,0.50918,0.26499138750000023,0.1597436788355169,0.50918
8,Neck,13,4,No Fall,0.9556052907563031,0.057482757085578234,0.6836880000000001,0.9556052907563031,0.057482757085578234,0.6836880000000001,0.9556052907563031,0.057482757085578234,0.6836880000000001,5.728500000000011,15.504733103847956,179.06,5.728500000000011,15.504733103847956,179.06,5.728500000000011,15.504733103847956,179.06,0.3849762874999999,0.051939458868807936,0.25382000000000005,0.3849762874999999,0.051939458868807936,0.25382000000000005,0.3849762874999999,0.051939458868807936,0.25382000000000005
8,Neck,13,5,No Fall,0.9546089403361359,0.11758146482403628,1.410808,0.9546089403361359,0.11758146482403628,1.410808,0.9546089403361359,0.11758146482403628,1.410808,4.4219411764705905,26.00729773956016,457.52000000000004,4.4219411764705905,26.00729773956016,457.52000000000004,4.4219411764705905,26.00729773956016,457.52000000000004,0.24758483749999974,0.13656390065533408,0.5685399999999999,0.24758483749999974,0.13656390065533408,0.5685399999999999,0.24758483749999974,0.13656390065533408,0.5685399999999999
8,Neck,13,6,No Fall,0.9518020689075628,0.1121467701322175,1.4152,0.9518020689075628,0.1121467701322175,1.4152,0.9518020689075628,0.1121467701322175,1.4152,5.383867647058814,27.288804109605593,514.78,5.383867647058814,27.288804109605593,514.78,5.383867647058814,27.288804109605593,514.78,0.3613672125000007,0.05710378790282103,0.29204,0.3613672125000007,0.05710378790282103,0.29204,0.3613672125000007,0.05710378790282103,0.29204
8,Neck,13,7,No Fall,0.9661751554621826,0.09719356583695178,0.829844,0.9661751554621826,0.09719356583695178,0.829844,0.9661751554621826,0.09719356583695178,0.829844,5.093926470588247,18.3544154161556,195.86,5.093926470588247,18.3544154161556,195.86,5.093926470588247,18.3544154161556,195.86,0.2981009500000002,0.14712980481623464,0.51422,0.2981009500000002,0.14712980481623464,0.51422,0.2981009500000002,0.14712980481623464,0.51422
8,Neck,13,8,No Fall,0.9654210621848758,0.03160942370129209,0.326716,0.9654210621848758,0.03160942370129209,0.326716,0.9654210621848758,0.03160942370129209,0.326716,5.87323529411766,13.16016232761881,179.48000000000002,5.87323529411766,13.16016232761881,179.48000000000002,5.87323529411766,13.16016232761881,179.48000000000002,0.3939915875000007,0.037480007268147,0.17919999999999997,0.3939915875000007,0.037480007268147,0.17919999999999997,0.3939915875000007,0.037480007268147,0.17919999999999997
8,Neck,13,9,No Fall,0.9432086554621839,0.1258395490829878,2.401936,0.9432086554621839,0.1258395490829878,2.401936,0.9432086554621839,0.1258395490829878,2.401936,2.383779411764698,32.176228770638836,834.7500000000001,2.383779411764698,32.176228770638836,834.7500000000001,2.383779411764698,32.176228770638836,834.7500000000001,0.20967029999999975,0.15565576090157598,0.5801599999999999,0.20967029999999975,0.15565576090157598,0.5801599999999999,0.20967029999999975,0.15565576090157598,0.5801599999999999
8,Neck,13,10,No Fall,0.9477864747899137,0.09672732955707257,1.596004,0.9477864747899137,0.09672732955707257,1.596004,0.9477864747899137,0.09672732955707257,1.596004,5.118352941176479,31.80333418766359,766.2900000000001,5.118352941176479,31.80333418766359,766.2900000000001,5.118352941176479,31.80333418766359,766.2900000000001,0.3211886124999996,0.07015797011071606,0.34313999999999995,0.3211886124999996,0.07015797011071606,0.34313999999999995,0.3211886124999996,0.07015797011071606,0.34313999999999995
8,Neck,13,11,No Fall,0.9568122705882396,0.08450225223349735,0.7544479999999999,0.9568122705882396,0.08450225223349735,0.7544479999999999,0.9568122705882396,0.08450225223349735,0.7544479999999999,2.516955882352943,18.396598687922157,164.71000000000004,2.516955882352943,18.396598687922157,164.71000000000004,2.516955882352943,18.396598687922157,164.71000000000004,0.27867918749999965,0.15546846726679395,0.5031599999999999,0.27867918749999965,0.15546846726679395,0.5031599999999999,0.27867918749999965,0.15546846726679395,0.5031599999999999
8,Neck,13,12,No Fall,0.9473783899159665,0.027073540438433,0.295728,0.9473783899159665,0.027073540438433,0.295728,0.9473783899159665,0.027073540438433,0.295728,6.306161764705879,11.957496309964954,145.95000000000002,6.306161764705879,11.957496309964954,145.95000000000002,6.306161764705879,11.957496309964954,145.95000000000002,0.3762439625000002,0.04990009898259353,0.20845999999999998,0.3762439625000002,0.04990009898259353,0.20845999999999998,0.3762439625000002,0.04990009898259353,0.20845999999999998
8,Neck,14,1,No Fall,0.9663280142857164,0.10656787109253818,1.05286,0.9663280142857164,0.10656787109253818,1.05286,0.9663280142857164,0.10656787109253818,1.05286,6.259676470588226,18.204325973699422,247.03000000000003,6.259676470588226,18.204325973699422,247.03000000000003,6.259676470588226,18.204325973699422,247.03000000000003,0.30094750000000065,0.11086113394529784,0.53256,0.30094750000000065,0.11086113394529784,0.53256,0.30094750000000065,0.11086113394529784,0.53256
8,Neck,14,2,No Fall,0.8763774142857127,0.16850528768633363,0.9764879999999999,0.8763774142857127,0.16850528768633363,0.9764879999999999,0.8763774142857127,0.16850528768633363,0.9764879999999999,8.374044117647076,29.025010963135166,263.62,8.374044117647076,29.025010963135166,263.62,8.374044117647076,29.025010963135166,263.62,0.35942374999999943,0.10600304062302093,0.32675999999999994,0.35942374999999943,0.10600304062302093,0.32675999999999994,0.35942374999999943,0.10600304062302093,0.32675999999999994
8,Neck,14,3,No Fall,0.9565098336134455,0.11706283806372346,0.9235399999999999,0.9565098336134455,0.11706283806372346,0.9235399999999999,0.9565098336134455,0.11706283806372346,0.9235399999999999,6.216632352941193,19.566788352011184,202.23000000000002,6.216632352941193,19.566788352011184,202.23000000000002,6.216632352941193,19.566788352011184,202.23000000000002,0.31773061249999995,0.1359584244203228,0.55846,0.31773061249999995,0.1359584244203228,0.55846,0.31773061249999995,0.1359584244203228,0.55846
8,Neck,14,4,No Fall,0.9565536100840294,0.042874508015899586,0.2884080000000001,0.9565536100840294,0.042874508015899586,0.2884080000000001,0.9565536100840294,0.042874508015899586,0.2884080000000001,4.7883676470588235,13.161138380976546,160.16000000000003,4.7883676470588235,13.161138380976546,160.16000000000003,4.7883676470588235,13.161138380976546,160.16000000000003,0.37854774999999946,0.05478049875493926,0.26516,0.37854774999999946,0.05478049875493926,0.26516,0.37854774999999946,0.05478049875493926,0.26516
8,Neck,14,5,No Fall,0.9519613865546186,0.12138000012025389,0.8676639999999999,0.9519613865546186,0.12138000012025389,0.8676639999999999,0.9519613865546186,0.12138000012025389,0.8676639999999999,6.650147058823523,20.27837471100045,201.39000000000001,6.650147058823523,20.27837471100045,201.39000000000001,6.650147058823523,20.27837471100045,201.39000000000001,0.30290356249999995,0.11682151361087156,0.5625199999999999,0.30290356249999995,0.11682151361087156,0.5625199999999999,0.30290356249999995,0.11682151361087156,0.5625199999999999
8,Neck,14,6,No Fall,0.9631852327731044,0.04461263084535525,0.5736439999999999,0.9631852327731044,0.04461263084535525,0.5736439999999999,0.9631852327731044,0.04461263084535525,0.5736439999999999,5.612588235294108,15.916441614288305,174.02,5.612588235294108,15.916441614288305,174.02,5.612588235294108,15.916441614288305,174.02,0.3205707749999999,0.05131939061219811,0.29259999999999997,0.3205707749999999,0.05131939061219811,0.29259999999999997,0.3205707749999999,0.05131939061219811,0.29259999999999997
8,Neck,14,7,No Fall,0.9544540823529415,0.1047311982852456,0.8325279999999999,0.9544540823529415,0.1047311982852456,0.8325279999999999,0.9544540823529415,0.1047311982852456,0.8325279999999999,5.172279411764693,18.760701492237832,192.64000000000004,5.172279411764693,18.760701492237832,192.64000000000004,5.172279411764693,18.760701492237832,192.64000000000004,0.35526286250000033,0.11627281662101512,0.54978,0.35526286250000033,0.11627281662101512,0.54978,0.35526286250000033,0.11627281662101512,0.54978
8,Neck,14,8,No Fall,0.9505907319327708,0.05800066008022633,0.329156,0.9505907319327708,0.05800066008022633,0.329156,0.9505907319327708,0.05800066008022633,0.329156,4.8336617647058855,12.018233449818977,127.89000000000001,4.8336617647058855,12.018233449818977,127.89000000000001,4.8336617647058855,12.018233449818977,127.89000000000001,0.39901163749999974,0.05743906813669027,0.24192000000000002,0.39901163749999974,0.05743906813669027,0.24192000000000002,0.39901163749999974,0.05743906813669027,0.24192000000000002
8,Neck,14,9,No Fall,0.8877158277310931,0.22637695689461337,1.514508,0.8877158277310931,0.22637695689461337,1.514508,0.8877158277310931,0.22637695689461337,1.514508,6.362602941176466,31.929158341480978,310.38000000000005,6.362602941176466,31.929158341480978,310.38000000000005,6.362602941176466,31.929158341480978,310.38000000000005,0.3534037499999997,0.06839302984602817,0.29035999999999995,0.3534037499999997,0.06839302984602817,0.29035999999999995,0.3534037499999997,0.06839302984602817,0.29035999999999995
8,Neck,14,10,No Fall,0.9433168663865561,0.04935958208399266,0.759816,0.9433168663865561,0.04935958208399266,0.759816,0.9433168663865561,0.04935958208399266,0.759816,5.694088235294112,18.38511571624609,220.29000000000002,5.694088235294112,18.38511571624609,220.29000000000002,5.694088235294112,18.38511571624609,220.29000000000002,0.29722455000000014,0.06065069818469892,0.33026,0.29722455000000014,0.06065069818469892,0.33026,0.29722455000000014,0.06065069818469892,0.33026
8,Neck,14,11,No Fall,0.9415538126050381,0.1112798080096237,0.912804,0.9415538126050381,0.1112798080096237,0.912804,0.9415538126050381,0.1112798080096237,0.912804,3.3952500000000017,17.53822746189743,144.13000000000002,3.3952500000000017,17.53822746189743,144.13000000000002,3.3952500000000017,17.53822746189743,144.13000000000002,0.33972119999999995,0.12520805203837537,0.5653199999999999,0.33972119999999995,0.12520805203837537,0.5653199999999999,0.33972119999999995,0.12520805203837537,0.5653199999999999
8,Neck,14,12,No Fall,0.925302284873949,0.05870029765039469,0.3972319999999999,0.925302284873949,0.05870029765039469,0.3972319999999999,0.925302284873949,0.05870029765039469,0.3972319999999999,4.974779411764724,12.616520616666374,132.44,4.974779411764724,12.616520616666374,132.44,4.974779411764724,12.616520616666374,132.44,0.4081301875000004,0.06485690596900423,0.27271999999999996,0.4081301875000004,0.06485690596900423,0.27271999999999996,0.4081301875000004,0.06485690596900423,0.27271999999999996
8,Neck,15,1,No Fall,0.9495076999999997,0.1875638352445326,4.50302,0.9495076999999997,0.1875638352445326,4.50302,0.9495076999999997,0.1875638352445326,4.50302,5.197499999999993,34.457788456944996,861.4200000000001,5.197499999999993,34.457788456944996,861.4200000000001,5.197499999999993,34.457788456944996,861.4200000000001,0.3032549625,0.06910557774826169,0.36876,0.3032549625,0.06910557774826169,0.36876,0.3032549625,0.06910557774826169,0.36876
8,Neck,15,2,No Fall,0.9560554605042041,0.17075165921563684,4.8922,0.9560554605042041,0.17075165921563684,4.8922,0.9560554605042041,0.17075165921563684,4.8922,5.242323529411772,32.16322000511196,726.95,5.242323529411772,32.16322000511196,726.95,5.242323529411772,32.16322000511196,726.95,0.3266621750000004,0.06147307734930482,0.37492000000000003,0.3266621750000004,0.06147307734930482,0.37492000000000003,0.3266621750000004,0.06147307734930482,0.37492000000000003
8,Neck,15,3,No Fall,0.9350944252100828,0.19700471217991863,4.732136,0.9350944252100828,0.19700471217991863,4.732136,0.9350944252100828,0.19700471217991863,4.732136,4.9727941176470525,37.910742402406555,1010.5900000000001,4.9727941176470525,37.910742402406555,1010.5900000000001,4.9727941176470525,37.910742402406555,1010.5900000000001,0.2849588874999995,0.07271626973339462,0.3438399999999999,0.2849588874999995,0.07271626973339462,0.3438399999999999,0.2849588874999995,0.07271626973339462,0.3438399999999999
8,Neck,16,1,No Fall,0.5408217453781506,0.4867258702460753,1.593564,0.5408217453781506,0.4867258702460753,1.593564,0.5408217453781506,0.4867258702460753,1.593564,2.68960294117647,20.867769374961945,232.68,2.68960294117647,20.867769374961945,232.68,2.68960294117647,20.867769374961945,232.68,-0.0026878249999998938,0.22738139633200646,0.67816,-0.0026878249999998938,0.22738139633200646,0.67816,-0.0026878249999998938,0.22738139633200646,0.67816
8,Neck,16,2,No Fall,0.4797189680672282,0.5159183731950552,2.018124,0.4797189680672282,0.5159183731950552,2.018124,0.4797189680672282,0.5159183731950552,2.018124,1.6864852941176454,23.545457613243578,365.47,1.6864852941176454,23.545457613243578,365.47,1.6864852941176454,23.545457613243578,365.47,-0.06135289999999995,0.16800514206994166,0.67018,-0.06135289999999995,0.16800514206994166,0.67018,-0.06135289999999995,0.16800514206994166,0.67018
8,Neck,16,3,No Fall,0.4973870285714288,0.5066817012899427,1.5852680000000001,0.4973870285714288,0.5066817012899427,1.5852680000000001,0.4973870285714288,0.5066817012899427,1.5852680000000001,0.12726470588235608,26.92465295346473,278.95000000000005,0.12726470588235608,26.92465295346473,278.95000000000005,0.12726470588235608,26.92465295346473,278.95000000000005,0.04459533750000004,0.2773767535025707,0.84322,0.04459533750000004,0.2773767535025707,0.84322,0.04459533750000004,0.2773767535025707,0.84322
8,Neck,16,4,No Fall,0.5029451025210087,0.48525380757319053,1.9498039999999999,0.5029451025210087,0.48525380757319053,1.9498039999999999,0.5029451025210087,0.48525380757319053,1.9498039999999999,1.5037500000000101,20.824940737147777,215.46,1.5037500000000101,20.824940737147777,215.46,1.5037500000000101,20.824940737147777,215.46,0.038885874999999945,0.2448705089926987,0.7254799999999999,0.038885874999999945,0.2448705089926987,0.7254799999999999,0.038885874999999945,0.2448705089926987,0.7254799999999999
8,Neck,16,5,No Fall,0.52926065630252,0.46227441935323693,2.04228,0.52926065630252,0.46227441935323693,2.04228,0.52926065630252,0.46227441935323693,2.04228,1.4880588235294168,25.123802419351684,235.76000000000002,1.4880588235294168,25.123802419351684,235.76000000000002,1.4880588235294168,25.123802419351684,235.76000000000002,0.2685706624999998,0.1186574004275914,0.5221999999999999,0.2685706624999998,0.1186574004275914,0.5221999999999999,0.2685706624999998,0.1186574004275914,0.5221999999999999
8,Neck,16,6,No Fall,0.5998129487394952,0.36030796291714334,1.933212,0.5998129487394952,0.36030796291714334,1.933212,0.5998129487394952,0.36030796291714334,1.933212,3.5601323529411504,24.67610485196982,338.59000000000003,3.5601323529411504,24.67610485196982,338.59000000000003,3.5601323529411504,24.67610485196982,338.59000000000003,0.36336991249999967,0.0770856137154887,0.4725,0.36336991249999967,0.0770856137154887,0.4725,0.36336991249999967,0.0770856137154887,0.4725
8,Neck,17,1,No Fall,0.06910305546218468,0.20112126930013513,1.236348,0.06910305546218468,0.20112126930013513,1.236348,0.06910305546218468,0.20112126930013513,1.236348,10.49567647058819,25.157699405601328,298.27000000000004,10.49567647058819,25.157699405601328,298.27000000000004,10.49567647058819,25.157699405601328,298.27000000000004,0.1379224874999999,0.37024549280531677,0.87178,0.1379224874999999,0.37024549280531677,0.87178,0.1379224874999999,0.37024549280531677,0.87178
8,Neck,17,2,No Fall,0.08623498235294136,0.18261772115258618,1.219756,0.08623498235294136,0.18261772115258618,1.219756,0.08623498235294136,0.18261772115258618,1.219756,6.784941176470505,16.141267912209333,155.12,6.784941176470505,16.141267912209333,155.12,6.784941176470505,16.141267912209333,155.12,0.20423821249999982,0.38494589916487965,0.8765399999999999,0.20423821249999982,0.38494589916487965,0.8765399999999999,0.20423821249999982,0.38494589916487965,0.8765399999999999
8,Neck,17,3,No Fall,0.0416768915966381,0.20804694204354757,1.189988,0.0416768915966381,0.20804694204354757,1.189988,0.0416768915966381,0.20804694204354757,1.189988,9.271117647058572,24.537570758867144,286.79,9.271117647058572,24.537570758867144,286.79,9.271117647058572,24.537570758867144,286.79,0.15891583750000005,0.35128953578372196,0.79716,0.15891583750000005,0.35128953578372196,0.79716,0.15891583750000005,0.35128953578372196,0.79716
8,Neck,17,4,No Fall,0.13757632436974823,0.23050967761653002,1.183156,0.13757632436974823,0.23050967761653002,1.183156,0.13757632436974823,0.23050967761653002,1.183156,8.744647058823425,19.29957475253626,232.61,8.744647058823425,19.29957475253626,232.61,8.744647058823425,19.29957475253626,232.61,0.17562658749999993,0.35687018701390816,0.8230599999999999,0.17562658749999993,0.35687018701390816,0.8230599999999999,0.17562658749999993,0.35687018701390816,0.8230599999999999
8,Neck,17,5,No Fall,0.19005626470588288,0.37774882396187903,1.769976,0.19005626470588288,0.37774882396187903,1.769976,0.19005626470588288,0.37774882396187903,1.769976,6.329779411764685,26.735149671573232,325.57000000000005,6.329779411764685,26.735149671573232,325.57000000000005,6.329779411764685,26.735149671573232,325.57000000000005,0.16611393749999984,0.1587512474032604,0.53326,0.16611393749999984,0.1587512474032604,0.53326,0.16611393749999984,0.1587512474032604,0.53326
8,Neck,17,6,No Fall,0.21090432184873978,0.3519442505625631,2.3785119999999997,0.21090432184873978,0.3519442505625631,2.3785119999999997,0.21090432184873978,0.3519442505625631,2.3785119999999997,3.5481764705882597,21.829586236426316,232.12,3.5481764705882597,21.829586236426316,232.12,3.5481764705882597,21.829586236426316,232.12,0.16347791249999954,0.2026408403487635,0.6382599999999999,0.16347791249999954,0.2026408403487635,0.6382599999999999,0.16347791249999954,0.2026408403487635,0.6382599999999999
8,Neck,18,1,No Fall,0.42103855714285676,0.42670704427933664,1.521096,0.42103855714285676,0.42670704427933664,1.521096,0.42103855714285676,0.42670704427933664,1.521096,1.4754264705882256,24.9335050525084,344.96000000000004,1.4754264705882256,24.9335050525084,344.96000000000004,1.4754264705882256,24.9335050525084,344.96000000000004,0.4489348499999992,0.13945382037250828,0.60732,0.4489348499999992,0.13945382037250828,0.60732,0.4489348499999992,0.13945382037250828,0.60732
8,Neck,18,2,No Fall,0.4819233235294123,0.38400672500491656,1.898564,0.4819233235294123,0.38400672500491656,1.898564,0.4819233235294123,0.38400672500491656,1.898564,5.579411764705854,29.38226911987367,401.31000000000006,5.579411764705854,29.38226911987367,401.31000000000006,5.579411764705854,29.38226911987367,401.31000000000006,0.4106322500000001,0.19982030929172556,0.5215,0.4106322500000001,0.19982030929172556,0.5215,0.4106322500000001,0.19982030929172556,0.5215
8,Neck,18,3,No Fall,0.536408113445378,0.4487115724348007,1.360544,0.536408113445378,0.4487115724348007,1.360544,0.536408113445378,0.4487115724348007,1.360544,6.138926470588244,31.794620685939556,356.44000000000005,6.138926470588244,31.794620685939556,356.44000000000005,6.138926470588244,31.794620685939556,356.44000000000005,0.3378106375000003,0.1678806237792018,0.5077799999999999,0.3378106375000003,0.1678806237792018,0.5077799999999999,0.3378106375000003,0.1678806237792018,0.5077799999999999
8,Neck,18,4,No Fall,0.6204993815126051,0.38374835293431653,0.9982039999999999,0.6204993815126051,0.38374835293431653,0.9982039999999999,0.6204993815126051,0.38374835293431653,0.9982039999999999,3.298455882352939,22.359635664047424,276.08000000000004,3.298455882352939,22.359635664047424,276.08000000000004,3.298455882352939,22.359635664047424,276.08000000000004,0.2842311499999999,0.1917931892334166,0.46871999999999997,0.2842311499999999,0.1917931892334166,0.46871999999999997,0.2842311499999999,0.1917931892334166,0.46871999999999997
8,Neck,18,5,No Fall,0.4032497268907558,0.5127354179383075,2.119384,0.4032497268907558,0.5127354179383075,2.119384,0.4032497268907558,0.5127354179383075,2.119384,5.068102941176454,27.843084088043152,401.0300000000001,5.068102941176454,27.843084088043152,401.0300000000001,5.068102941176454,27.843084088043152,401.0300000000001,0.1051025499999999,0.19564425675699945,0.56826,0.1051025499999999,0.19564425675699945,0.56826,0.1051025499999999,0.19564425675699945,0.56826
8,Neck,18,6,No Fall,0.3715856008403375,0.46359254306300024,2.030568,0.3715856008403375,0.46359254306300024,2.030568,0.3715856008403375,0.46359254306300024,2.030568,6.719985294117659,25.20836681105562,313.39000000000004,6.719985294117659,25.20836681105562,313.39000000000004,6.719985294117659,25.20836681105562,313.39000000000004,0.032520249999999945,0.12220677394558115,0.50652,0.032520249999999945,0.12220677394558115,0.50652,0.032520249999999945,0.12220677394558115,0.50652
8,Neck,19,2,No Fall,0.968712857983192,0.12421196396682525,0.819352,0.968712857983192,0.12421196396682525,0.819352,0.968712857983192,0.12421196396682525,0.819352,5.997455882352925,9.107044414760342,91.28000000000002,5.997455882352925,9.107044414760342,91.28000000000002,5.997455882352925,9.107044414760342,91.28000000000002,0.13980601250000027,0.06638544187476578,0.34356,0.13980601250000027,0.06638544187476578,0.34356,0.13980601250000027,0.06638544187476578,0.34356
8,Neck,19,3,No Fall,0.9663702529411737,0.13979890147939297,0.9667279999999999,0.9663702529411737,0.13979890147939297,0.9667279999999999,0.9663702529411737,0.13979890147939297,0.9667279999999999,5.589382352941183,11.85551203177839,110.25,5.589382352941183,11.85551203177839,110.25,5.589382352941183,11.85551203177839,110.25,0.1929203500000001,0.030367079297623743,0.15217999999999998,0.1929203500000001,0.030367079297623743,0.15217999999999998,0.1929203500000001,0.030367079297623743,0.15217999999999998
8,Neck,19,4,No Fall,0.9670811336134466,0.19417874533975438,1.237568,0.9670811336134466,0.19417874533975438,1.237568,0.9670811336134466,0.19417874533975438,1.237568,5.535147058823524,11.224255411349167,102.48000000000002,5.535147058823524,11.224255411349167,102.48000000000002,5.535147058823524,11.224255411349167,102.48000000000002,0.1250450249999998,0.09835784067253091,0.2814,0.1250450249999998,0.09835784067253091,0.2814,0.1250450249999998,0.09835784067253091,0.2814
8,Neck,19,5,No Fall,0.972691595798318,0.15383438269952343,0.9596520000000001,0.972691595798318,0.15383438269952343,0.9596520000000001,0.972691595798318,0.15383438269952343,0.9596520000000001,5.534867647058824,10.06692126440719,89.11000000000001,5.534867647058824,10.06692126440719,89.11000000000001,5.534867647058824,10.06692126440719,89.11000000000001,0.2341016124999998,0.03765580753417059,0.15344000000000002,0.2341016124999998,0.03765580753417059,0.15344000000000002,0.2341016124999998,0.03765580753417059,0.15344000000000002
8,Neck,19,6,No Fall,0.9681113159663864,0.2591480378337711,1.519876,0.9681113159663864,0.2591480378337711,1.519876,0.9681113159663864,0.2591480378337711,1.519876,5.705544117647065,14.445488034747639,208.60000000000002,5.705544117647065,14.445488034747639,208.60000000000002,5.705544117647065,14.445488034747639,208.60000000000002,0.3323263124999995,0.01896726092558519,0.11256,0.3323263124999995,0.01896726092558519,0.11256,0.3323263124999995,0.01896726092558519,0.11256
8,Neck,20,2,No Fall,0.9738529537815154,0.20947023777283066,0.9455,0.9738529537815154,0.20947023777283066,0.9455,0.9738529537815154,0.20947023777283066,0.9455,6.364617647058831,12.412211533280606,91.63000000000001,6.364617647058831,12.412211533280606,91.63000000000001,6.364617647058831,12.412211533280606,91.63000000000001,0.2328435375000001,0.031462464285206694,0.29203999999999997,0.2328435375000001,0.031462464285206694,0.29203999999999997,0.2328435375000001,0.031462464285206694,0.29203999999999997
8,Neck,20,3,No Fall,0.9725842563025229,0.172073008222227,0.8686400000000001,0.9725842563025229,0.172073008222227,0.8686400000000001,0.9725842563025229,0.172073008222227,0.8686400000000001,5.686455882352942,12.38692872415177,112.35000000000001,5.686455882352942,12.38692872415177,112.35000000000001,5.686455882352942,12.38692872415177,112.35000000000001,0.18429897500000006,0.02247205275828971,0.11312,0.18429897500000006,0.02247205275828971,0.11312,0.18429897500000006,0.02247205275828971,0.11312
8,Neck,20,4,No Fall,0.9692543739495794,0.3018809302261523,1.5191439999999998,0.9692543739495794,0.3018809302261523,1.5191439999999998,0.9692543739495794,0.3018809302261523,1.5191439999999998,6.412411764705863,23.20995674674884,278.11,6.412411764705863,23.20995674674884,278.11,6.412411764705863,23.20995674674884,278.11,0.04675466249999999,0.036591960107056176,0.17514,0.04675466249999999,0.036591960107056176,0.17514,0.04675466249999999,0.036591960107056176,0.17514
8,Neck,20,5,No Fall,0.9699083042016812,0.24964528816154663,1.0543239999999998,0.9699083042016812,0.24964528816154663,1.0543239999999998,0.9699083042016812,0.24964528816154663,1.0543239999999998,5.452088235294107,14.602301423378472,116.48000000000002,5.452088235294107,14.602301423378472,116.48000000000002,5.452088235294107,14.602301423378472,116.48000000000002,0.23982174999999956,0.021006766233281515,0.11493999999999999,0.23982174999999956,0.021006766233281515,0.11493999999999999,0.23982174999999956,0.021006766233281515,0.11493999999999999
8,Neck,20,6,No Fall,0.9691191487394969,0.34116396571778207,1.4339879999999998,0.9691191487394969,0.34116396571778207,1.4339879999999998,0.9691191487394969,0.34116396571778207,1.4339879999999998,6.317161764705874,17.445339608038736,163.45000000000002,6.317161764705874,17.445339608038736,163.45000000000002,6.317161764705874,17.445339608038736,163.45000000000002,0.3325152250000001,0.04713097507166999,0.21713999999999997,0.3325152250000001,0.04713097507166999,0.21713999999999997,0.3325152250000001,0.04713097507166999,0.21713999999999997
8,Neck,21,1,No Fall,0.9647435521008378,0.09220658187028705,0.7468840000000001,0.9647435521008378,0.09220658187028705,0.7468840000000001,0.9647435521008378,0.09220658187028705,0.7468840000000001,5.04339705882352,8.249656718164013,72.17,5.04339705882352,8.249656718164013,72.17,5.04339705882352,8.249656718164013,72.17,0.09929920000000009,0.013530556005801875,0.09043999999999998,0.09929920000000009,0.013530556005801875,0.09043999999999998,0.09929920000000009,0.013530556005801875,0.09043999999999998
8,Neck,21,2,No Fall,0.9676075277310952,0.157834351715681,0.9455,0.9676075277310952,0.157834351715681,0.9455,0.9676075277310952,0.157834351715681,0.9455,5.154382352941163,9.646788302883326,88.55000000000001,5.154382352941163,9.646788302883326,88.55000000000001,5.154382352941163,9.646788302883326,88.55000000000001,0.23005123750000034,0.017820678251035324,0.10919999999999999,0.23005123750000034,0.017820678251035324,0.10919999999999999,0.23005123750000034,0.017820678251035324,0.10919999999999999
8,Neck,21,3,No Fall,0.9668289319327752,0.1291833672867689,0.8091039999999999,0.9668289319327752,0.1291833672867689,0.8091039999999999,0.9668289319327752,0.1291833672867689,0.8091039999999999,5.422352941176463,10.536049974958267,102.62,5.422352941176463,10.536049974958267,102.62,5.422352941176463,10.536049974958267,102.62,0.18867948750000021,0.033531909565170485,0.14923999999999998,0.18867948750000021,0.033531909565170485,0.14923999999999998,0.18867948750000021,0.033531909565170485,0.14923999999999998
8,Neck,21,4,No Fall,0.9675978394957993,0.22389945694961969,1.5911239999999998,0.9675978394957993,0.22389945694961969,1.5911239999999998,0.9675978394957993,0.22389945694961969,1.5911239999999998,4.734176470588248,16.940633270157985,248.99000000000004,4.734176470588248,16.940633270157985,248.99000000000004,4.734176470588248,16.940633270157985,248.99000000000004,0.08638384999999998,0.02216275265915531,0.13327999999999998,0.08638384999999998,0.02216275265915531,0.13327999999999998,0.08638384999999998,0.02216275265915531,0.13327999999999998
8,Neck,21,5,No Fall,0.9736117731092452,0.1837255671702836,1.126304,0.9736117731092452,0.1837255671702836,1.126304,0.9736117731092452,0.1837255671702836,1.126304,4.581279411764704,11.96484186923263,115.85000000000001,4.581279411764704,11.96484186923263,115.85000000000001,4.581279411764704,11.96484186923263,115.85000000000001,0.3056343499999996,0.04054722230745938,0.16828,0.3056343499999996,0.04054722230745938,0.16828,0.3056343499999996,0.04054722230745938,0.16828
8,Neck,21,6,No Fall,0.9690609680672281,0.20952030166360897,1.2248800000000002,0.9690609680672281,0.20952030166360897,1.2248800000000002,0.9690609680672281,0.20952030166360897,1.2248800000000002,5.39580882352941,13.87717331169899,151.69,5.39580882352941,13.87717331169899,151.69,5.39580882352941,13.87717331169899,151.69,0.2272696124999998,0.06205287421908132,0.27005999999999997,0.2272696124999998,0.06205287421908132,0.27005999999999997,0.2272696124999998,0.06205287421908132,0.27005999999999997
8,Neck,22,1,No Fall,0.9698917983193283,0.38170594073367936,1.422032,0.9698917983193283,0.38170594073367936,1.422032,0.9698917983193283,0.38170594073367936,1.422032,5.764617647058823,23.22132125375159,188.23000000000002,5.764617647058823,23.22132125375159,188.23000000000002,5.764617647058823,23.22132125375159,188.23000000000002,0.30601690000000004,0.052163324090088184,0.2072,0.30601690000000004,0.052163324090088184,0.2072,0.30601690000000004,0.052163324090088184,0.2072
8,Neck,22,2,No Fall,0.9718426705882344,0.39309486840603347,1.785836,0.9718426705882344,0.39309486840603347,1.785836,0.9718426705882344,0.39309486840603347,1.785836,6.1152500000000085,29.752705024112306,295.54,6.1152500000000085,29.752705024112306,295.54,6.1152500000000085,29.752705024112306,295.54,0.15590189999999995,0.070863371044125,0.38598,0.15590189999999995,0.070863371044125,0.38598,0.15590189999999995,0.070863371044125,0.38598
8,Neck,22,3,No Fall,0.9585380067226913,0.2984832465056125,3.905952,0.9585380067226913,0.2984832465056125,3.905952,0.9585380067226913,0.2984832465056125,3.905952,6.023838235294129,46.20160194300976,1119.44,6.023838235294129,46.20160194300976,1119.44,6.023838235294129,46.20160194300976,1119.44,0.23303104999999988,0.06298686288391789,0.46885999999999994,0.23303104999999988,0.06298686288391789,0.46885999999999994,0.23303104999999988,0.06298686288391789,0.46885999999999994
8,Neck,23,1,No Fall,0.9562775722689074,0.2645950567305447,2.73402,0.9562775722689074,0.2645950567305447,2.73402,0.9562775722689074,0.2645950567305447,2.73402,5.664411764705869,36.582645388103245,683.1300000000001,5.664411764705869,36.582645388103245,683.1300000000001,5.664411764705869,36.582645388103245,683.1300000000001,0.008553124999999993,0.058249358967476676,0.37142,0.008553124999999993,0.058249358967476676,0.37142,0.008553124999999993,0.058249358967476676,0.37142
8,Neck,23,2,No Fall,0.9584839268907549,0.32415461547988095,3.798104,0.9584839268907549,0.32415461547988095,3.798104,0.9584839268907549,0.32415461547988095,3.798104,5.72163235294119,48.537267868087326,793.94,5.72163235294119,48.537267868087326,793.94,5.72163235294119,48.537267868087326,793.94,0.2636138749999998,0.04984233304969556,0.31276,0.2636138749999998,0.04984233304969556,0.31276,0.2636138749999998,0.04984233304969556,0.31276
8,Neck,23,3,No Fall,0.9600755655462169,0.34158149838842583,3.905952,0.9600755655462169,0.34158149838842583,3.905952,0.9600755655462169,0.34158149838842583,3.905952,6.247132352941174,46.85278227203719,1119.44,6.247132352941174,46.85278227203719,1119.44,6.247132352941174,46.85278227203719,1119.44,0.2266543124999996,0.06268824637480551,0.46885999999999994,0.2266543124999996,0.06268824637480551,0.46885999999999994,0.2266543124999996,0.06268824637480551,0.46885999999999994
8,Neck,24,1,No Fall,0.9752313999999982,0.9379751234413901,4.675284,0.9752313999999982,0.9379751234413901,4.675284,0.9752313999999982,0.9379751234413901,4.675284,5.657808823529421,52.27740271511964,465.22,5.657808823529421,52.27740271511964,465.22,5.657808823529421,52.27740271511964,465.22,0.18649093750000012,0.06658012385974764,0.34902,0.18649093750000012,0.06658012385974764,0.34902,0.18649093750000012,0.06658012385974764,0.34902
8,Neck,24,2,No Fall,0.975088895798318,0.8379571823987395,3.976468,0.975088895798318,0.8379571823987395,3.976468,0.975088895798318,0.8379571823987395,3.976468,6.800735294117633,49.9178121124201,453.11000000000007,6.800735294117633,49.9178121124201,453.11000000000007,6.800735294117633,49.9178121124201,453.11000000000007,0.3112050375000002,0.06295635370968412,0.26389999999999997,0.3112050375000002,0.06295635370968412,0.26389999999999997,0.3112050375000002,0.06295635370968412,0.26389999999999997
8,Neck,24,3,No Fall,0.9703017285714262,0.8499885224164345,4.136532,0.9703017285714262,0.8499885224164345,4.136532,0.9703017285714262,0.8499885224164345,4.136532,6.488382352941169,59.57390961536303,589.19,6.488382352941169,59.57390961536303,589.19,6.488382352941169,59.57390961536303,589.19,0.09485516249999999,0.042183000709013145,0.19362,0.09485516249999999,0.042183000709013145,0.19362,0.09485516249999999,0.042183000709013145,0.19362
8,Neck,25,1,No Fall,0.9628010865546213,1.0917303533143983,4.862188000000001,0.9628010865546213,1.0917303533143983,4.862188000000001,0.9628010865546213,1.0917303533143983,4.862188000000001,7.375308823529414,85.156788533111,709.94,7.375308823529414,85.156788533111,709.94,7.375308823529414,85.156788533111,709.94,0.32924097500000016,0.07214392146901537,0.34454,0.32924097500000016,0.07214392146901537,0.34454,0.32924097500000016,0.07214392146901537,0.34454
8,Neck,25,2,No Fall,0.9669242764705858,1.143337716347771,5.32896,0.9669242764705858,1.143337716347771,5.32896,0.9669242764705858,1.143337716347771,5.32896,7.908014705882332,87.92906873322076,812.21,7.908014705882332,87.92906873322076,812.21,7.908014705882332,87.92906873322076,812.21,0.1307217625000001,0.044228014967451046,0.23142000000000001,0.1307217625000001,0.044228014967451046,0.23142000000000001,0.1307217625000001,0.044228014967451046,0.23142000000000001
8,Neck,26,1,No Fall,0.9720498142857146,0.22171717063203789,3.293756,0.9720498142857146,0.22171717063203789,3.293756,0.9720498142857146,0.22171717063203789,3.293756,5.236617647058814,9.03177465295873,121.80000000000001,5.236617647058814,9.03177465295873,121.80000000000001,5.236617647058814,9.03177465295873,121.80000000000001,0.32167397500000033,0.014730603989078377,0.10723999999999995,0.32167397500000033,0.014730603989078377,0.10723999999999995,0.32167397500000033,0.014730603989078377,0.10723999999999995
8,Neck,26,2,No Fall,0.9694513168067249,0.288067328843492,3.8125,0.9694513168067249,0.288067328843492,3.8125,0.9694513168067249,0.288067328843492,3.8125,5.759691176470587,20.035247766549755,224.14000000000004,5.759691176470587,20.035247766549755,224.14000000000004,5.759691176470587,20.035247766549755,224.14000000000004,0.36093391249999934,0.02965833080364827,0.21993999999999997,0.36093391249999934,0.02965833080364827,0.21993999999999997,0.36093391249999934,0.02965833080364827,0.21993999999999997
8,Neck,26,3,No Fall,0.9417482436974786,0.24380270688711397,3.624376,0.9417482436974786,0.24380270688711397,3.624376,0.9417482436974786,0.24380270688711397,3.624376,5.734323529411789,13.337087003139251,212.59000000000003,5.734323529411789,13.337087003139251,212.59000000000003,5.734323529411789,13.337087003139251,212.59000000000003,0.0841560125,0.03553509058683016,0.19418,0.0841560125,0.03553509058683016,0.19418,0.0841560125,0.03553509058683016,0.19418
8,Neck,26,4,No Fall,0.9510628924369751,0.32800852788682805,4.503019999999999,0.9510628924369751,0.32800852788682805,4.503019999999999,0.9510628924369751,0.32800852788682805,4.503019999999999,5.475955882352932,26.28430003031831,304.08000000000004,5.475955882352932,26.28430003031831,304.08000000000004,5.475955882352932,26.28430003031831,304.08000000000004,0.00778505000000001,0.04177559773781182,0.24961999999999998,0.00778505000000001,0.04177559773781182,0.24961999999999998,0.00778505000000001,0.04177559773781182,0.24961999999999998
8,Neck,27,1,No Fall,0.9723714226890783,0.2684151075430576,4.7216439999999995,0.9723714226890783,0.2684151075430576,4.7216439999999995,0.9723714226890783,0.2684151075430576,4.7216439999999995,4.95592647058823,15.302931930864075,188.86,4.95592647058823,15.302931930864075,188.86,4.95592647058823,15.302931930864075,188.86,0.32455517499999975,0.021525390664199423,0.18438,0.32455517499999975,0.021525390664199423,0.18438,0.32455517499999975,0.021525390664199423,0.18438
8,Neck,27,2,No Fall,0.9689540899159669,0.3600684780833486,6.123424,0.9689540899159669,0.3600684780833486,6.123424,0.9689540899159669,0.3600684780833486,6.123424,5.970102941176468,27.81240916953681,341.53000000000003,5.970102941176468,27.81240916953681,341.53000000000003,5.970102941176468,27.81240916953681,341.53000000000003,0.3533300749999995,0.029318112538516846,0.23772,0.3533300749999995,0.029318112538516846,0.23772,0.3533300749999995,0.029318112538516846,0.23772
8,Neck,27,3,No Fall,0.9440268243697475,0.2799300714845093,4.777276,0.9440268243697475,0.2799300714845093,4.777276,0.9440268243697475,0.2799300714845093,4.777276,6.12948529411764,19.227662924165063,249.06000000000003,6.12948529411764,19.227662924165063,249.06000000000003,6.12948529411764,19.227662924165063,249.06000000000003,0.07095217499999992,0.040146635699559265,0.26921999999999996,0.07095217499999992,0.040146635699559265,0.26921999999999996,0.07095217499999992,0.040146635699559265,0.26921999999999996
8,Neck,27,4,No Fall,0.9479184705882356,0.36770390814059706,6.025335999999999,0.9479184705882356,0.36770390814059706,6.025335999999999,0.9479184705882356,0.36770390814059706,6.025335999999999,5.4456617647058705,25.22670488843821,274.75,5.4456617647058705,25.22670488843821,274.75,5.4456617647058705,25.22670488843821,274.75,0.016426024999999983,0.04027388413462167,0.22091999999999998,0.016426024999999983,0.04027388413462167,0.22091999999999998,0.016426024999999983,0.04027388413462167,0.22091999999999998
8,Neck,28,1,No Fall,0.8937776899159702,0.229447227717703,1.39934,0.8937776899159702,0.229447227717703,1.39934,0.8937776899159702,0.229447227717703,1.39934,7.048235294117627,31.082518607933064,298.41,7.048235294117627,31.082518607933064,298.41,7.048235294117627,31.082518607933064,298.41,0.34339348750000087,0.055745996106344044,0.32788,0.34339348750000087,0.055745996106344044,0.32788,0.34339348750000087,0.055745996106344044,0.32788
8,Neck,28,2,No Fall,0.8912504957983219,0.26584894263055986,1.49572,0.8912504957983219,0.26584894263055986,1.49572,0.8912504957983219,0.26584894263055986,1.49572,6.052514705882344,34.86508568453075,348.6700000000001,6.052514705882344,34.86508568453075,348.6700000000001,6.052514705882344,34.86508568453075,348.6700000000001,0.36221771250000073,0.04376627810831648,0.27258000000000004,0.36221771250000073,0.04376627810831648,0.27258000000000004,0.36221771250000073,0.04376627810831648,0.27258000000000004
8,Neck,28,3,No Fall,0.8737828638655468,0.24442331153969746,1.272216,0.8737828638655468,0.24442331153969746,1.272216,0.8737828638655468,0.24442331153969746,1.272216,5.396117647058818,28.349024372364447,295.68000000000006,5.396117647058818,28.349024372364447,295.68000000000006,5.396117647058818,28.349024372364447,295.68000000000006,0.11119902500000017,0.1553045767444506,0.61334,0.11119902500000017,0.1553045767444506,0.61334,0.11119902500000017,0.1553045767444506,0.61334
8,Neck,28,4,No Fall,0.8882987621848749,0.2761670803065245,1.7933999999999999,0.8882987621848749,0.2761670803065245,1.7933999999999999,0.8882987621848749,0.2761670803065245,1.7933999999999999,6.2624264705882435,36.432126731486406,338.1700000000001,6.2624264705882435,36.432126731486406,338.1700000000001,6.2624264705882435,36.432126731486406,338.1700000000001,0.035559737500000056,0.14157863234044435,0.6735399999999999,0.035559737500000056,0.14157863234044435,0.6735399999999999,0.035559737500000056,0.14157863234044435,0.6735399999999999
8,Neck,29,1,No Fall,0.9413858831932775,0.16656664826072404,1.0409039999999998,0.9413858831932775,0.16656664826072404,1.0409039999999998,0.9413858831932775,0.16656664826072404,1.0409039999999998,8.58805882352941,15.520641148913965,143.36,8.58805882352941,15.520641148913965,143.36,8.58805882352941,15.520641148913965,143.36,0.1290426374999999,0.11934771294062857,0.4109,0.1290426374999999,0.11934771294062857,0.4109,0.1290426374999999,0.11934771294062857,0.4109
8,Neck,29,2,No Fall,0.9661781798319292,0.24259895616489344,5.373368,0.9661781798319292,0.24259895616489344,5.373368,0.9661781798319292,0.24259895616489344,5.373368,5.6146617647059065,13.021327779827407,317.87,5.6146617647059065,13.021327779827407,317.87,5.6146617647059065,13.021327779827407,317.87,0.18839441250000002,0.03567800743685118,0.17276000000000002,0.18839441250000002,0.03567800743685118,0.17276000000000002,0.18839441250000002,0.03567800743685118,0.17276000000000002
8,Neck,30,1,No Fall,0.9445156445378147,0.11815825189025715,0.7620119999999999,0.9445156445378147,0.11815825189025715,0.7620119999999999,0.9445156445378147,0.11815825189025715,0.7620119999999999,6.992294117647046,11.600396176765646,74.48,6.992294117647046,11.600396176765646,74.48,6.992294117647046,11.600396176765646,74.48,0.23953667500000017,0.05171466550299759,0.23407999999999998,0.23953667500000017,0.05171466550299759,0.23407999999999998,0.23953667500000017,0.05171466550299759,0.23407999999999998
8,Neck,30,2,No Fall,0.9715415663865563,0.17451934799268948,0.92964,0.9715415663865563,0.17451934799268948,0.92964,0.9715415663865563,0.17451934799268948,0.92964,5.621014705882365,12.649179570687886,115.22,5.621014705882365,12.649179570687886,115.22,5.621014705882365,12.649179570687886,115.22,0.22010563749999965,0.057585233562271354,0.3367,0.22010563749999965,0.057585233562271354,0.3367,0.22010563749999965,0.057585233562271354,0.3367
8,Neck,31,1,No Fall,0.9517714151260508,0.10011402026580409,0.727608,0.9517714151260508,0.10011402026580409,0.727608,0.9517714151260508,0.10011402026580409,0.727608,5.041852941176459,9.567438760791289,58.10000000000001,5.041852941176459,9.567438760791289,58.10000000000001,5.041852941176459,9.567438760791289,58.10000000000001,0.15971576250000002,0.0643914195457208,0.34425999999999995,0.15971576250000002,0.0643914195457208,0.34425999999999995,0.15971576250000002,0.0643914195457208,0.34425999999999995
8,Neck,31,2,No Fall,0.9693907268907571,0.12918678892420524,0.8100799999999999,0.9693907268907571,0.12918678892420524,0.8100799999999999,0.9693907268907571,0.12918678892420524,0.8100799999999999,5.125985294117649,10.850637011297973,75.81,5.125985294117649,10.850637011297973,75.81,5.125985294117649,10.850637011297973,75.81,0.15265241250000008,0.11131521276335136,0.4006799999999999,0.15265241250000008,0.11131521276335136,0.4006799999999999,0.15265241250000008,0.11131521276335136,0.4006799999999999
8,Neck,32,1,No Fall,0.9553763100840346,0.10119973191715827,0.9337880000000001,0.9553763100840346,0.10119973191715827,0.9337880000000001,0.9553763100840346,0.10119973191715827,0.9337880000000001,3.8001323529411772,12.937687756775912,117.74000000000001,3.8001323529411772,12.937687756775912,117.74000000000001,3.8001323529411772,12.937687756775912,117.74000000000001,0.13609898749999966,0.051205991116066676,0.32339999999999997,0.13609898749999966,0.051205991116066676,0.32339999999999997,0.13609898749999966,0.051205991116066676,0.32339999999999997
8,Neck,32,2,No Fall,0.9711949941176453,0.13092018850126264,1.097756,0.9711949941176453,0.13092018850126264,1.097756,0.9711949941176453,0.13092018850126264,1.097756,6.725308823529416,13.74325445070538,124.46000000000001,6.725308823529416,13.74325445070538,124.46000000000001,6.725308823529416,13.74325445070538,124.46000000000001,0.07844908749999996,0.10516346946652266,0.3963399999999999,0.07844908749999996,0.10516346946652266,0.3963399999999999,0.07844908749999996,0.10516346946652266,0.3963399999999999
8,Neck,33,1,No Fall,0.9537699084033604,0.13096088100566625,0.934764,0.9537699084033604,0.13096088100566625,0.934764,0.9537699084033604,0.13096088100566625,0.934764,2.643264705882347,15.584346687159325,125.72000000000001,2.643264705882347,15.584346687159325,125.72000000000001,2.643264705882347,15.584346687159325,125.72000000000001,0.11996976249999976,0.053569731393012826,0.27677999999999997,0.11996976249999976,0.053569731393012826,0.27677999999999997,0.11996976249999976,0.053569731393012826,0.27677999999999997
8,Neck,33,2,No Fall,0.971205246218489,0.14532857495660095,1.158756,0.971205246218489,0.14532857495660095,1.158756,0.971205246218489,0.14532857495660095,1.158756,6.655911764705885,16.163310588199813,133.49,6.655911764705885,16.163310588199813,133.49,6.655911764705885,16.163310588199813,133.49,0.14978197499999982,0.10121112246274237,0.39941999999999994,0.14978197499999982,0.10121112246274237,0.39941999999999994,0.14978197499999982,0.10121112246274237,0.39941999999999994
8,Neck,34,1,No Fall,0.9560553067226883,0.09548171157333821,0.73566,0.9560553067226883,0.09548171157333821,0.73566,0.9560553067226883,0.09548171157333821,0.73566,5.216102941176471,12.120924766307711,96.04,5.216102941176471,12.120924766307711,96.04,5.216102941176471,12.120924766307711,96.04,0.19581992500000037,0.0827364027632833,0.37897999999999993,0.19581992500000037,0.0827364027632833,0.37897999999999993,0.19581992500000037,0.0827364027632833,0.37897999999999993
8,Neck,34,2,No Fall,0.9710220924369748,0.11431482919318242,0.866932,0.9710220924369748,0.11431482919318242,0.866932,0.9710220924369748,0.11431482919318242,0.866932,5.198102941176475,12.431992828001025,118.58000000000001,5.198102941176475,12.431992828001025,118.58000000000001,5.198102941176475,12.431992828001025,118.58000000000001,0.02834676250000004,0.0768663126231432,0.27803999999999995,0.02834676250000004,0.0768663126231432,0.27803999999999995,0.02834676250000004,0.0768663126231432,0.27803999999999995
8,Neck,35,1,No Fall,0.9460655571428594,0.17639023641510532,0.894016,0.9460655571428594,0.17639023641510532,0.894016,0.9460655571428594,0.17639023641510532,0.894016,10.176441176470595,20.821705895964847,164.71000000000004,10.176441176470595,20.821705895964847,164.71000000000004,10.176441176470595,20.821705895964847,164.71000000000004,0.2503292749999998,0.08695296925501322,0.35363999999999995,0.2503292749999998,0.08695296925501322,0.35363999999999995,0.2503292749999998,0.08695296925501322,0.35363999999999995
8,Neck,35,2,No Fall,0.9512334361344559,0.180565585918178,0.923784,0.9512334361344559,0.180565585918178,0.923784,0.9512334361344559,0.180565585918178,0.923784,3.7251617647058803,21.48705294126548,146.58,3.7251617647058803,21.48705294126548,146.58,3.7251617647058803,21.48705294126548,146.58,0.22639741249999962,0.07720138109406861,0.45121999999999995,0.22639741249999962,0.07720138109406861,0.45121999999999995,0.22639741249999962,0.07720138109406861,0.45121999999999995
8,Neck,36,1,No Fall,0.9674389319327736,0.19364818906687753,1.390312,0.9674389319327736,0.19364818906687753,1.390312,0.9674389319327736,0.19364818906687753,1.390312,-0.7196911764705879,22.669538562101888,185.85000000000002,-0.7196911764705879,22.669538562101888,185.85000000000002,-0.7196911764705879,22.669538562101888,185.85000000000002,0.17996579999999995,0.0839794231824605,0.40235999999999994,0.17996579999999995,0.0839794231824605,0.40235999999999994,0.17996579999999995,0.0839794231824605,0.40235999999999994
8,Neck,36,2,No Fall,0.9684093445378152,0.2698354303553746,1.7831519999999998,0.9684093445378152,0.2698354303553746,1.7831519999999998,0.9684093445378152,0.2698354303553746,1.7831519999999998,6.02845588235293,28.656835731016535,265.65000000000003,6.02845588235293,28.656835731016535,265.65000000000003,6.02845588235293,28.656835731016535,265.65000000000003,0.215583375,0.08673483280737451,0.45458,0.215583375,0.08673483280737451,0.45458,0.215583375,0.08673483280737451,0.45458
8,Neck,37,1,No Fall,0.9647594428571421,0.019679769193398946,0.19251600000000013,0.9647594428571421,0.019679769193398946,0.19251600000000013,0.9647594428571421,0.019679769193398946,0.19251600000000013,4.983897058823532,6.136498653108012,53.27,4.983897058823532,6.136498653108012,53.27,4.983897058823532,6.136498653108012,53.27,0.12247646250000002,0.02555294695181546,0.12697999999999998,0.12247646250000002,0.02555294695181546,0.12697999999999998,0.12247646250000002,0.02555294695181546,0.12697999999999998
8,Neck,37,2,No Fall,0.9649746344537802,0.02613646099826356,0.24961200000000006,0.9649746344537802,0.02613646099826356,0.24961200000000006,0.9649746344537802,0.02613646099826356,0.24961200000000006,5.548500000000002,8.98109595854074,92.05000000000001,5.548500000000002,8.98109595854074,92.05000000000001,5.548500000000002,8.98109595854074,92.05000000000001,0.18255483749999984,0.025636969906559493,0.13790000000000002,0.18255483749999984,0.025636969906559493,0.13790000000000002,0.18255483749999984,0.025636969906559493,0.13790000000000002
8,Neck,38,1,No Fall,0.9735786075630234,0.04289664078576389,0.7337079999999999,0.9735786075630234,0.04289664078576389,0.7337079999999999,0.9735786075630234,0.04289664078576389,0.7337079999999999,5.785205882352947,8.41202093663198,94.78,5.785205882352947,8.41202093663198,94.78,5.785205882352947,8.41202093663198,94.78,0.11476911250000027,0.025174707613038274,0.16127999999999998,0.11476911250000027,0.025174707613038274,0.16127999999999998,0.11476911250000027,0.025174707613038274,0.16127999999999998
8,Neck,38,2,No Fall,0.9734276453781491,0.06710670449622785,0.998448,0.9734276453781491,0.06710670449622785,0.998448,0.9734276453781491,0.06710670449622785,0.998448,6.011720588235297,10.946521186142595,129.15,6.011720588235297,10.946521186142595,129.15,6.011720588235297,10.946521186142595,129.15,0.2059195250000003,0.057053577065196655,0.32843999999999995,0.2059195250000003,0.057053577065196655,0.32843999999999995,0.2059195250000003,0.057053577065196655,0.32843999999999995
8,Neck,39,1,No Fall,0.9742852848739484,0.028450352368406127,0.2715719999999999,0.9742852848739484,0.028450352368406127,0.2715719999999999,0.9742852848739484,0.028450352368406127,0.2715719999999999,5.837117647058826,8.722156603329864,103.25,5.837117647058826,8.722156603329864,103.25,5.837117647058826,8.722156603329864,103.25,0.13712658749999995,0.022457932018530476,0.12557999999999997,0.13712658749999995,0.022457932018530476,0.12557999999999997,0.13712658749999995,0.022457932018530476,0.12557999999999997
8,Neck,39,2,No Fall,0.9737183949579841,0.017433976272960904,0.1517679999999999,0.9737183949579841,0.017433976272960904,0.1517679999999999,0.9737183949579841,0.017433976272960904,0.1517679999999999,5.704985294117654,6.059956022006,49.35000000000001,5.704985294117654,6.059956022006,49.35000000000001,5.704985294117654,6.059956022006,49.35000000000001,0.21769151249999996,0.015855551481510598,0.08582000000000001,0.21769151249999996,0.015855551481510598,0.08582000000000001,0.21769151249999996,0.015855551481510598,0.08582000000000001
8,Neck,40,1,No Fall,0.9624423142857104,0.07371585764443808,0.768356,0.9624423142857104,0.07371585764443808,0.768356,0.9624423142857104,0.07371585764443808,0.768356,5.079073529411765,9.91723405870479,102.27000000000001,5.079073529411765,9.91723405870479,102.27000000000001,5.079073529411765,9.91723405870479,102.27000000000001,0.11690498749999982,0.05039221541551726,0.23645999999999998,0.11690498749999982,0.05039221541551726,0.23645999999999998,0.11690498749999982,0.05039221541551726,0.23645999999999998
8,Neck,40,2,No Fall,0.9696358033613457,0.042565574912759,0.7402960000000001,0.9696358033613457,0.042565574912759,0.7402960000000001,0.9696358033613457,0.042565574912759,0.7402960000000001,5.837632352941182,7.01356700474081,60.06,5.837632352941182,7.01356700474081,60.06,5.837632352941182,7.01356700474081,60.06,0.25153292499999996,0.017011374642761753,0.09967999999999999,0.25153292499999996,0.017011374642761753,0.09967999999999999,0.25153292499999996,0.017011374642761753,0.09967999999999999
8,Neck,43,1,No Fall,0.9663401630252112,0.6627720337157101,4.357108,0.9663401630252112,0.6627720337157101,4.357108,0.9663401630252112,0.6627720337157101,4.357108,6.886617647058819,34.472905468196785,429.87000000000006,6.886617647058819,34.472905468196785,429.87000000000006,6.886617647058819,34.472905468196785,429.87000000000006,0.16619819999999969,0.06187161012004434,0.25508,0.16619819999999969,0.06187161012004434,0.25508,0.16619819999999969,0.06187161012004434,0.25508
8,Neck,43,2,No Fall,0.9725461697479005,0.6422263334423485,4.001112,0.9725461697479005,0.6422263334423485,4.001112,0.9725461697479005,0.6422263334423485,4.001112,6.663161764705882,37.42067383410761,470.4000000000001,6.663161764705882,37.42067383410761,470.4000000000001,6.663161764705882,37.42067383410761,470.4000000000001,0.3434487875000005,0.028739844836143363,0.15274,0.3434487875000005,0.028739844836143363,0.15274,0.3434487875000005,0.028739844836143363,0.15274
8,Neck,43,3,No Fall,0.9680201747899169,0.6899103002634364,4.5545040000000006,0.9680201747899169,0.6899103002634364,4.5545040000000006,0.9680201747899169,0.6899103002634364,4.5545040000000006,6.455411764705862,47.02488070025792,672.98,6.455411764705862,47.02488070025792,672.98,6.455411764705862,47.02488070025792,672.98,0.22297029999999984,0.03613280623220239,0.22036,0.22297029999999984,0.03613280623220239,0.22036,0.22297029999999984,0.03613280623220239,0.22036
8,Neck,44,1,No Fall,0.9739032403361326,0.6100058690006692,4.628436000000001,0.9739032403361326,0.6100058690006692,4.628436000000001,0.9739032403361326,0.6100058690006692,4.628436000000001,3.985544117647058,36.77047894366253,449.26000000000005,3.985544117647058,36.77047894366253,449.26000000000005,3.985544117647058,36.77047894366253,449.26000000000005,0.26454041249999993,0.04695738721664281,0.32018,0.26454041249999993,0.04695738721664281,0.32018,0.26454041249999993,0.04695738721664281,0.32018
8,Neck,44,2,No Fall,0.9762404117647037,0.5364280265333955,3.482612,0.9762404117647037,0.5364280265333955,3.482612,0.9762404117647037,0.5364280265333955,3.482612,5.155808823529404,37.806538560259646,453.11000000000007,5.155808823529404,37.806538560259646,453.11000000000007,5.155808823529404,37.806538560259646,453.11000000000007,0.2068534999999999,0.04171466102391594,0.25312,0.2068534999999999,0.04171466102391594,0.25312,0.2068534999999999,0.04171466102391594,0.25312
8,Neck,44,3,No Fall,0.9672857655462173,0.6058137132388675,4.436896,0.9672857655462173,0.6058137132388675,4.436896,0.9672857655462173,0.6058137132388675,4.436896,5.709264705882363,43.89064929348553,504.49000000000007,5.709264705882363,43.89064929348553,504.49000000000007,5.709264705882363,43.89064929348553,504.49000000000007,0.19367232500000062,0.0659480873944706,0.26992,0.19367232500000062,0.0659480873944706,0.26992,0.19367232500000062,0.0659480873944706,0.26992
8,Neck,101,1,Fall,0.4766816806722707,0.46719606505403466,3.747596,0.4766816806722707,0.46719606505403466,3.747596,0.4766816806722707,0.46719606505403466,3.747596,10.252735294117604,36.64010704015493,713.3000000000001,10.252735294117604,36.64010704015493,713.3000000000001,10.252735294117604,36.64010704015493,713.3000000000001,0.3525559625000004,0.2437266238871806,0.5683999999999999,0.3525559625000004,0.2437266238871806,0.5683999999999999,0.3525559625000004,0.2437266238871806,0.5683999999999999
8,Neck,101,2,Fall,0.5534040974789926,0.4393902317223832,2.947032,0.5534040974789926,0.4393902317223832,2.947032,0.5534040974789926,0.4393902317223832,2.947032,9.5383529411764,35.691609027427894,480.48,9.5383529411764,35.691609027427894,480.48,9.5383529411764,35.691609027427894,480.48,0.3817604875,0.16868100482087303,0.47963999999999996,0.3817604875,0.16868100482087303,0.47963999999999996,0.3817604875,0.16868100482087303,0.47963999999999996
8,Neck,102,1,Fall,0.6871633596638699,0.40915726110866263,3.81006,0.6871633596638699,0.40915726110866263,3.81006,0.6871633596638699,0.40915726110866263,3.81006,3.2977647058823525,47.61117458109925,669.69,3.2977647058823525,47.61117458109925,669.69,3.2977647058823525,47.61117458109925,669.69,0.4000337250000002,0.1297160390386026,0.48425999999999997,0.4000337250000002,0.1297160390386026,0.48425999999999997,0.4000337250000002,0.1297160390386026,0.48425999999999997
8,Neck,102,2,Fall,0.7145607663865537,0.38592897613997296,3.252764,0.7145607663865537,0.38592897613997296,3.252764,0.7145607663865537,0.38592897613997296,3.252764,9.240926470588219,46.25440705413775,567.98,9.240926470588219,46.25440705413775,567.98,9.240926470588219,46.25440705413775,567.98,0.3181213875000003,0.15011689231453498,0.47754,0.3181213875000003,0.15011689231453498,0.47754,0.3181213875000003,0.15011689231453498,0.47754
8,Neck,103,1,Fall,0.5779894042016794,0.3921146914730609,3.04756,0.5779894042016794,0.3921146914730609,3.04756,0.5779894042016794,0.3921146914730609,3.04756,9.440794117646984,33.31697157036274,619.99,9.440794117646984,33.31697157036274,619.99,9.440794117646984,33.31697157036274,619.99,0.39255763749999956,0.17491183254827833,0.42769999999999997,0.39255763749999956,0.17491183254827833,0.42769999999999997,0.39255763749999956,0.17491183254827833,0.42769999999999997
8,Neck,103,2,Fall,0.5469229756302484,0.43502334017095423,5.172067999999999,0.5469229756302484,0.43502334017095423,5.172067999999999,0.5469229756302484,0.43502334017095423,5.172067999999999,9.605544117647044,44.069059565740666,989.0300000000001,9.605544117647044,44.069059565740666,989.0300000000001,9.605544117647044,44.069059565740666,989.0300000000001,0.40320559999999994,0.18238770565782236,0.5399799999999999,0.40320559999999994,0.18238770565782236,0.5399799999999999,0.40320559999999994,0.18238770565782236,0.5399799999999999
8,Neck,104,1,Fall,0.672578259663866,0.4166684221001396,2.328248,0.672578259663866,0.4166684221001396,2.328248,0.672578259663866,0.4166684221001396,2.328248,7.144852941176487,50.26970640196003,603.8900000000001,7.144852941176487,50.26970640196003,603.8900000000001,7.144852941176487,50.26970640196003,603.8900000000001,0.14855811249999998,0.24081651638288648,0.74662,0.14855811249999998,0.24081651638288648,0.74662,0.14855811249999998,0.24081651638288648,0.74662
8,Neck,104,2,Fall,0.5192306159663859,0.4976455908448294,3.079768,0.5192306159663859,0.4976455908448294,3.079768,0.5192306159663859,0.4976455908448294,3.079768,3.6037352941176444,47.72472114888146,585.34,3.6037352941176444,47.72472114888146,585.34,3.6037352941176444,47.72472114888146,585.34,0.4026989749999994,0.13428127078357352,0.41159999999999997,0.4026989749999994,0.13428127078357352,0.41159999999999997,0.4026989749999994,0.13428127078357352,0.41159999999999997
8,Neck,105,1,Fall,0.40797051176470644,0.5315731278160375,3.39038,0.40797051176470644,0.5315731278160375,3.39038,0.40797051176470644,0.5315731278160375,3.39038,7.375926470588158,41.645783688584764,760.83,7.375926470588158,41.645783688584764,760.83,7.375926470588158,41.645783688584764,760.83,-0.06869362500000001,0.12553071260946264,0.7441,-0.06869362500000001,0.12553071260946264,0.7441,-0.06869362500000001,0.12553071260946264,0.7441
8,Neck,105,2,Fall,0.4706768714285715,0.48186944373860824,2.9992479999999997,0.4706768714285715,0.48186944373860824,2.9992479999999997,0.4706768714285715,0.48186944373860824,2.9992479999999997,8.666117647058744,37.87929563374112,720.44,8.666117647058744,37.87929563374112,720.44,8.666117647058744,37.87929563374112,720.44,0.016210337499999995,0.10777123745995906,0.7121799999999999,0.016210337499999995,0.10777123745995906,0.7121799999999999,0.016210337499999995,0.10777123745995906,0.7121799999999999
8,Neck,106,1,Fall,0.7068268890756289,0.4293456993072033,4.852183999999999,0.7068268890756289,0.4293456993072033,4.852183999999999,0.7068268890756289,0.4293456993072033,4.852183999999999,10.491161764705875,51.18177749437597,839.1600000000001,10.491161764705875,51.18177749437597,839.1600000000001,10.491161764705875,51.18177749437597,839.1600000000001,0.13502676249999998,0.15870361057967594,0.7061599999999999,0.13502676249999998,0.15870361057967594,0.7061599999999999,0.13502676249999998,0.15870361057967594,0.7061599999999999
8,Neck,107,1,Fall,0.45383256722689236,0.4963765315980271,3.160288,0.45383256722689236,0.4963765315980271,3.160288,0.45383256722689236,0.4963765315980271,3.160288,1.780397058823534,33.64266979602453,412.1600000000001,1.780397058823534,33.64266979602453,412.1600000000001,1.780397058823534,33.64266979602453,412.1600000000001,0.027179249999999877,0.19014706594927608,0.5835199999999999,0.027179249999999877,0.19014706594927608,0.5835199999999999,0.027179249999999877,0.19014706594927608,0.5835199999999999
8,Neck,107,2,Fall,0.49759186554621976,0.5276416949610648,4.9724759999999995,0.49759186554621976,0.5276416949610648,4.9724759999999995,0.49759186554621976,0.5276416949610648,4.9724759999999995,1.5227205882353025,30.703154684820547,412.93000000000006,1.5227205882353025,30.703154684820547,412.93000000000006,1.5227205882353025,30.703154684820547,412.93000000000006,-0.06171383750000001,0.1289676414245359,0.38066,-0.06171383750000001,0.1289676414245359,0.38066,-0.06171383750000001,0.1289676414245359,0.38066
8,Neck,107,3,Fall,0.4911450369747911,0.5162575661975606,2.964356,0.4911450369747911,0.5162575661975606,2.964356,0.4911450369747911,0.5162575661975606,2.964356,2.055441176470588,24.281802375373008,380.31000000000006,2.055441176470588,24.281802375373008,380.31000000000006,2.055441176470588,24.281802375373008,380.31000000000006,-0.06243440000000015,0.10454918161444479,0.30967999999999996,-0.06243440000000015,0.10454918161444479,0.30967999999999996,-0.06243440000000015,0.10454918161444479,0.30967999999999996
8,Neck,107,4,Fall,0.43423752184874026,0.5650724017664785,3.2705759999999997,0.43423752184874026,0.5650724017664785,3.2705759999999997,0.43423752184874026,0.5650724017664785,3.2705759999999997,1.1832058823529394,32.917793751513464,423.15000000000003,1.1832058823529394,32.917793751513464,423.15000000000003,1.1832058823529394,32.917793751513464,423.15000000000003,-0.033598337500000026,0.12732894120555988,0.40431999999999996,-0.033598337500000026,0.12732894120555988,0.40431999999999996,-0.033598337500000026,0.12732894120555988,0.40431999999999996
8,Neck,108,1,Fall,0.7334565672268905,0.36307954955795424,2.206492,0.7334565672268905,0.36307954955795424,2.206492,0.7334565672268905,0.36307954955795424,2.206492,5.525088235294119,43.02585426888006,531.86,5.525088235294119,43.02585426888006,531.86,5.525088235294119,43.02585426888006,531.86,0.07242129999999998,0.14788195302107804,0.6880999999999999,0.07242129999999998,0.14788195302107804,0.6880999999999999,0.07242129999999998,0.14788195302107804,0.6880999999999999
8,Neck,108,2,Fall,0.8002144033613434,0.374279969570239,2.7877,0.8002144033613434,0.374279969570239,2.7877,0.8002144033613434,0.374279969570239,2.7877,4.406897058823528,58.654049108270854,942.4100000000001,4.406897058823528,58.654049108270854,942.4100000000001,4.406897058823528,58.654049108270854,942.4100000000001,0.07070560000000009,0.12964612799735067,0.6409199999999999,0.07070560000000009,0.12964612799735067,0.6409199999999999,0.07070560000000009,0.12964612799735067,0.6409199999999999
8,Neck,108,3,Fall,0.7250698873949591,0.38630532345593904,3.37208,0.7250698873949591,0.38630532345593904,3.37208,0.7250698873949591,0.38630532345593904,3.37208,5.22123529411765,49.85795068206134,624.6800000000001,5.22123529411765,49.85795068206134,624.6800000000001,5.22123529411765,49.85795068206134,624.6800000000001,0.2074264499999997,0.2064712444606772,0.7992599999999999,0.2074264499999997,0.2064712444606772,0.7992599999999999,0.2074264499999997,0.2064712444606772,0.7992599999999999
8,Neck,108,4,Fall,0.7934653941176485,0.3906296178245165,3.234708,0.7934653941176485,0.3906296178245165,3.234708,0.7934653941176485,0.3906296178245165,3.234708,5.92892647058824,51.4933202048836,734.5100000000001,5.92892647058824,51.4933202048836,734.5100000000001,5.92892647058824,51.4933202048836,734.5100000000001,-0.02456072500000002,0.095303241914554,0.56084,-0.02456072500000002,0.095303241914554,0.56084,-0.02456072500000002,0.095303241914554,0.56084
8,Neck,109,1,Fall,0.5496416277310945,0.4284731077083915,4.02234,0.5496416277310945,0.4284731077083915,4.02234,0.5496416277310945,0.4284731077083915,4.02234,1.6355000000000086,46.61680572818855,767.9000000000001,1.6355000000000086,46.61680572818855,767.9000000000001,1.6355000000000086,46.61680572818855,767.9000000000001,0.1771253750000001,0.10178661555209682,0.49629999999999996,0.1771253750000001,0.10178661555209682,0.49629999999999996,0.1771253750000001,0.10178661555209682,0.49629999999999996
8,Neck,109,2,Fall,0.6169518983193256,0.37747982410186465,3.1585799999999997,0.6169518983193256,0.37747982410186465,3.1585799999999997,0.6169518983193256,0.37747982410186465,3.1585799999999997,3.478691176470582,31.778528257208638,485.0300000000001,3.478691176470582,31.778528257208638,485.0300000000001,3.478691176470582,31.778528257208638,485.0300000000001,0.1984614625000001,0.12679969848276718,0.43876,0.1984614625000001,0.12679969848276718,0.43876,0.1984614625000001,0.12679969848276718,0.43876
8,Neck,110,1,Fall,0.7392294739495795,0.4194516417095184,3.6282799999999997,0.7392294739495795,0.4194516417095184,3.6282799999999997,0.7392294739495795,0.4194516417095184,3.6282799999999997,4.218573529411759,57.90224484837942,797.3700000000001,4.218573529411759,57.90224484837942,797.3700000000001,4.218573529411759,57.90224484837942,797.3700000000001,0.19325503750000003,0.175001213634669,0.81172,0.19325503750000003,0.175001213634669,0.81172,0.19325503750000003,0.175001213634669,0.81172
8,Neck,110,2,Fall,0.8074395714285744,0.305421262576247,2.752808,0.8074395714285744,0.305421262576247,2.752808,0.8074395714285744,0.305421262576247,2.752808,5.3926176470588265,50.812696868973134,600.3900000000001,5.3926176470588265,50.812696868973134,600.3900000000001,5.3926176470588265,50.812696868973134,600.3900000000001,0.3406971750000001,0.09895446446114682,0.5663,0.3406971750000001,0.09895446446114682,0.5663,0.3406971750000001,0.09895446446114682,0.5663
8,Neck,111,1,Fall,0.50807950840335,0.4489486430761693,1.69336,0.50807950840335,0.4489486430761693,1.69336,0.50807950840335,0.4489486430761693,1.69336,8.37241176470579,20.994898520395196,332.5,8.37241176470579,20.994898520395196,332.5,8.37241176470579,20.994898520395196,332.5,0.3338748874999996,0.23927230674504912,0.55496,0.3338748874999996,0.23927230674504912,0.55496,0.3338748874999996,0.23927230674504912,0.55496
8,Neck,112,1,Fall,0.4340668243697479,0.5079670177516723,3.9164440000000003,0.4340668243697479,0.5079670177516723,3.9164440000000003,0.4340668243697479,0.5079670177516723,3.9164440000000003,1.4387500000000024,39.91481370562255,595.6300000000001,1.4387500000000024,39.91481370562255,595.6300000000001,1.4387500000000024,39.91481370562255,595.6300000000001,0.054992000000000096,0.2255803172479949,0.7308,0.054992000000000096,0.2255803172479949,0.7308,0.054992000000000096,0.2255803172479949,0.7308
8,Neck,113,1,Fall,0.4892859722689081,0.449111220406961,4.790452,0.4892859722689081,0.449111220406961,4.790452,0.4892859722689081,0.449111220406961,4.790452,7.190838235294129,29.263423864034618,480.1300000000001,7.190838235294129,29.263423864034618,480.1300000000001,7.190838235294129,29.263423864034618,480.1300000000001,0.17699044999999977,0.09563483862469656,0.4619999999999999,0.17699044999999977,0.09563483862469656,0.4619999999999999,0.17699044999999977,0.09563483862469656,0.4619999999999999
8,Neck,113,2,Fall,0.5627707243697456,0.42507060925626633,2.69986,0.5627707243697456,0.42507060925626633,2.69986,0.5627707243697456,0.42507060925626633,2.69986,3.3833088235294166,19.696939388190078,301.07000000000005,3.3833088235294166,19.696939388190078,301.07000000000005,3.3833088235294166,19.696939388190078,301.07000000000005,0.0675989125000001,0.1347656514623669,0.36595999999999995,0.0675989125000001,0.1347656514623669,0.36595999999999995,0.0675989125000001,0.1347656514623669,0.36595999999999995
8,Neck,114,1,Fall,0.47131911428571366,0.47492847554955414,3.1449160000000003,0.47131911428571366,0.47492847554955414,3.1449160000000003,0.47131911428571366,0.47492847554955414,3.1449160000000003,9.319588235293988,34.63273285666993,497.00000000000006,9.319588235293988,34.63273285666993,497.00000000000006,9.319588235293988,34.63273285666993,497.00000000000006,0.3563098000000002,0.2399337244866825,0.6348999999999999,0.3563098000000002,0.2399337244866825,0.6348999999999999,0.3563098000000002,0.2399337244866825,0.6348999999999999
8,Neck,114,2,Fall,0.7060313773109222,0.3253378809882988,4.668696,0.7060313773109222,0.3253378809882988,4.668696,0.7060313773109222,0.3253378809882988,4.668696,8.577588235293986,39.49339219738343,766.0100000000001,8.577588235293986,39.49339219738343,766.0100000000001,8.577588235293986,39.49339219738343,766.0100000000001,0.1460006624999997,0.08978504000495582,0.5898199999999999,0.1460006624999997,0.08978504000495582,0.5898199999999999,0.1460006624999997,0.08978504000495582,0.5898199999999999
8,Neck,115,1,Fall,0.4541744747899136,0.489980813488813,3.529948,0.4541744747899136,0.489980813488813,3.529948,0.4541744747899136,0.489980813488813,3.529948,1.5452794117647053,38.24136110200988,464.52000000000004,1.5452794117647053,38.24136110200988,464.52000000000004,1.5452794117647053,38.24136110200988,464.52000000000004,0.028453425000000126,0.21288525876547704,0.70014,0.028453425000000126,0.21288525876547704,0.70014,0.028453425000000126,0.21288525876547704,0.70014
8,Neck,116,1,Fall,0.6608364773109242,0.2935549460127874,1.715808,0.6608364773109242,0.2935549460127874,1.715808,0.6608364773109242,0.2935549460127874,1.715808,5.200808823529421,36.10220902678949,507.08000000000004,5.200808823529421,36.10220902678949,507.08000000000004,5.200808823529421,36.10220902678949,507.08000000000004,0.2862075125000003,0.14727203300059177,0.5467,0.2862075125000003,0.14727203300059177,0.5467,0.2862075125000003,0.14727203300059177,0.5467
8,Neck,117,1,Fall,0.690334334453782,0.2514765879993111,1.994212,0.690334334453782,0.2514765879993111,1.994212,0.690334334453782,0.2514765879993111,1.994212,7.824249999999899,28.75283829699088,464.45000000000005,7.824249999999899,28.75283829699088,464.45000000000005,7.824249999999899,28.75283829699088,464.45000000000005,0.24594972499999998,0.09898968170269883,0.4006799999999999,0.24594972499999998,0.09898968170269883,0.4006799999999999,0.24594972499999998,0.09898968170269883,0.4006799999999999
8,Neck,118,1,Fall,0.5671278672268901,0.3678992259530932,2.5756639999999997,0.5671278672268901,0.3678992259530932,2.5756639999999997,0.5671278672268901,0.3678992259530932,2.5756639999999997,4.858029411764705,38.57698100202893,401.24,4.858029411764705,38.57698100202893,401.24,4.858029411764705,38.57698100202893,401.24,0.15061199999999977,0.2202271810677571,0.7897399999999999,0.15061199999999977,0.2202271810677571,0.7897399999999999,0.15061199999999977,0.2202271810677571,0.7897399999999999
8,Neck,119,1,Fall,-0.009398972268907804,0.6339326430623579,3.997452,-0.009398972268907804,0.6339326430623579,3.997452,-0.009398972268907804,0.6339326430623579,3.997452,7.4183970588235475,16.494603215995024,353.57000000000005,7.4183970588235475,16.494603215995024,353.57000000000005,7.4183970588235475,16.494603215995024,353.57000000000005,0.17870702500000024,0.11367467635835887,0.45402000000000003,0.17870702500000024,0.11367467635835887,0.45402000000000003,0.17870702500000024,0.11367467635835887,0.45402000000000003
8,Neck,119,2,Fall,0.6415673974789932,0.1279424126585205,2.526376,0.6415673974789932,0.1279424126585205,2.526376,0.6415673974789932,0.1279424126585205,2.526376,2.876044117647048,30.439115012745155,420.28000000000003,2.876044117647048,30.439115012745155,420.28000000000003,2.876044117647048,30.439115012745155,420.28000000000003,0.22310084999999927,0.14264195826417422,0.55384,0.22310084999999927,0.14264195826417422,0.55384,0.22310084999999927,0.14264195826417422,0.55384
8,Neck,120,1,Fall,0.6222241949579822,0.4109436659302537,4.425428,0.6222241949579822,0.4109436659302537,4.425428,0.6222241949579822,0.4109436659302537,4.425428,9.153323529411757,34.01368133208169,320.25,9.153323529411757,34.01368133208169,320.25,9.153323529411757,34.01368133208169,320.25,0.09136942499999998,0.15291927315820544,0.7301,0.09136942499999998,0.15291927315820544,0.7301,0.09136942499999998,0.15291927315820544,0.7301
8,Neck,120,2,Fall,0.7753213798319321,0.21264149825482848,2.119872,0.7753213798319321,0.21264149825482848,2.119872,0.7753213798319321,0.21264149825482848,2.119872,8.433294117647057,35.20277592777699,391.30000000000007,8.433294117647057,35.20277592777699,391.30000000000007,8.433294117647057,35.20277592777699,391.30000000000007,0.2937995375000001,0.12572166336170987,0.54348,0.2937995375000001,0.12572166336170987,0.54348,0.2937995375000001,0.12572166336170987,0.54348
8,Neck,121,1,Fall,0.5693988613445369,0.5773290025546499,3.096604,0.5693988613445369,0.5773290025546499,3.096604,0.5693988613445369,0.5773290025546499,3.096604,9.917441176470385,40.948861090291985,619.85,9.917441176470385,40.948861090291985,619.85,9.917441176470385,40.948861090291985,619.85,0.4207537250000002,0.1635188863862598,0.47418000000000005,0.4207537250000002,0.1635188863862598,0.47418000000000005,0.4207537250000002,0.1635188863862598,0.47418000000000005
8,Neck,121,2,Fall,0.5553115008403404,0.5879743006740666,3.722464,0.5553115008403404,0.5879743006740666,3.722464,0.5553115008403404,0.5879743006740666,3.722464,9.621058823529285,44.3042526935899,881.2300000000001,9.621058823529285,44.3042526935899,881.2300000000001,9.621058823529285,44.3042526935899,881.2300000000001,0.4365788875000003,0.1737280208494879,0.44086,0.4365788875000003,0.1737280208494879,0.44086,0.4365788875000003,0.1737280208494879,0.44086
8,Neck,122,1,Fall,0.7467649218487393,0.5702503663900134,3.133692,0.7467649218487393,0.5702503663900134,3.133692,0.7467649218487393,0.5702503663900134,3.133692,2.8836617647058675,54.60318775321323,717.57,2.8836617647058675,54.60318775321323,717.57,2.8836617647058675,54.60318775321323,717.57,0.29638472499999957,0.1459989064003328,0.48384,0.29638472499999957,0.1459989064003328,0.48384,0.29638472499999957,0.1459989064003328,0.48384
8,Neck,122,2,Fall,0.5236877168067212,0.769284308864531,4.99346,0.5236877168067212,0.769284308864531,4.99346,0.5236877168067212,0.769284308864531,4.99346,8.479323529411765,53.642501941514986,581.7700000000001,8.479323529411765,53.642501941514986,581.7700000000001,8.479323529411765,53.642501941514986,581.7700000000001,0.2813897625,0.2034709785839181,0.6063399999999999,0.2813897625,0.2034709785839181,0.6063399999999999,0.2813897625,0.2034709785839181,0.6063399999999999
8,Neck,123,1,Fall,0.50584711344538,0.6212038674659813,3.989888,0.50584711344538,0.6212038674659813,3.989888,0.50584711344538,0.6212038674659813,3.989888,10.081573529411488,37.71767773058313,699.72,10.081573529411488,37.71767773058313,699.72,10.081573529411488,37.71767773058313,699.72,0.3308228000000002,0.23716366200636674,0.5649,0.3308228000000002,0.23716366200636674,0.5649,0.3308228000000002,0.23716366200636674,0.5649
8,Neck,123,2,Fall,0.5154974672268919,0.6537154704835674,4.0565,0.5154974672268919,0.6537154704835674,4.0565,0.5154974672268919,0.6537154704835674,4.0565,9.902985294117508,34.51011488280557,484.75000000000006,9.902985294117508,34.51011488280557,484.75000000000006,9.902985294117508,34.51011488280557,484.75000000000006,0.33801127499999983,0.22865223020749506,0.57456,0.33801127499999983,0.22865223020749506,0.57456,0.33801127499999983,0.22865223020749506,0.57456
8,Neck,124,1,Fall,0.7583390823529419,0.5591900897049181,3.153456,0.7583390823529419,0.5591900897049181,3.153456,0.7583390823529419,0.5591900897049181,3.153456,6.993617647058807,50.31466796366009,682.2900000000001,6.993617647058807,50.31466796366009,682.2900000000001,6.993617647058807,50.31466796366009,682.2900000000001,0.16026657500000002,0.18343251182728335,0.65282,0.16026657500000002,0.18343251182728335,0.65282,0.16026657500000002,0.18343251182728335,0.65282
8,Neck,124,2,Fall,0.672620959663867,0.6307324985739317,3.561668,0.672620959663867,0.6307324985739317,3.561668,0.672620959663867,0.6307324985739317,3.561668,5.540485294117677,48.20414877961143,536.34,5.540485294117677,48.20414877961143,536.34,5.540485294117677,48.20414877961143,536.34,0.3179719375000006,0.12691868688818828,0.45821999999999996,0.3179719375000006,0.12691868688818828,0.45821999999999996,0.3179719375000006,0.12691868688818828,0.45821999999999996
8,Neck,125,1,Fall,0.5821005478991609,0.528228606366132,2.760128,0.5821005478991609,0.528228606366132,2.760128,0.5821005478991609,0.528228606366132,2.760128,6.681676470588252,36.924489316555885,488.74,6.681676470588252,36.924489316555885,488.74,6.681676470588252,36.924489316555885,488.74,0.164143175,0.1181242175959634,0.64834,0.164143175,0.1181242175959634,0.64834,0.164143175,0.1181242175959634,0.64834
8,Neck,125,2,Fall,0.6663507747899172,0.529457984412874,3.492616,0.6663507747899172,0.529457984412874,3.492616,0.6663507747899172,0.529457984412874,3.492616,7.339205882352859,38.949179768827214,554.12,7.339205882352859,38.949179768827214,554.12,7.339205882352859,38.949179768827214,554.12,0.16156682499999994,0.09227578183014544,0.64638,0.16156682499999994,0.09227578183014544,0.64638,0.16156682499999994,0.09227578183014544,0.64638
8,Neck,126,2,Fall,0.7529115176470587,0.5670066125356246,4.217784,0.7529115176470587,0.5670066125356246,4.217784,0.7529115176470587,0.5670066125356246,4.217784,13.588867647058791,57.182339367430316,775.95,13.588867647058791,57.182339367430316,775.95,13.588867647058791,57.182339367430316,775.95,0.17593476249999968,0.19109197696294256,0.65408,0.17593476249999968,0.19109197696294256,0.65408,0.17593476249999968,0.19109197696294256,0.65408
8,Neck,127,1,Fall,0.09569152016806705,0.24934302360717248,3.40136,0.09569152016806705,0.24934302360717248,3.40136,0.09569152016806705,0.24934302360717248,3.40136,6.000249999999993,21.819890744641878,467.88000000000005,6.000249999999993,21.819890744641878,467.88000000000005,6.000249999999993,21.819890744641878,467.88000000000005,0.03993351250000005,0.09959151627515053,0.41425999999999996,0.03993351250000005,0.09959151627515053,0.41425999999999996,0.03993351250000005,0.09959151627515053,0.41425999999999996
8,Neck,127,2,Fall,0.1953860756302528,0.37135439759845856,2.634468,0.1953860756302528,0.37135439759845856,2.634468,0.1953860756302528,0.37135439759845856,2.634468,1.7140441176470587,19.811032254833357,418.88,1.7140441176470587,19.811032254833357,418.88,1.7140441176470587,19.811032254833357,418.88,0.0001149750000000069,0.12407876303944088,0.37729999999999997,0.0001149750000000069,0.12407876303944088,0.37729999999999997,0.0001149750000000069,0.12407876303944088,0.37729999999999997
8,Neck,128,1,Fall,-0.0028571067226876826,0.6817799541335994,3.167608,-0.0028571067226876826,0.6817799541335994,3.167608,-0.0028571067226876826,0.6817799541335994,3.167608,12.107308823529442,32.95977538147543,421.54,12.107308823529442,32.95977538147543,421.54,12.107308823529442,32.95977538147543,421.54,0.13214223749999998,0.1482386551292887,0.7467599999999999,0.13214223749999998,0.1482386551292887,0.7467599999999999,0.13214223749999998,0.1482386551292887,0.7467599999999999
8,Neck,128,2,Fall,0.06967727563025343,0.8063009988139596,6.458436,0.06967727563025343,0.8063009988139596,6.458436,0.06967727563025343,0.8063009988139596,6.458436,1.8938382352941225,44.40489244055402,1262.2400000000002,1.8938382352941225,44.40489244055402,1262.2400000000002,1.8938382352941225,44.40489244055402,1262.2400000000002,0.05877418749999997,0.11906272243395795,0.49434,0.05877418749999997,0.11906272243395795,0.49434,0.05877418749999997,0.11906272243395795,0.49434
8,Neck,129,1,Fall,0.46754090756302696,0.43992440063974386,2.306532,0.46754090756302696,0.43992440063974386,2.306532,0.46754090756302696,0.43992440063974386,2.306532,9.86414705882339,22.71498850868245,513.6600000000001,9.86414705882339,22.71498850868245,513.6600000000001,9.86414705882339,22.71498850868245,513.6600000000001,0.39425049999999956,0.0571161226749364,0.2632,0.39425049999999956,0.0571161226749364,0.2632,0.39425049999999956,0.0571161226749364,0.2632
8,Neck,130,1,Fall,0.4693112915966407,0.5133276700979092,3.6780559999999998,0.4693112915966407,0.5133276700979092,3.6780559999999998,0.4693112915966407,0.5133276700979092,3.6780559999999998,1.041779411764705,30.906424981775636,354.55,1.041779411764705,30.906424981775636,354.55,1.041779411764705,30.906424981775636,354.55,-0.011879087500000069,0.14782201633125383,0.4543,-0.011879087500000069,0.14782201633125383,0.4543,-0.011879087500000069,0.14782201633125383,0.4543
8,Neck,131,1,Fall,0.5537732756302508,0.42746881251404767,4.545964,0.5537732756302508,0.42746881251404767,4.545964,0.5537732756302508,0.42746881251404767,4.545964,2.206661764705883,26.185865495839746,374.29,2.206661764705883,26.185865495839746,374.29,2.206661764705883,26.185865495839746,374.29,0.23520350000000004,0.06964404279035723,0.3675,0.23520350000000004,0.06964404279035723,0.3675,0.23520350000000004,0.06964404279035723,0.3675
8,Neck,131,2,Fall,0.5917956521008387,0.3377436427780055,2.008608,0.5917956521008387,0.3377436427780055,2.008608,0.5917956521008387,0.3377436427780055,2.008608,7.210838235294095,13.445825264856154,248.29000000000002,7.210838235294095,13.445825264856154,248.29000000000002,7.210838235294095,13.445825264856154,248.29000000000002,0.24508251249999982,0.08804838662593134,0.40712,0.24508251249999982,0.08804838662593134,0.40712,0.24508251249999982,0.08804838662593134,0.40712
8,Neck,132,1,Fall,0.6309605226890752,0.3275253383985064,2.855532,0.6309605226890752,0.3275253383985064,2.855532,0.6309605226890752,0.3275253383985064,2.855532,8.67966176470585,23.554421056883456,511.98,8.67966176470585,23.554421056883456,511.98,8.67966176470585,23.554421056883456,511.98,0.38794463749999997,0.17751874237155002,0.42868,0.38794463749999997,0.17751874237155002,0.42868,0.38794463749999997,0.17751874237155002,0.42868
8,Neck,133,1,Fall,0.41728167478991474,0.5511235661452579,2.818932,0.41728167478991474,0.5511235661452579,2.818932,0.41728167478991474,0.5511235661452579,2.818932,0.7932941176470674,31.469777993983175,363.02,0.7932941176470674,31.469777993983175,363.02,0.7932941176470674,31.469777993983175,363.02,-0.04104292499999999,0.14928568873131098,0.4032,-0.04104292499999999,0.14928568873131098,0.4032,-0.04104292499999999,0.14928568873131098,0.4032
8,Neck,134,1,Fall,0.3472834058823527,0.6287194200670985,6.744648,0.3472834058823527,0.6287194200670985,6.744648,0.3472834058823527,0.6287194200670985,6.744648,5.592249999999991,16.348804516541747,278.53000000000003,5.592249999999991,16.348804516541747,278.53000000000003,5.592249999999991,16.348804516541747,278.53000000000003,0.17611352500000022,0.09053259529214214,0.3969,0.17611352500000022,0.09053259529214214,0.3969,0.17611352500000022,0.09053259529214214,0.3969
8,Neck,134,2,Fall,0.560626036134456,0.39885001956981864,3.5150639999999997,0.560626036134456,0.39885001956981864,3.5150639999999997,0.560626036134456,0.39885001956981864,3.5150639999999997,4.093411764705877,20.39105177772858,353.50000000000006,4.093411764705877,20.39105177772858,353.50000000000006,4.093411764705877,20.39105177772858,353.50000000000006,0.021748562499999992,0.09415642966475056,0.39424,0.021748562499999992,0.09415642966475056,0.39424,0.021748562499999992,0.09415642966475056,0.39424
8,Neck,135,1,Fall,0.7845744134453826,0.18091086848604235,3.4120959999999996,0.7845744134453826,0.18091086848604235,3.4120959999999996,0.7845744134453826,0.18091086848604235,3.4120959999999996,3.7715588235294186,12.574779628824368,174.86,3.7715588235294186,12.574779628824368,174.86,3.7715588235294186,12.574779628824368,174.86,-0.10121825,0.08477185272731604,0.25676,-0.10121825,0.08477185272731604,0.25676,-0.10121825,0.08477185272731604,0.25676
8,Neck,135,2,Fall,0.7699578394957984,0.2183711581021781,3.7632120000000002,0.7699578394957984,0.2183711581021781,3.7632120000000002,0.7699578394957984,0.2183711581021781,3.7632120000000002,3.2490000000000077,15.888435977876284,220.15000000000003,3.2490000000000077,15.888435977876284,220.15000000000003,3.2490000000000077,15.888435977876284,220.15000000000003,-0.11248798750000005,0.1022379487460612,0.25255999999999995,-0.11248798750000005,0.1022379487460612,0.25255999999999995,-0.11248798750000005,0.1022379487460612,0.25255999999999995
9,Neck,13,1,No Fall,0.9458282210084004,0.13762924598237328,2.410476,0.9458282210084004,0.13762924598237328,2.410476,0.9458282210084004,0.13762924598237328,2.410476,3.533499999999993,30.919506573000465,599.1300000000001,3.533499999999993,30.919506573000465,599.1300000000001,3.533499999999993,30.919506573000465,599.1300000000001,0.17988153749999994,0.11600233549388632,0.5907999999999999,0.17988153749999994,0.11600233549388632,0.5907999999999999,0.17988153749999994,0.11600233549388632,0.5907999999999999
9,Neck,13,2,No Fall,0.9476619117647069,0.10921980306701193,3.575332,0.9476619117647069,0.10921980306701193,3.575332,0.9476619117647069,0.10921980306701193,3.575332,5.830500000000005,27.026480273539985,721.7700000000001,5.830500000000005,27.026480273539985,721.7700000000001,5.830500000000005,27.026480273539985,721.7700000000001,0.18664869999999986,0.10127761941777591,0.5480999999999999,0.18664869999999986,0.10127761941777591,0.5480999999999999,0.18664869999999986,0.10127761941777591,0.5480999999999999
9,Neck,13,3,No Fall,0.9410537663865562,0.15430684768515376,1.310768,0.9410537663865562,0.15430684768515376,1.310768,0.9410537663865562,0.15430684768515376,1.310768,7.503823529411758,26.325359160831567,323.26,7.503823529411758,26.325359160831567,323.26,7.503823529411758,26.325359160831567,323.26,0.3102802500000006,0.171812683228746,0.5446,0.3102802500000006,0.171812683228746,0.5446,0.3102802500000006,0.171812683228746,0.5446
9,Neck,13,4,No Fall,0.9658950168067244,0.03428524963014022,0.825696,0.9658950168067244,0.03428524963014022,0.825696,0.9658950168067244,0.03428524963014022,0.825696,5.652926470588248,11.314054827184744,121.73000000000002,5.652926470588248,11.314054827184744,121.73000000000002,5.652926470588248,11.314054827184744,121.73000000000002,0.28919668750000055,0.04529974095244718,0.30435999999999996,0.28919668750000055,0.04529974095244718,0.30435999999999996,0.28919668750000055,0.04529974095244718,0.30435999999999996
9,Neck,13,5,No Fall,0.9572348109243676,0.17198072718878607,1.8734319999999998,0.9572348109243676,0.17198072718878607,1.8734319999999998,0.9572348109243676,0.17198072718878607,1.8734319999999998,6.937455882352942,33.95066708322904,456.47,6.937455882352942,33.95066708322904,456.47,6.937455882352942,33.95066708322904,456.47,0.2569097999999996,0.13448343719677966,0.5635,0.2569097999999996,0.13448343719677966,0.5635,0.2569097999999996,0.13448343719677966,0.5635
9,Neck,13,6,No Fall,0.946040900840338,0.09728646604865693,2.99266,0.946040900840338,0.09728646604865693,2.99266,0.946040900840338,0.09728646604865693,2.99266,4.6745882352941175,26.764063087562494,650.7900000000001,4.6745882352941175,26.764063087562494,650.7900000000001,4.6745882352941175,26.764063087562494,650.7900000000001,0.26104225000000025,0.07277397608475505,0.34538,0.26104225000000025,0.07277397608475505,0.34538,0.26104225000000025,0.07277397608475505,0.34538
9,Neck,13,7,No Fall,0.9041069378151261,0.16480664393464883,1.191208,0.9041069378151261,0.16480664393464883,1.191208,0.9041069378151261,0.16480664393464883,1.191208,8.355882352941151,24.33772773017873,210.98000000000002,8.355882352941151,24.33772773017873,210.98000000000002,8.355882352941151,24.33772773017873,210.98000000000002,0.33466606250000047,0.19162717266559828,0.57442,0.33466606250000047,0.19162717266559828,0.57442,0.33466606250000047,0.19162717266559828,0.57442
9,Neck,13,8,No Fall,0.9211062537815149,0.06305592444634067,0.9113399999999999,0.9211062537815149,0.06305592444634067,0.9113399999999999,0.9211062537815149,0.06305592444634067,0.9113399999999999,6.427044117647082,18.462629564079204,257.25,6.427044117647082,18.462629564079204,257.25,6.427044117647082,18.462629564079204,257.25,0.3852874374999995,0.11452340497628945,0.44071999999999995,0.3852874374999995,0.11452340497628945,0.44071999999999995,0.3852874374999995,0.11452340497628945,0.44071999999999995
9,Neck,13,9,No Fall,0.9460180899159644,0.18150616871378003,2.229672,0.9460180899159644,0.18150616871378003,2.229672,0.9460180899159644,0.18150616871378003,2.229672,5.871176470588226,37.4591451337654,685.6500000000001,5.871176470588226,37.4591451337654,685.6500000000001,5.871176470588226,37.4591451337654,685.6500000000001,0.2651184374999998,0.13364319641034966,0.55482,0.2651184374999998,0.13364319641034966,0.55482,0.2651184374999998,0.13364319641034966,0.55482
9,Neck,13,10,No Fall,0.9568329798319317,0.08722613934501067,1.738988,0.9568329798319317,0.08722613934501067,1.738988,0.9568329798319317,0.08722613934501067,1.738988,5.454794117647068,29.870146605015737,627.5500000000001,5.454794117647068,29.870146605015737,627.5500000000001,5.454794117647068,29.870146605015737,627.5500000000001,0.3132301374999998,0.05399704774994339,0.35181999999999997,0.3132301374999998,0.05399704774994339,0.35181999999999997,0.3132301374999998,0.05399704774994339,0.35181999999999997
9,Neck,13,11,No Fall,0.9042169428571404,0.14978941970496845,1.216828,0.9042169428571404,0.14978941970496845,1.216828,0.9042169428571404,0.14978941970496845,1.216828,9.690911764705831,27.60774362716022,221.97000000000003,9.690911764705831,27.60774362716022,221.97000000000003,9.690911764705831,27.60774362716022,221.97000000000003,0.3277642375000002,0.18376071442748002,0.5696599999999999,0.3277642375000002,0.18376071442748002,0.5696599999999999,0.3277642375000002,0.18376071442748002,0.5696599999999999
9,Neck,13,12,No Fall,0.9011044563025243,0.09337942105992725,1.2578200000000002,0.9011044563025243,0.09337942105992725,1.2578200000000002,0.9011044563025243,0.09337942105992725,1.2578200000000002,7.905911764705876,21.40928899208605,305.06000000000006,7.905911764705876,21.40928899208605,305.06000000000006,7.905911764705876,21.40928899208605,305.06000000000006,0.39889228749999944,0.09538376762962256,0.40754,0.39889228749999944,0.09538376762962256,0.40754,0.39889228749999944,0.09538376762962256,0.40754
9,Neck,14,1,No Fall,0.9515826226890789,0.13958681138483517,1.3795760000000001,0.9515826226890789,0.13958681138483517,1.3795760000000001,0.9515826226890789,0.13958681138483517,1.3795760000000001,5.622544117647073,24.560996171697763,286.86,5.622544117647073,24.560996171697763,286.86,5.622544117647073,24.560996171697763,286.86,0.2074166499999999,0.12115130335542391,0.56616,0.2074166499999999,0.12115130335542391,0.56616,0.2074166499999999,0.12115130335542391,0.56616
9,Neck,14,2,No Fall,0.9615244436974812,0.03859316637337551,0.6995480000000001,0.9615244436974812,0.03859316637337551,0.6995480000000001,0.9615244436974812,0.03859316637337551,0.6995480000000001,5.96727941176471,16.94164863004562,288.82000000000005,5.96727941176471,16.94164863004562,288.82000000000005,5.96727941176471,16.94164863004562,288.82000000000005,0.28981890000000016,0.04518145784913712,0.29162,0.28981890000000016,0.04518145784913712,0.29162,0.28981890000000016,0.04518145784913712,0.29162
9,Neck,14,3,No Fall,0.9458107411764727,0.13301331608139766,1.080188,0.9458107411764727,0.13301331608139766,1.080188,0.9458107411764727,0.13301331608139766,1.080188,4.490264705882348,22.590962141306534,293.02000000000004,4.490264705882348,22.590962141306534,293.02000000000004,4.490264705882348,22.590962141306534,293.02000000000004,0.30920627500000003,0.17181882478928018,0.5566399999999999,0.30920627500000003,0.17181882478928018,0.5566399999999999,0.30920627500000003,0.17181882478928018,0.5566399999999999
9,Neck,14,4,No Fall,0.9663384201680684,0.02168379635282009,0.31256400000000006,0.9663384201680684,0.02168379635282009,0.31256400000000006,0.9663384201680684,0.02168379635282009,0.31256400000000006,5.019455882352917,9.74258686604069,98.98000000000002,5.019455882352917,9.74258686604069,98.98000000000002,5.019455882352917,9.74258686604069,98.98000000000002,0.3034071250000007,0.03105791217914453,0.20285999999999998,0.3034071250000007,0.03105791217914453,0.20285999999999998,0.3034071250000007,0.03105791217914453,0.20285999999999998
9,Neck,14,5,No Fall,0.9492956352941184,0.1663648287649669,1.556964,0.9492956352941184,0.1663648287649669,1.556964,0.9492956352941184,0.1663648287649669,1.556964,4.291235294117656,30.991145515871064,450.7300000000001,4.291235294117656,30.991145515871064,450.7300000000001,4.291235294117656,30.991145515871064,450.7300000000001,0.2606312625000001,0.142946950187862,0.58324,0.2606312625000001,0.142946950187862,0.58324,0.2606312625000001,0.142946950187862,0.58324
9,Neck,14,6,No Fall,0.9469993184873986,0.07004118353987553,1.146556,0.9469993184873986,0.07004118353987553,1.146556,0.9469993184873986,0.07004118353987553,1.146556,6.296764705882349,20.126815237660896,352.1700000000001,6.296764705882349,20.126815237660896,352.1700000000001,6.296764705882349,20.126815237660896,352.1700000000001,0.28238490000000027,0.06413271157470035,0.33011999999999997,0.28238490000000027,0.06413271157470035,0.33011999999999997,0.28238490000000027,0.06413271157470035,0.33011999999999997
9,Neck,14,7,No Fall,0.8934176361344524,0.16636090417141025,1.276852,0.8934176361344524,0.16636090417141025,1.276852,0.8934176361344524,0.16636090417141025,1.276852,6.00661764705881,24.715239901913634,295.47,6.00661764705881,24.715239901913634,295.47,6.00661764705881,24.715239901913634,295.47,0.357676462499999,0.18628292310323566,0.5942999999999999,0.357676462499999,0.18628292310323566,0.5942999999999999,0.357676462499999,0.18628292310323566,0.5942999999999999
9,Neck,14,8,No Fall,0.9275949621848721,0.05320998035341266,0.4399319999999999,0.9275949621848721,0.05320998035341266,0.4399319999999999,0.9275949621848721,0.05320998035341266,0.4399319999999999,4.5670735294117675,14.973134485522806,257.25,4.5670735294117675,14.973134485522806,257.25,4.5670735294117675,14.973134485522806,257.25,0.41609128750000024,0.07153330865580647,0.25704,0.41609128750000024,0.07153330865580647,0.25704,0.41609128750000024,0.07153330865580647,0.25704
9,Neck,14,9,No Fall,0.9482545344537806,0.17470749401053737,2.229672,0.9482545344537806,0.17470749401053737,2.229672,0.9482545344537806,0.17470749401053737,2.229672,3.760308823529406,35.01236656573378,685.6500000000001,3.760308823529406,35.01236656573378,685.6500000000001,3.760308823529406,35.01236656573378,685.6500000000001,0.26685636249999967,0.13692651484486423,0.5497799999999999,0.26685636249999967,0.13692651484486423,0.5497799999999999,0.26685636249999967,0.13692651484486423,0.5497799999999999
9,Neck,14,10,No Fall,0.9407406672268932,0.054011620425682576,0.6439159999999999,0.9407406672268932,0.054011620425682576,0.6439159999999999,0.9407406672268932,0.054011620425682576,0.6439159999999999,6.197897058823514,16.297383686793886,245.63000000000005,6.197897058823514,16.297383686793886,245.63000000000005,6.197897058823514,16.297383686793886,245.63000000000005,0.27785765000000007,0.07109449835456805,0.35629999999999995,0.27785765000000007,0.07109449835456805,0.35629999999999995,0.27785765000000007,0.07109449835456805,0.35629999999999995
9,Neck,14,11,No Fall,0.9125054075630252,0.15737911446378386,1.2805119999999999,0.9125054075630252,0.15737911446378386,1.2805119999999999,0.9125054075630252,0.15737911446378386,1.2805119999999999,5.860529411764701,27.520292011204866,379.47,5.860529411764701,27.520292011204866,379.47,5.860529411764701,27.520292011204866,379.47,0.3269792749999999,0.18844763099331147,0.59598,0.3269792749999999,0.18844763099331147,0.59598,0.3269792749999999,0.18844763099331147,0.59598
9,Neck,14,12,No Fall,0.9038184949579839,0.09013460733347631,1.0043039999999999,0.9038184949579839,0.09013460733347631,1.0043039999999999,0.9038184949579839,0.09013460733347631,1.0043039999999999,3.4885735294117657,21.674129340470056,326.83000000000004,3.4885735294117657,21.674129340470056,326.83000000000004,3.4885735294117657,21.674129340470056,326.83000000000004,0.40769496249999954,0.07311605599593934,0.26278,0.40769496249999954,0.07311605599593934,0.26278,0.40769496249999954,0.07311605599593934,0.26278
9,Neck,15,1,No Fall,0.9582585344537805,0.19228859003892404,5.185243999999999,0.9582585344537805,0.19228859003892404,5.185243999999999,0.9582585344537805,0.19228859003892404,5.185243999999999,7.257852941176467,33.357187749336234,780.1500000000001,7.257852941176467,33.357187749336234,780.1500000000001,7.257852941176467,33.357187749336234,780.1500000000001,0.2722600999999999,0.04822416820941224,0.27552,0.2722600999999999,0.04822416820941224,0.27552,0.2722600999999999,0.04822416820941224,0.27552
9,Neck,15,2,No Fall,0.9396434873949577,0.1630901213391714,5.577596,0.9396434873949577,0.1630901213391714,5.577596,0.9396434873949577,0.1630901213391714,5.577596,5.777102941176456,34.94608691965254,1084.3700000000001,5.777102941176456,34.94608691965254,1084.3700000000001,5.777102941176456,34.94608691965254,1084.3700000000001,0.23523780000000033,0.05683863828780122,0.34216,0.23523780000000033,0.05683863828780122,0.34216,0.23523780000000033,0.05683863828780122,0.34216
9,Neck,15,3,No Fall,0.9486449344537803,0.13325668450093348,4.68114,0.9486449344537803,0.13325668450093348,4.68114,0.9486449344537803,0.13325668450093348,4.68114,5.131279411764723,33.987191996027406,954.0300000000001,5.131279411764723,33.987191996027406,954.0300000000001,5.131279411764723,33.987191996027406,954.0300000000001,0.2690012500000003,0.06616542339825927,0.3404799999999999,0.2690012500000003,0.06616542339825927,0.3404799999999999,0.2690012500000003,0.06616542339825927,0.3404799999999999
9,Neck,16,1,No Fall,0.5097136420168086,0.4661718009333841,2.773548,0.5097136420168086,0.4661718009333841,2.773548,0.5097136420168086,0.4661718009333841,2.773548,3.9215294117646997,26.048950250123422,503.44000000000005,3.9215294117646997,26.048950250123422,503.44000000000005,3.9215294117646997,26.048950250123422,503.44000000000005,-0.015200412499999889,0.24590644333847145,0.7727999999999999,-0.015200412499999889,0.24590644333847145,0.7727999999999999,-0.015200412499999889,0.24590644333847145,0.7727999999999999
9,Neck,16,2,No Fall,0.49642281848739306,0.500159325195328,2.247484,0.49642281848739306,0.500159325195328,2.247484,0.49642281848739306,0.500159325195328,2.247484,2.3233088235294064,33.61814099419318,601.44,2.3233088235294064,33.61814099419318,601.44,2.3233088235294064,33.61814099419318,601.44,-0.0002661750000000297,0.23445240709868126,0.7540399999999999,-0.0002661750000000297,0.23445240709868126,0.7540399999999999,-0.0002661750000000297,0.23445240709868126,0.7540399999999999
9,Neck,16,3,No Fall,0.5078220781512603,0.47099578269420683,2.134268,0.5078220781512603,0.47099578269420683,2.134268,0.5078220781512603,0.47099578269420683,2.134268,7.49127941176465,29.226022522747826,407.96000000000004,7.49127941176465,29.226022522747826,407.96000000000004,7.49127941176465,29.226022522747826,407.96000000000004,0.10511558750000015,0.16842258838841806,0.51842,0.10511558750000015,0.16842258838841806,0.51842,0.10511558750000015,0.16842258838841806,0.51842
9,Neck,16,4,No Fall,0.4619002529411757,0.5283130789532059,2.0742439999999998,0.4619002529411757,0.5283130789532059,2.0742439999999998,0.4619002529411757,0.5283130789532059,2.0742439999999998,6.609308823529318,22.58860470546206,363.30000000000007,6.609308823529318,22.58860470546206,363.30000000000007,6.609308823529318,22.58860470546206,363.30000000000007,0.11696422499999977,0.08492209421554033,0.44855999999999996,0.11696422499999977,0.08492209421554033,0.44855999999999996,0.11696422499999977,0.08492209421554033,0.44855999999999996
9,Neck,16,5,No Fall,0.6309124915966382,0.34346557110533527,1.8199960000000002,0.6309124915966382,0.34346557110533527,1.8199960000000002,0.6309124915966382,0.34346557110533527,1.8199960000000002,7.217911764705843,32.686146025060935,617.61,7.217911764705843,32.686146025060935,617.61,7.217911764705843,32.686146025060935,617.61,0.07994840000000009,0.16029371578922222,0.65604,0.07994840000000009,0.16029371578922222,0.65604,0.07994840000000009,0.16029371578922222,0.65604
9,Neck,16,6,No Fall,0.4459594151260477,0.5164876273395214,1.6889679999999998,0.4459594151260477,0.5164876273395214,1.6889679999999998,0.4459594151260477,0.5164876273395214,1.6889679999999998,2.908720588235294,19.083051660197427,391.23,2.908720588235294,19.083051660197427,391.23,2.908720588235294,19.083051660197427,391.23,-0.017798199999999927,0.2271752865333666,0.69622,-0.017798199999999927,0.2271752865333666,0.69622,-0.017798199999999927,0.2271752865333666,0.69622
9,Neck,17,1,No Fall,0.07133401512605024,0.10605243954176086,0.9028,0.07133401512605024,0.10605243954176086,0.9028,0.07133401512605024,0.10605243954176086,0.9028,4.749749999999952,10.85341905727014,186.62,4.749749999999952,10.85341905727014,186.62,4.749749999999952,10.85341905727014,186.62,0.17185936249999997,0.38360415820114857,0.8531599999999999,0.17185936249999997,0.38360415820114857,0.8531599999999999,0.17185936249999997,0.38360415820114857,0.8531599999999999
9,Neck,17,2,No Fall,0.006200829411764711,0.08023977023970351,0.638304,0.006200829411764711,0.08023977023970351,0.638304,0.006200829411764711,0.08023977023970351,0.638304,5.238279411764719,15.572926386131227,336.70000000000005,5.238279411764719,15.572926386131227,336.70000000000005,5.238279411764719,15.572926386131227,336.70000000000005,0.17691782499999983,0.4146410081278532,0.9038399999999999,0.17691782499999983,0.4146410081278532,0.9038399999999999,0.17691782499999983,0.4146410081278532,0.9038399999999999
9,Neck,17,3,No Fall,-0.16879848235294065,0.2841437774194882,2.301652,-0.16879848235294065,0.2841437774194882,2.301652,-0.16879848235294065,0.2841437774194882,2.301652,1.7273088235294125,27.077785641211005,362.18000000000006,1.7273088235294125,27.077785641211005,362.18000000000006,1.7273088235294125,27.077785641211005,362.18000000000006,0.028748737500000034,0.12832723233205337,0.4537399999999999,0.028748737500000034,0.12832723233205337,0.4537399999999999,0.028748737500000034,0.12832723233205337,0.4537399999999999
9,Neck,17,4,No Fall,-0.15820637058823567,0.11891644046236764,1.2975919999999999,-0.15820637058823567,0.11891644046236764,1.2975919999999999,-0.15820637058823567,0.11891644046236764,1.2975919999999999,3.567897058823542,19.946037104800556,270.13,3.567897058823542,19.946037104800556,270.13,3.567897058823542,19.946037104800556,270.13,0.06324955000000004,0.10776503829615547,0.44492,0.06324955000000004,0.10776503829615547,0.44492,0.06324955000000004,0.10776503829615547,0.44492
9,Neck,17,5,No Fall,0.19847498235294075,0.13502957994378645,1.233664,0.19847498235294075,0.13502957994378645,1.233664,0.19847498235294075,0.13502957994378645,1.233664,1.8098676470588275,24.52309366039054,416.15000000000003,1.8098676470588275,24.52309366039054,416.15000000000003,1.8098676470588275,24.52309366039054,416.15000000000003,0.31719502499999996,0.3569259018373087,0.9475199999999999,0.31719502499999996,0.3569259018373087,0.9475199999999999,0.31719502499999996,0.3569259018373087,0.9475199999999999
9,Neck,17,6,No Fall,-0.032991619327730495,0.16996661238706617,1.7082439999999999,-0.032991619327730495,0.16996661238706617,1.7082439999999999,-0.032991619327730495,0.16996661238706617,1.7082439999999999,6.645602941176434,26.02370266129973,469.28000000000003,6.645602941176434,26.02370266129973,469.28000000000003,6.645602941176434,26.02370266129973,469.28000000000003,0.10239871250000016,0.3573388316478767,0.7999599999999999,0.10239871250000016,0.3573388316478767,0.7999599999999999,0.10239871250000016,0.3573388316478767,0.7999599999999999
9,Neck,18,1,No Fall,0.5838692915966397,0.39544401648445704,2.553216,0.5838692915966397,0.39544401648445704,2.553216,0.5838692915966397,0.39544401648445704,2.553216,2.177852941176477,30.395355101349672,418.11,2.177852941176477,30.395355101349672,418.11,2.177852941176477,30.395355101349672,418.11,0.37236045000000023,0.178563591626223,0.5737199999999999,0.37236045000000023,0.178563591626223,0.5737199999999999,0.37236045000000023,0.178563591626223,0.5737199999999999
9,Neck,18,2,No Fall,0.5627844109243708,0.43433341641691425,1.4278879999999998,0.5627844109243708,0.43433341641691425,1.4278879999999998,0.5627844109243708,0.43433341641691425,1.4278879999999998,8.461573529411785,27.89529344473332,406.56000000000006,8.461573529411785,27.89529344473332,406.56000000000006,8.461573529411785,27.89529344473332,406.56000000000006,0.4050224500000004,0.15253178659446223,0.4374999999999999,0.4050224500000004,0.15253178659446223,0.4374999999999999,0.4050224500000004,0.15253178659446223,0.4374999999999999
9,Neck,18,3,No Fall,0.17968118991596735,0.6515841688623887,2.392908,0.17968118991596735,0.6515841688623887,2.392908,0.17968118991596735,0.6515841688623887,2.392908,8.310323529411782,29.48176547396039,312.55,8.310323529411782,29.48176547396039,312.55,8.310323529411782,29.48176547396039,312.55,0.20521724999999968,0.10181257097083989,0.4730599999999999,0.20521724999999968,0.10181257097083989,0.4730599999999999,0.20521724999999968,0.10181257097083989,0.4730599999999999
9,Neck,18,4,No Fall,0.3466608983193277,0.5543989800806652,2.266516,0.3466608983193277,0.5543989800806652,2.266516,0.3466608983193277,0.5543989800806652,2.266516,8.093544117647056,26.890368880693416,403.97,8.093544117647056,26.890368880693416,403.97,8.093544117647056,26.890368880693416,403.97,0.17376187499999976,0.11035674547135194,0.5795999999999999,0.17376187499999976,0.11035674547135194,0.5795999999999999,0.17376187499999976,0.11035674547135194,0.5795999999999999
9,Neck,18,5,No Fall,0.5394331495798329,0.36691938476873853,1.4884,0.5394331495798329,0.36691938476873853,1.4884,0.5394331495798329,0.36691938476873853,1.4884,0.631117647058834,29.69886604553173,290.01000000000005,0.631117647058834,29.69886604553173,290.01000000000005,0.631117647058834,29.69886604553173,290.01000000000005,0.45549174999999964,0.22910979846087287,0.64582,0.45549174999999964,0.22910979846087287,0.64582,0.45549174999999964,0.22910979846087287,0.64582
9,Neck,18,6,No Fall,0.556655141176471,0.458583040220627,1.869772,0.556655141176471,0.458583040220627,1.869772,0.556655141176471,0.458583040220627,1.869772,2.782514705882352,24.852372071138277,369.32000000000005,2.782514705882352,24.852372071138277,369.32000000000005,2.782514705882352,24.852372071138277,369.32000000000005,0.2736228250000004,0.1805360884658338,0.45402,0.2736228250000004,0.1805360884658338,0.45402,0.2736228250000004,0.1805360884658338,0.45402
9,Neck,19,1,No Fall,0.9402247815126095,0.1771255670083787,1.4156879999999998,0.9402247815126095,0.1771255670083787,1.4156879999999998,0.9402247815126095,0.1771255670083787,1.4156879999999998,7.064073529411789,31.23465357195582,306.46000000000004,7.064073529411789,31.23465357195582,306.46000000000004,7.064073529411789,31.23465357195582,306.46000000000004,0.33542634999999943,0.05768414220859545,0.23309999999999997,0.33542634999999943,0.05768414220859545,0.23309999999999997,0.33542634999999943,0.05768414220859545,0.23309999999999997
9,Neck,19,2,No Fall,0.9469371907562995,0.2193236885194365,1.68116,0.9469371907562995,0.2193236885194365,1.68116,0.9469371907562995,0.2193236885194365,1.68116,7.089852941176476,36.36708515114514,323.05000000000007,7.089852941176476,36.36708515114514,323.05000000000007,7.089852941176476,36.36708515114514,323.05000000000007,0.3369364249999994,0.04717096125223957,0.18970000000000004,0.3369364249999994,0.04717096125223957,0.18970000000000004,0.3369364249999994,0.04717096125223957,0.18970000000000004
9,Neck,19,3,No Fall,0.9613220159663854,0.20943211144674156,1.5886840000000002,0.9613220159663854,0.20943211144674156,1.5886840000000002,0.9613220159663854,0.20943211144674156,1.5886840000000002,6.262661764705865,28.835002705761593,243.81,6.262661764705865,28.835002705761593,243.81,6.262661764705865,28.835002705761593,243.81,0.3588954250000008,0.024906942464576188,0.13033999999999996,0.3588954250000008,0.024906942464576188,0.13033999999999996,0.3588954250000008,0.024906942464576188,0.13033999999999996
9,Neck,19,4,No Fall,0.9510621747899126,0.21872617549811346,1.6906759999999998,0.9510621747899126,0.21872617549811346,1.6906759999999998,0.9510621747899126,0.21872617549811346,1.6906759999999998,7.137544117647073,29.009895225058003,243.18,7.137544117647073,29.009895225058003,243.18,7.137544117647073,29.009895225058003,243.18,0.34088906249999984,0.039074751633959605,0.1673,0.34088906249999984,0.039074751633959605,0.1673,0.34088906249999984,0.039074751633959605,0.1673
9,Neck,19,6,No Fall,0.9659241327731118,0.25377071559500725,1.8407360000000001,0.9659241327731118,0.25377071559500725,1.8407360000000001,0.9659241327731118,0.25377071559500725,1.8407360000000001,6.697941176470594,24.600342350333893,227.78000000000003,6.697941176470594,24.600342350333893,227.78000000000003,6.697941176470594,24.600342350333893,227.78000000000003,-0.015852812500000008,0.022038759377779476,0.12278,-0.015852812500000008,0.022038759377779476,0.12278,-0.015852812500000008,0.022038759377779476,0.12278
9,Neck,20,2,No Fall,0.9376849260504188,0.32121455246144553,1.764364,0.9376849260504188,0.32121455246144553,1.764364,0.9376849260504188,0.32121455246144553,1.764364,6.84288235294118,44.78978680255664,310.31000000000006,6.84288235294118,44.78978680255664,310.31000000000006,6.84288235294118,44.78978680255664,310.31000000000006,0.3550416625000002,0.02567465330583995,0.14755999999999997,0.3550416625000002,0.02567465330583995,0.14755999999999997,0.3550416625000002,0.02567465330583995,0.14755999999999997
9,Neck,20,3,No Fall,0.9359648285714279,0.24267945284192508,1.452532,0.9359648285714279,0.24267945284192508,1.452532,0.9359648285714279,0.24267945284192508,1.452532,6.9092205882352875,38.1012516385666,292.18000000000006,6.9092205882352875,38.1012516385666,292.18000000000006,6.9092205882352875,38.1012516385666,292.18000000000006,0.3468367,0.02432637529399601,0.14265999999999995,0.3468367,0.02432637529399601,0.14265999999999995,0.3468367,0.02432637529399601,0.14265999999999995
9,Neck,20,4,No Fall,0.9402013554621831,0.2942396636825879,1.6906759999999998,0.9402013554621831,0.2942396636825879,1.6906759999999998,0.9402013554621831,0.2942396636825879,1.6906759999999998,7.70117647058824,41.687939157937784,261.87,7.70117647058824,41.687939157937784,261.87,7.70117647058824,41.687939157937784,261.87,0.3734248874999998,0.022088854730426998,0.14223999999999998,0.3734248874999998,0.022088854730426998,0.14223999999999998,0.3734248874999998,0.022088854730426998,0.14223999999999998
9,Neck,20,5,No Fall,0.9681887705882356,0.2911539449502813,1.8966120000000002,0.9681887705882356,0.2911539449502813,1.8966120000000002,0.9681887705882356,0.2911539449502813,1.8966120000000002,6.805220588235281,41.55119383979433,311.71000000000004,6.805220588235281,41.55119383979433,311.71000000000004,6.805220588235281,41.55119383979433,311.71000000000004,0.10577892500000007,0.07761539441535292,0.30491999999999997,0.10577892500000007,0.07761539441535292,0.30491999999999997,0.10577892500000007,0.07761539441535292,0.30491999999999997
9,Neck,20,6,No Fall,0.969028571428572,0.3638336871046872,1.8461040000000002,0.969028571428572,0.3638336871046872,1.8461040000000002,0.969028571428572,0.3638336871046872,1.8461040000000002,6.573764705882355,34.21948205878642,227.78000000000003,6.573764705882355,34.21948205878642,227.78000000000003,6.573764705882355,34.21948205878642,227.78000000000003,-0.011507037499999982,0.01902367606117163,0.10962,-0.011507037499999982,0.01902367606117163,0.10962,-0.011507037499999982,0.01902367606117163,0.10962
9,Neck,21,1,No Fall,0.9462222092436983,0.13372851353932005,1.0230920000000001,0.9462222092436983,0.13372851353932005,1.0230920000000001,0.9462222092436983,0.13372851353932005,1.0230920000000001,5.574176470588244,19.25848513212592,221.27,5.574176470588244,19.25848513212592,221.27,5.574176470588244,19.25848513212592,221.27,0.2892476999999996,0.025105056574841966,0.16814,0.2892476999999996,0.025105056574841966,0.16814,0.2892476999999996,0.025105056574841966,0.16814
9,Neck,21,2,No Fall,0.9509841050420181,0.23413118929025292,1.764364,0.9509841050420181,0.23413118929025292,1.764364,0.9509841050420181,0.23413118929025292,1.764364,7.262661764705885,32.37836799226141,280.07000000000005,7.262661764705885,32.37836799226141,280.07000000000005,7.262661764705885,32.37836799226141,280.07000000000005,0.24010148749999974,0.1324755533114623,0.45625999999999994,0.24010148749999974,0.1324755533114623,0.45625999999999994,0.24010148749999974,0.1324755533114623,0.45625999999999994
9,Neck,21,3,No Fall,0.94907116554622,0.18482383638961342,1.473028,0.94907116554622,0.18482383638961342,1.473028,0.94907116554622,0.18482383638961342,1.473028,6.202838235294133,28.246467734456996,233.59000000000003,6.202838235294133,28.246467734456996,233.59000000000003,6.202838235294133,28.246467734456996,233.59000000000003,0.3307035374999995,0.027955472299816122,0.13369999999999999,0.3307035374999995,0.027955472299816122,0.13369999999999999,0.3307035374999995,0.027955472299816122,0.13369999999999999
9,Neck,21,4,No Fall,0.9521204478991595,0.193981743725714,1.4217879999999998,0.9521204478991595,0.193981743725714,1.4217879999999998,0.9521204478991595,0.193981743725714,1.4217879999999998,5.846455882352932,30.88062593647965,248.43,5.846455882352932,30.88062593647965,248.43,5.846455882352932,30.88062593647965,248.43,0.35086904999999974,0.04144878487606502,0.2016,0.35086904999999974,0.04144878487606502,0.2016,0.35086904999999974,0.04144878487606502,0.2016
9,Neck,21,5,No Fall,0.9678728008403372,0.21108529969874612,2.156716,0.9678728008403372,0.21108529969874612,2.156716,0.9678728008403372,0.21108529969874612,2.156716,6.155176470588243,30.884022177440727,293.51000000000005,6.155176470588243,30.884022177440727,293.51000000000005,6.155176470588243,30.884022177440727,293.51000000000005,-0.001847825000000015,0.04899020650066187,0.23295999999999997,-0.001847825000000015,0.04899020650066187,0.23295999999999997,-0.001847825000000015,0.04899020650066187,0.23295999999999997
9,Neck,21,6,No Fall,0.9584408680672271,0.25206162997394865,1.9739600000000002,0.9584408680672271,0.25206162997394865,1.9739600000000002,0.9584408680672271,0.25206162997394865,1.9739600000000002,6.423573529411763,27.645072276318878,248.99,6.423573529411763,27.645072276318878,248.99,6.423573529411763,27.645072276318878,248.99,-0.013441925000000004,0.01905389157191771,0.10779999999999999,-0.013441925000000004,0.01905389157191771,0.10779999999999999,-0.013441925000000004,0.01905389157191771,0.10779999999999999
9,Neck,22,1,No Fall,0.9499313168067216,0.49908987383459635,2.277252,0.9499313168067216,0.49908987383459635,2.277252,0.9499313168067216,0.49908987383459635,2.277252,6.213161764705883,42.09536100844715,320.46000000000004,6.213161764705883,42.09536100844715,320.46000000000004,6.213161764705883,42.09536100844715,320.46000000000004,0.016984537499999987,0.01627938999925398,0.10597999999999999,0.016984537499999987,0.01627938999925398,0.10597999999999999,0.016984537499999987,0.01627938999925398,0.10597999999999999
9,Neck,22,2,No Fall,0.939360375630255,0.41164413345752904,2.156228,0.939360375630255,0.41164413345752904,2.156228,0.939360375630255,0.41164413345752904,2.156228,7.249000000000004,46.476325208468964,310.94000000000005,7.249000000000004,46.476325208468964,310.94000000000005,7.249000000000004,46.476325208468964,310.94000000000005,0.34217452499999995,0.0512426534586452,0.24415999999999996,0.34217452499999995,0.0512426534586452,0.24415999999999996,0.34217452499999995,0.0512426534586452,0.24415999999999996
9,Neck,22,3,No Fall,0.94791959831933,0.4831714588694769,2.267492,0.94791959831933,0.4831714588694769,2.267492,0.94791959831933,0.4831714588694769,2.267492,6.730544117647075,54.20474093352206,358.33000000000004,6.730544117647075,54.20474093352206,358.33000000000004,6.730544117647075,54.20474093352206,358.33000000000004,0.03871017499999997,0.023291711570036823,0.13804,0.03871017499999997,0.023291711570036823,0.13804,0.03871017499999997,0.023291711570036823,0.13804
9,Neck,23,1,No Fall,0.9334436319327708,0.28488177130870873,2.146712,0.9334436319327708,0.28488177130870873,2.146712,0.9334436319327708,0.28488177130870873,2.146712,6.965632352941151,40.90613920434561,511.49,6.965632352941151,40.90613920434561,511.49,6.965632352941151,40.90613920434561,511.49,0.014503912499999992,0.07565683603923053,0.49307999999999996,0.014503912499999992,0.07565683603923053,0.49307999999999996,0.014503912499999992,0.07565683603923053,0.49307999999999996
9,Neck,23,2,No Fall,0.9434584991596615,0.26657609733574006,2.2018560000000003,0.9434584991596615,0.26657609733574006,2.2018560000000003,0.9434584991596615,0.26657609733574006,2.2018560000000003,6.890661764705866,45.65386315084193,617.6800000000001,6.890661764705866,45.65386315084193,617.6800000000001,6.890661764705866,45.65386315084193,617.6800000000001,0.09737297499999974,0.09410631597741545,0.53536,0.09737297499999974,0.09410631597741545,0.53536,0.09737297499999974,0.09410631597741545,0.53536
9,Neck,23,3,No Fall,0.9151914579831935,0.30350775613220426,2.1791639999999997,0.9151914579831935,0.30350775613220426,2.1791639999999997,0.9151914579831935,0.30350775613220426,2.1791639999999997,6.357485294117659,53.2066185374344,508.13000000000005,6.357485294117659,53.2066185374344,508.13000000000005,6.357485294117659,53.2066185374344,508.13000000000005,0.3587942750000002,0.04763181653517848,0.28741999999999995,0.3587942750000002,0.04763181653517848,0.28741999999999995,0.3587942750000002,0.04763181653517848,0.28741999999999995
9,Neck,24,1,No Fall,0.9609125470588213,1.0514777340434378,6.246644,0.9609125470588213,1.0514777340434378,6.246644,0.9609125470588213,1.0514777340434378,6.246644,10.338205882352902,92.61171609530247,744.1,10.338205882352902,92.61171609530247,744.1,10.338205882352902,92.61171609530247,744.1,0.3701235125000006,0.03341008172525022,0.16799999999999998,0.3701235125000006,0.03341008172525022,0.16799999999999998,0.3701235125000006,0.03341008172525022,0.16799999999999998
9,Neck,24,2,No Fall,0.9468685529411788,1.1551980837771219,5.926272,0.9468685529411788,1.1551980837771219,5.926272,0.9468685529411788,1.1551980837771219,5.926272,11.695441176470583,46.751400088871236,678.1600000000001,11.695441176470583,46.751400088871236,678.1600000000001,11.695441176470583,46.751400088871236,678.1600000000001,0.034362824999999944,0.021764748912033817,0.17919999999999997,0.034362824999999944,0.021764748912033817,0.17919999999999997,0.034362824999999944,0.021764748912033817,0.17919999999999997
9,Neck,24,3,No Fall,0.9511468571428568,1.2034690892909665,6.889095999999999,0.9511468571428568,1.2034690892909665,6.889095999999999,0.9511468571428568,1.2034690892909665,6.889095999999999,12.714985294117637,62.72047578373536,746.6200000000001,12.714985294117637,62.72047578373536,746.6200000000001,12.714985294117637,62.72047578373536,746.6200000000001,0.3824833249999996,0.022867735103467325,0.13846000000000003,0.3824833249999996,0.022867735103467325,0.13846000000000003,0.3824833249999996,0.022867735103467325,0.13846000000000003
9,Neck,25,1,No Fall,0.9408723554621826,1.3748498168668093,7.536428,0.9408723554621826,1.3748498168668093,7.536428,0.9408723554621826,1.3748498168668093,7.536428,13.201352941176443,61.039129033636435,529.2,13.201352941176443,61.039129033636435,529.2,13.201352941176443,61.039129033636435,529.2,0.05939605000000002,0.024070354809088222,0.14154,0.05939605000000002,0.024070354809088222,0.14154,0.05939605000000002,0.024070354809088222,0.14154
9,Neck,25,3,No Fall,0.9447442663865582,1.3114227368100138,6.6626639999999995,0.9447442663865582,1.3114227368100138,6.6626639999999995,0.9447442663865582,1.3114227368100138,6.6626639999999995,13.09457352941176,54.31066200116206,514.57,13.09457352941176,54.31066200116206,514.57,13.09457352941176,54.31066200116206,514.57,0.05818881249999994,0.020847714661179646,0.12585999999999997,0.05818881249999994,0.020847714661179646,0.12585999999999997,0.05818881249999994,0.020847714661179646,0.12585999999999997
9,Neck,26,1,No Fall,0.9453359151260542,0.30398179509927103,7.685512,0.9453359151260542,0.30398179509927103,7.685512,0.9453359151260542,0.30398179509927103,7.685512,4.858970588235306,20.770486638088073,432.6,4.858970588235306,20.770486638088073,432.6,4.858970588235306,20.770486638088073,432.6,0.3707669875000007,0.04442884795385094,0.20104,0.3707669875000007,0.04442884795385094,0.20104,0.3707669875000007,0.04442884795385094,0.20104
9,Neck,26,2,No Fall,0.9526996403361344,0.4844487039664641,8.320156,0.9526996403361344,0.4844487039664641,8.320156,0.9526996403361344,0.4844487039664641,8.320156,6.06748529411767,47.834416318968245,1026.3400000000001,6.06748529411767,47.834416318968245,1026.3400000000001,6.06748529411767,47.834416318968245,1026.3400000000001,0.23956161250000002,0.05559033290820779,0.2960999999999999,0.23956161250000002,0.05559033290820779,0.2960999999999999,0.23956161250000002,0.05559033290820779,0.2960999999999999
9,Neck,26,3,No Fall,0.9480904495798327,0.401129789130629,7.988072,0.9480904495798327,0.401129789130629,7.988072,0.9480904495798327,0.401129789130629,7.988072,4.790117647058832,31.808119163877922,931.3500000000001,4.790117647058832,31.808119163877922,931.3500000000001,4.790117647058832,31.808119163877922,931.3500000000001,-0.023059224999999964,0.029981865620165533,0.20034,-0.023059224999999964,0.029981865620165533,0.20034,-0.023059224999999964,0.029981865620165533,0.20034
9,Neck,26,4,No Fall,0.9565483815126052,0.5068631967822586,6.9776679999999995,0.9565483815126052,0.5068631967822586,6.9776679999999995,0.9565483815126052,0.5068631967822586,6.9776679999999995,6.681397058823532,42.238795278300906,674.94,6.681397058823532,42.238795278300906,674.94,6.681397058823532,42.238795278300906,674.94,-0.011658937500000015,0.03754148285504238,0.32886,-0.011658937500000015,0.03754148285504238,0.32886,-0.011658937500000015,0.03754148285504238,0.32886
9,Neck,27,1,No Fall,0.955253438655465,0.3392127963514286,6.270312,0.955253438655465,0.3392127963514286,6.270312,0.955253438655465,0.3392127963514286,6.270312,7.056808823529417,37.73624518798899,950.6700000000001,7.056808823529417,37.73624518798899,950.6700000000001,7.056808823529417,37.73624518798899,950.6700000000001,0.3349754624999999,0.027816417352573473,0.24192000000000002,0.3349754624999999,0.027816417352573473,0.24192000000000002,0.3349754624999999,0.027816417352573473,0.24192000000000002
9,Neck,27,2,No Fall,0.9390936672268915,0.4523731990885341,8.041996,0.9390936672268915,0.4523731990885341,8.041996,0.9390936672268915,0.4523731990885341,8.041996,10.1271911764706,50.271071457630704,671.9300000000001,10.1271911764706,50.271071457630704,671.9300000000001,10.1271911764706,50.271071457630704,671.9300000000001,0.2619582874999998,0.06253020608464332,0.31023999999999996,0.2619582874999998,0.06253020608464332,0.31023999999999996,0.2619582874999998,0.06253020608464332,0.31023999999999996
9,Neck,27,3,No Fall,0.8885581915966383,0.42968221781937854,7.988072,0.8885581915966383,0.42968221781937854,7.988072,0.8885581915966383,0.42968221781937854,7.988072,6.168764705882354,40.97057919839747,931.3500000000001,6.168764705882354,40.97057919839747,931.3500000000001,6.168764705882354,40.97057919839747,931.3500000000001,0.012607875000000032,0.12095252635229964,0.59948,0.012607875000000032,0.12095252635229964,0.59948,0.012607875000000032,0.12095252635229964,0.59948
9,Neck,27,4,No Fall,0.9036935731092437,0.510577035314397,6.9776679999999995,0.9036935731092437,0.510577035314397,6.9776679999999995,0.9036935731092437,0.510577035314397,6.9776679999999995,10.610529411764695,48.917129421971055,674.94,10.610529411764695,48.917129421971055,674.94,10.610529411764695,48.917129421971055,674.94,-0.0017242750000000132,0.10930721951853717,0.6307,-0.0017242750000000132,0.10930721951853717,0.6307,-0.0017242750000000132,0.10930721951853717,0.6307
9,Neck,28,1,No Fall,0.8950606890756322,0.22828864775247815,2.005924,0.8950606890756322,0.22828864775247815,2.005924,0.8950606890756322,0.22828864775247815,2.005924,4.582323529411764,36.12439730235578,485.1000000000001,4.582323529411764,36.12439730235578,485.1000000000001,4.582323529411764,36.12439730235578,485.1000000000001,0.35221637500000014,0.05429815481551473,0.29679999999999995,0.35221637500000014,0.05429815481551473,0.29679999999999995,0.35221637500000014,0.05429815481551473,0.29679999999999995
9,Neck,28,2,No Fall,0.9146634747899157,0.38578499317636794,7.9951479999999995,0.9146634747899157,0.38578499317636794,7.9951479999999995,0.9146634747899157,0.38578499317636794,7.9951479999999995,5.292897058823521,54.70119877647495,480.4100000000001,5.292897058823521,54.70119877647495,480.4100000000001,5.292897058823521,54.70119877647495,480.4100000000001,0.32916835000000005,0.050865260517195574,0.3696,0.32916835000000005,0.050865260517195574,0.3696,0.32916835000000005,0.050865260517195574,0.3696
9,Neck,28,3,No Fall,0.8910481705882389,0.3738222270089827,7.988072,0.8910481705882389,0.3738222270089827,7.988072,0.8910481705882389,0.3738222270089827,7.988072,5.988852941176482,40.100144426802736,931.3500000000001,5.988852941176482,40.100144426802736,931.3500000000001,5.988852941176482,40.100144426802736,931.3500000000001,0.012313262499999957,0.12154199276941306,0.6038199999999999,0.012313262499999957,0.12154199276941306,0.6038199999999999,0.012313262499999957,0.12154199276941306,0.6038199999999999
9,Neck,28,4,No Fall,0.892272681512603,0.419473079099639,6.9776679999999995,0.892272681512603,0.419473079099639,6.9776679999999995,0.892272681512603,0.419473079099639,6.9776679999999995,5.845823529411761,52.44881019042487,658.5600000000001,5.845823529411761,52.44881019042487,658.5600000000001,5.845823529411761,52.44881019042487,658.5600000000001,-0.002799387499999988,0.1217372924111675,0.64372,-0.002799387499999988,0.1217372924111675,0.64372,-0.002799387499999988,0.1217372924111675,0.64372
9,Neck,29,1,No Fall,0.9405099949579826,0.12519789059062825,0.8908439999999999,0.9405099949579826,0.12519789059062825,0.8908439999999999,0.9405099949579826,0.12519789059062825,0.8908439999999999,6.541014705882361,23.77772617538628,277.90000000000003,6.541014705882361,23.77772617538628,277.90000000000003,6.541014705882361,23.77772617538628,277.90000000000003,0.0687057875,0.14645607091102958,0.4408599999999999,0.0687057875,0.14645607091102958,0.4408599999999999,0.0687057875,0.14645607091102958,0.4408599999999999
9,Neck,29,2,No Fall,0.9494734579831954,0.13962984048992888,1.1746159999999999,0.9494734579831954,0.13962984048992888,1.1746159999999999,0.9494734579831954,0.13962984048992888,1.1746159999999999,6.407073529411766,21.80670952813071,198.73000000000002,6.407073529411766,21.80670952813071,198.73000000000002,6.407073529411766,21.80670952813071,198.73000000000002,0.15649751249999985,0.09681488977096028,0.36119999999999997,0.15649751249999985,0.09681488977096028,0.36119999999999997,0.15649751249999985,0.09681488977096028,0.36119999999999997
9,Neck,30,1,No Fall,0.9239251714285708,0.1911984677196294,1.1555840000000002,0.9239251714285708,0.1911984677196294,1.1555840000000002,0.9239251714285708,0.1911984677196294,1.1555840000000002,8.45913235294113,31.14267779412053,281.19000000000005,8.45913235294113,31.14267779412053,281.19000000000005,8.45913235294113,31.14267779412053,281.19000000000005,0.2577373750000003,0.07585732651729062,0.34663999999999995,0.2577373750000003,0.07585732651729062,0.34663999999999995,0.2577373750000003,0.07585732651729062,0.34663999999999995
9,Neck,30,2,No Fall,0.9232071655462203,0.19226443434687682,1.065304,0.9232071655462203,0.19226443434687682,1.065304,0.9232071655462203,0.19226443434687682,1.065304,5.779029411764706,30.385183694904946,250.25000000000003,5.779029411764706,30.385183694904946,250.25000000000003,5.779029411764706,30.385183694904946,250.25000000000003,0.2778424249999999,0.0824016713742668,0.40558,0.2778424249999999,0.0824016713742668,0.40558,0.2778424249999999,0.0824016713742668,0.40558
9,Neck,31,1,No Fall,0.941985374789913,0.13146396464355065,1.0226039999999998,0.941985374789913,0.13146396464355065,1.0226039999999998,0.941985374789913,0.13146396464355065,1.0226039999999998,7.57902941176474,22.26911853313653,262.64,7.57902941176474,22.26911853313653,262.64,7.57902941176474,22.26911853313653,262.64,0.23091477500000004,0.10662419334432653,0.34481999999999996,0.23091477500000004,0.10662419334432653,0.34481999999999996,0.23091477500000004,0.10662419334432653,0.34481999999999996
9,Neck,31,2,No Fall,0.9470098268907585,0.10905918322627042,0.8605879999999999,0.9470098268907585,0.10905918322627042,0.8605879999999999,0.9470098268907585,0.10905918322627042,0.8605879999999999,4.441823529411775,17.505328725953383,187.53000000000003,4.441823529411775,17.505328725953383,187.53000000000003,4.441823529411775,17.505328725953383,187.53000000000003,0.22487526249999992,0.09502461927692246,0.42168,0.22487526249999992,0.09502461927692246,0.42168,0.22487526249999992,0.09502461927692246,0.42168
9,Neck,32,1,No Fall,0.9681272067226905,0.17672541879817713,1.7843719999999998,0.9681272067226905,0.17672541879817713,1.7843719999999998,0.9681272067226905,0.17672541879817713,1.7843719999999998,5.491779411764696,17.79702206006459,187.88000000000002,5.491779411764696,17.79702206006459,187.88000000000002,5.491779411764696,17.79702206006459,187.88000000000002,0.10753216249999992,0.08380356872565492,0.36819999999999997,0.10753216249999992,0.08380356872565492,0.36819999999999997,0.10753216249999992,0.08380356872565492,0.36819999999999997
9,Neck,32,2,No Fall,0.9700814621848758,0.18868395477291414,1.896612,0.9700814621848758,0.18868395477291414,1.896612,0.9700814621848758,0.18868395477291414,1.896612,4.625573529411762,18.04398442909394,231.98000000000002,4.625573529411762,18.04398442909394,231.98000000000002,4.625573529411762,18.04398442909394,231.98000000000002,0.13236203750000014,0.06041718971954171,0.32564,0.13236203750000014,0.06041718971954171,0.32564,0.13236203750000014,0.06041718971954171,0.32564
9,Neck,33,1,No Fall,0.9699422899159675,0.27241964830950743,1.9990919999999996,0.9699422899159675,0.27241964830950743,1.9990919999999996,0.9699422899159675,0.27241964830950743,1.9990919999999996,5.095073529411784,25.962795124028837,212.87,5.095073529411784,25.962795124028837,212.87,5.095073529411784,25.962795124028837,212.87,0.13984048749999975,0.08850569759105135,0.40264,0.13984048749999975,0.08850569759105135,0.40264,0.13984048749999975,0.08850569759105135,0.40264
9,Neck,33,2,No Fall,0.9662354890756295,0.24774328841571497,1.904664,0.9662354890756295,0.24774328841571497,1.904664,0.9662354890756295,0.24774328841571497,1.904664,4.860191176470593,25.142249189999088,244.93000000000004,4.860191176470593,25.142249189999088,244.93000000000004,4.860191176470593,25.142249189999088,244.93000000000004,0.14575575000000007,0.09846611937033171,0.43693999999999994,0.14575575000000007,0.09846611937033171,0.43693999999999994,0.14575575000000007,0.09846611937033171,0.43693999999999994
9,Neck,34,1,No Fall,0.9659996394958,0.19133744728783825,1.652368,0.9659996394958,0.19133744728783825,1.652368,0.9659996394958,0.19133744728783825,1.652368,5.326808823529403,20.05169557952124,226.38,5.326808823529403,20.05169557952124,226.38,5.326808823529403,20.05169557952124,226.38,0.07438602499999977,0.1274144373922529,0.43455999999999995,0.07438602499999977,0.1274144373922529,0.43455999999999995,0.07438602499999977,0.1274144373922529,0.43455999999999995
9,Neck,34,2,No Fall,0.9680774327731119,0.2062596763851823,1.8524479999999999,0.9680774327731119,0.2062596763851823,1.8524479999999999,0.9680774327731119,0.2062596763851823,1.8524479999999999,5.913794117647067,19.626787761401612,223.86,5.913794117647067,19.626787761401612,223.86,5.913794117647067,19.626787761401612,223.86,0.17842405,0.11963374964817333,0.4221,0.17842405,0.11963374964817333,0.4221,0.17842405,0.11963374964817333,0.4221
9,Neck,35,1,No Fall,0.9402331882352951,0.34539366469047134,3.2425159999999997,0.9402331882352951,0.34539366469047134,3.2425159999999997,0.9402331882352951,0.34539366469047134,3.2425159999999997,11.775455882352945,65.20221634602834,503.0200000000001,11.775455882352945,65.20221634602834,503.0200000000001,11.775455882352945,65.20221634602834,503.0200000000001,0.23794347499999954,0.09380461605736905,0.4537399999999999,0.23794347499999954,0.09380461605736905,0.4537399999999999,0.23794347499999954,0.09380461605736905,0.4537399999999999
9,Neck,35,2,No Fall,0.9321510983193269,0.23192969760553941,2.084004,0.9321510983193269,0.23192969760553941,2.084004,0.9321510983193269,0.23192969760553941,2.084004,7.856176470588242,47.49348305525119,403.13000000000005,7.856176470588242,47.49348305525119,403.13000000000005,7.856176470588242,47.49348305525119,403.13000000000005,0.2874621750000002,0.05786099179716608,0.36876,0.2874621750000002,0.05786099179716608,0.36876,0.2874621750000002,0.05786099179716608,0.36876
9,Neck,36,1,No Fall,0.9764540142857148,0.7594803251465795,6.190767999999999,0.9764540142857148,0.7594803251465795,6.190767999999999,0.9764540142857148,0.7594803251465795,6.190767999999999,3.64479411764707,59.87045130760992,685.1600000000001,3.64479411764707,59.87045130760992,685.1600000000001,3.64479411764707,59.87045130760992,685.1600000000001,0.15272521250000012,0.10469741284406224,0.44086,0.15272521250000012,0.10469741284406224,0.44086,0.15272521250000012,0.10469741284406224,0.44086
9,Neck,36,2,No Fall,0.9731702151260487,0.8509372881498762,6.771244,0.9731702151260487,0.8509372881498762,6.771244,0.9731702151260487,0.8509372881498762,6.771244,5.8843382352941305,67.51181596208087,759.99,5.8843382352941305,67.51181596208087,759.99,5.8843382352941305,67.51181596208087,759.99,0.16463195000000003,0.08572392652541261,0.36763999999999997,0.16463195000000003,0.08572392652541261,0.36763999999999997,0.16463195000000003,0.08572392652541261,0.36763999999999997
9,Neck,37,1,No Fall,0.9567570117647048,0.013982462379871661,0.14127599999999996,0.9567570117647048,0.013982462379871661,0.14127599999999996,0.9567570117647048,0.013982462379871661,0.14127599999999996,5.3633676470588165,4.571550671771207,33.39,5.3633676470588165,4.571550671771207,33.39,5.3633676470588165,4.571550671771207,33.39,0.114578975,0.012643244984049949,0.08021999999999999,0.114578975,0.012643244984049949,0.08021999999999999,0.114578975,0.012643244984049949,0.08021999999999999
9,Neck,37,2,No Fall,0.9606392773109259,0.02396960813110643,0.29157999999999995,0.9606392773109259,0.02396960813110643,0.29157999999999995,0.9606392773109259,0.02396960813110643,0.29157999999999995,5.43467647058823,6.103910470380387,46.480000000000004,5.43467647058823,6.103910470380387,46.480000000000004,5.43467647058823,6.103910470380387,46.480000000000004,0.14868647499999996,0.01867762702189053,0.10681999999999998,0.14868647499999996,0.01867762702189053,0.10681999999999998,0.14868647499999996,0.01867762702189053,0.10681999999999998
9,Neck,38,1,No Fall,0.9624371882352915,0.061181452889698035,0.947452,0.9624371882352915,0.061181452889698035,0.947452,0.9624371882352915,0.061181452889698035,0.947452,6.032808823529418,14.63072236238323,175.21,6.032808823529418,14.63072236238323,175.21,6.032808823529418,14.63072236238323,175.21,0.15791308749999977,0.08845828841301667,0.3927,0.15791308749999977,0.08845828841301667,0.3927,0.15791308749999977,0.08845828841301667,0.3927
9,Neck,38,2,No Fall,0.9695450722689034,0.016979152788079505,0.13054,0.9695450722689034,0.016979152788079505,0.13054,0.9695450722689034,0.016979152788079505,0.13054,5.804220588235293,5.670876619020525,35.14,5.804220588235293,5.670876619020525,35.14,5.804220588235293,5.670876619020525,35.14,0.13956748750000006,0.02114596888741359,0.10681999999999998,0.13956748750000006,0.02114596888741359,0.10681999999999998,0.13956748750000006,0.02114596888741359,0.10681999999999998
9,Neck,39,1,No Fall,0.9690257008403338,0.014789294858108818,0.1786080000000001,0.9690257008403338,0.014789294858108818,0.1786080000000001,0.9690257008403338,0.014789294858108818,0.1786080000000001,5.5616764705882185,4.963021833103042,48.300000000000004,5.5616764705882185,4.963021833103042,48.300000000000004,5.5616764705882185,4.963021833103042,48.300000000000004,0.24838546250000001,0.014592350919298065,0.08036000000000001,0.24838546250000001,0.014592350919298065,0.08036000000000001,0.24838546250000001,0.014592350919298065,0.08036000000000001
9,Neck,39,2,No Fall,0.9698350016806733,0.0176265213419016,0.19910400000000006,0.9698350016806733,0.0176265213419016,0.19910400000000006,0.9698350016806733,0.0176265213419016,0.19910400000000006,5.522514705882343,3.485477498615333,21.07,5.522514705882343,3.485477498615333,21.07,5.522514705882343,3.485477498615333,21.07,0.14019302500000003,0.020097024116416704,0.0994,0.14019302500000003,0.020097024116416704,0.0994,0.14019302500000003,0.020097024116416704,0.0994
9,Neck,40,1,No Fall,0.9718585613445397,0.06501482178649286,1.0836040000000002,0.9718585613445397,0.06501482178649286,1.0836040000000002,0.9718585613445397,0.06501482178649286,1.0836040000000002,5.274367647058843,11.602772600668494,187.39000000000001,5.274367647058843,11.602772600668494,187.39000000000001,5.274367647058843,11.602772600668494,187.39000000000001,0.2615739875000001,0.036614435946422,0.1764,0.2615739875000001,0.036614435946422,0.1764,0.2615739875000001,0.036614435946422,0.1764
9,Neck,40,2,No Fall,0.9636011605042003,0.06082675279428304,1.0984880000000001,0.9636011605042003,0.06082675279428304,1.0984880000000001,0.9636011605042003,0.06082675279428304,1.0984880000000001,6.584838235294121,13.854286253317854,290.43000000000006,6.584838235294121,13.854286253317854,290.43000000000006,6.584838235294121,13.854286253317854,290.43000000000006,0.14603898749999997,0.042369105748481954,0.24583999999999998,0.14603898749999997,0.042369105748481954,0.24583999999999998,0.14603898749999997,0.042369105748481954,0.24583999999999998
9,Neck,43,1,No Fall,0.9612588630252074,0.7632263428559822,5.90236,0.9612588630252074,0.7632263428559822,5.90236,0.9612588630252074,0.7632263428559822,5.90236,8.63942647058827,51.8932540679714,641.4100000000001,8.63942647058827,51.8932540679714,641.4100000000001,8.63942647058827,51.8932540679714,641.4100000000001,0.3409180249999999,0.03172006656264433,0.16464,0.3409180249999999,0.03172006656264433,0.16464,0.3409180249999999,0.03172006656264433,0.16464
9,Neck,43,2,No Fall,0.9533602344537822,0.7713493923518024,5.099844,0.9533602344537822,0.7713493923518024,5.099844,0.9533602344537822,0.7713493923518024,5.099844,8.817014705882352,28.23112306989494,274.75,8.817014705882352,28.23112306989494,274.75,8.817014705882352,28.23112306989494,274.75,-0.011996512499999938,0.0485537239061338,0.20761999999999997,-0.011996512499999938,0.0485537239061338,0.20761999999999997,-0.011996512499999938,0.0485537239061338,0.20761999999999997
9,Neck,43,3,No Fall,0.9528368647058811,0.8272366140851559,5.825256,0.9528368647058811,0.8272366140851559,5.825256,0.9528368647058811,0.8272366140851559,5.825256,9.922705882352936,37.8950900141946,441.07000000000005,9.922705882352936,37.8950900141946,441.07000000000005,9.922705882352936,37.8950900141946,441.07000000000005,0.35880468749999994,0.033748445041832,0.1911,0.35880468749999994,0.033748445041832,0.1911,0.35880468749999994,0.033748445041832,0.1911
9,Neck,44,1,No Fall,0.9512449184873971,0.6939375307493737,5.071052,0.9512449184873971,0.6939375307493737,5.071052,0.9512449184873971,0.6939375307493737,5.071052,6.653794117647084,72.03866294245827,700.9100000000001,6.653794117647084,72.03866294245827,700.9100000000001,6.653794117647084,72.03866294245827,700.9100000000001,0.33683396249999986,0.051986985842460705,0.2317,0.33683396249999986,0.051986985842460705,0.2317,0.33683396249999986,0.051986985842460705,0.2317
9,Neck,44,2,No Fall,0.9612260050420184,0.8469513340727697,5.951892,0.9612260050420184,0.8469513340727697,5.951892,0.9612260050420184,0.8469513340727697,5.951892,9.379029411764728,42.566110983115564,506.31000000000006,9.379029411764728,42.566110983115564,506.31000000000006,9.379029411764728,42.566110983115564,506.31000000000006,0.12649035000000014,0.1096373771161805,0.36344,0.12649035000000014,0.1096373771161805,0.36344,0.12649035000000014,0.1096373771161805,0.36344
9,Neck,101,1,Fall,0.5137963361344524,0.48926666321391593,4.424696,0.5137963361344524,0.48926666321391593,4.424696,0.5137963361344524,0.48926666321391593,4.424696,10.124029411764445,35.478372520868746,524.09,10.124029411764445,35.478372520868746,524.09,10.124029411764445,35.478372520868746,524.09,0.34078975000000045,0.16832161414998467,0.42195999999999995,0.34078975000000045,0.16832161414998467,0.42195999999999995,0.34078975000000045,0.16832161414998467,0.42195999999999995
9,Neck,101,2,Fall,0.4311961336134465,0.5020404607265438,3.468948,0.4311961336134465,0.5020404607265438,3.468948,0.4311961336134465,0.5020404607265438,3.468948,10.433426470587932,38.205518126316534,554.96,10.433426470587932,38.205518126316534,554.96,10.433426470587932,38.205518126316534,554.96,0.26107611249999985,0.26008605511960764,0.6397999999999999,0.26107611249999985,0.26008605511960764,0.6397999999999999,0.26107611249999985,0.26008605511960764,0.6397999999999999
9,Neck,102,1,Fall,0.7420120478991584,0.42952643429074355,2.700348,0.7420120478991584,0.42952643429074355,2.700348,0.7420120478991584,0.42952643429074355,2.700348,7.872661764705869,50.08756269730409,885.2900000000001,7.872661764705869,50.08756269730409,885.2900000000001,7.872661764705869,50.08756269730409,885.2900000000001,0.3098271749999997,0.13405816598005346,0.4256,0.3098271749999997,0.13405816598005346,0.4256,0.3098271749999997,0.13405816598005346,0.4256
9,Neck,103,1,Fall,0.48928115378151277,0.47483437475832574,3.787612,0.48928115378151277,0.47483437475832574,3.787612,0.48928115378151277,0.47483437475832574,3.787612,9.641367647058312,37.42949514805873,615.09,9.641367647058312,37.42949514805873,615.09,9.641367647058312,37.42949514805873,615.09,0.39822142499999946,0.12973948100926022,0.36063999999999996,0.39822142499999946,0.12973948100926022,0.36063999999999996,0.39822142499999946,0.12973948100926022,0.36063999999999996
9,Neck,103,2,Fall,0.513851646218478,0.4003072681911737,4.419816,0.513851646218478,0.4003072681911737,4.419816,0.513851646218478,0.4003072681911737,4.419816,4.743102941176427,34.30578049401484,819.4200000000001,4.743102941176427,34.30578049401484,819.4200000000001,4.743102941176427,34.30578049401484,819.4200000000001,0.4766151250000007,0.019862765810692327,0.16309999999999997,0.4766151250000007,0.019862765810692327,0.16309999999999997,0.4766151250000007,0.019862765810692327,0.16309999999999997
9,Neck,104,1,Fall,0.7514262445378186,0.4176982242868556,3.1749279999999995,0.7514262445378186,0.4176982242868556,3.1749279999999995,0.7514262445378186,0.4176982242868556,3.1749279999999995,8.955102941176492,45.157859844393585,714.3500000000001,8.955102941176492,45.157859844393585,714.3500000000001,8.955102941176492,45.157859844393585,714.3500000000001,0.1466805374999999,0.15585344533800322,0.6199199999999999,0.1466805374999999,0.15585344533800322,0.6199199999999999,0.1466805374999999,0.15585344533800322,0.6199199999999999
9,Neck,105,1,Fall,0.6100827344537834,0.3564410336212178,2.58762,0.6100827344537834,0.3564410336212178,2.58762,0.6100827344537834,0.3564410336212178,2.58762,8.100308823529092,40.506111575704296,521.99,8.100308823529092,40.506111575704296,521.99,8.100308823529092,40.506111575704296,521.99,0.1270380125,0.08421842743128835,0.7370999999999999,0.1270380125,0.08421842743128835,0.7370999999999999,0.1270380125,0.08421842743128835,0.7370999999999999
9,Neck,105,2,Fall,0.30126531344537855,0.6538491934910713,4.148732,0.30126531344537855,0.6538491934910713,4.148732,0.30126531344537855,0.6538491934910713,4.148732,4.63966176470589,46.31120272081141,1048.04,4.63966176470589,46.31120272081141,1048.04,4.63966176470589,46.31120272081141,1048.04,0.13003112500000039,0.14472172988418963,0.7348599999999998,0.13003112500000039,0.14472172988418963,0.7348599999999998,0.13003112500000039,0.14472172988418963,0.7348599999999998
9,Neck,107,1,Fall,0.48793792352941345,0.49870607108658377,2.208932,0.48793792352941345,0.49870607108658377,2.208932,0.48793792352941345,0.49870607108658377,2.208932,2.2272058823529393,37.725355280832076,524.23,2.2272058823529393,37.725355280832076,524.23,2.2272058823529393,37.725355280832076,524.23,-0.064196125,0.12283433759149592,0.6053599999999999,-0.064196125,0.12283433759149592,0.6053599999999999,-0.064196125,0.12283433759149592,0.6053599999999999
9,Neck,107,2,Fall,0.4285918949579833,0.5382402277459842,3.7622359999999997,0.4285918949579833,0.5382402277459842,3.7622359999999997,0.4285918949579833,0.5382402277459842,3.7622359999999997,1.532764705882358,40.580566484672865,568.8900000000001,1.532764705882358,40.580566484672865,568.8900000000001,1.532764705882358,40.580566484672865,568.8900000000001,-0.034636612500000045,0.13114772844181105,0.49993999999999994,-0.034636612500000045,0.13114772844181105,0.49993999999999994,-0.034636612500000045,0.13114772844181105,0.49993999999999994
9,Neck,107,3,Fall,0.44196868235293885,0.5418440995154568,3.0622,0.44196868235293885,0.5418440995154568,3.0622,0.44196868235293885,0.5418440995154568,3.0622,2.6258676470588296,44.45422093034744,762.51,2.6258676470588296,44.45422093034744,762.51,2.6258676470588296,44.45422093034744,762.51,-0.011213212500000024,0.14548059377854727,0.61852,-0.011213212500000024,0.14548059377854727,0.61852,-0.011213212500000024,0.14548059377854727,0.61852
9,Neck,107,4,Fall,0.46216204033613223,0.5154940800296992,3.280336,0.46216204033613223,0.5154940800296992,3.280336,0.46216204033613223,0.5154940800296992,3.280336,2.335823529411769,38.86425558925857,549.1500000000001,2.335823529411769,38.86425558925857,549.1500000000001,2.335823529411769,38.86425558925857,549.1500000000001,-0.007805612500000076,0.21270841753691067,0.6924399999999999,-0.007805612500000076,0.21270841753691067,0.6924399999999999,-0.007805612500000076,0.21270841753691067,0.6924399999999999
9,Neck,109,1,Fall,0.6930931747899203,0.34804797045115826,4.305624,0.6930931747899203,0.34804797045115826,4.305624,0.6930931747899203,0.34804797045115826,4.305624,4.110823529411754,44.10147281948741,739.2,4.110823529411754,44.10147281948741,739.2,4.110823529411754,44.10147281948741,739.2,0.261376325,0.1727094467410955,0.6899199999999999,0.261376325,0.1727094467410955,0.6899199999999999,0.261376325,0.1727094467410955,0.6899199999999999
9,Neck,109,2,Fall,0.33134384957983176,0.6374932567495738,7.995392000000001,0.33134384957983176,0.6374932567495738,7.995392000000001,0.33134384957983176,0.6374932567495738,7.995392000000001,11.057985294117664,42.59760894744309,655.97,11.057985294117664,42.59760894744309,655.97,11.057985294117664,42.59760894744309,655.97,0.09753353749999982,0.22113435754432245,0.75432,0.09753353749999982,0.22113435754432245,0.75432,0.09753353749999982,0.22113435754432245,0.75432
9,Neck,111,1,Fall,0.4273457008403367,0.5018970287251376,3.7668719999999998,0.4273457008403367,0.5018970287251376,3.7668719999999998,0.4273457008403367,0.5018970287251376,3.7668719999999998,10.141470588234935,28.362779948851248,367.36,10.141470588234935,28.362779948851248,367.36,10.141470588234935,28.362779948851248,367.36,0.3537274999999996,0.22055207923648046,0.53774,0.3537274999999996,0.22055207923648046,0.53774,0.3537274999999996,0.22055207923648046,0.53774
9,Neck,112,1,Fall,0.2778202966386558,0.6118184399097869,4.457636,0.2778202966386558,0.6118184399097869,4.457636,0.2778202966386558,0.6118184399097869,4.457636,1.390867647058835,53.26521696265555,993.7900000000001,1.390867647058835,53.26521696265555,993.7900000000001,1.390867647058835,53.26521696265555,993.7900000000001,0.004707324999999803,0.24107209201878446,0.77532,0.004707324999999803,0.24107209201878446,0.77532,0.004707324999999803,0.24107209201878446,0.77532
9,Neck,113,1,Fall,0.32956162436974784,0.5739132547816003,3.061712,0.32956162436974784,0.5739132547816003,3.061712,0.32956162436974784,0.5739132547816003,3.061712,4.07489705882354,42.0557222185985,1114.0500000000002,4.07489705882354,42.0557222185985,1114.0500000000002,4.07489705882354,42.0557222185985,1114.0500000000002,0.1214648749999997,0.14818950834395758,0.78232,0.1214648749999997,0.14818950834395758,0.78232,0.1214648749999997,0.14818950834395758,0.78232
9,Neck,113,2,Fall,0.6062332756302523,0.35231991087938797,3.007788,0.6062332756302523,0.35231991087938797,3.007788,0.6062332756302523,0.35231991087938797,3.007788,5.516926470588219,39.74594864816925,807.45,5.516926470588219,39.74594864816925,807.45,5.516926470588219,39.74594864816925,807.45,0.058794137500000204,0.2058664945197731,0.6895,0.058794137500000204,0.2058664945197731,0.6895,0.058794137500000204,0.2058664945197731,0.6895
9,Neck,114,2,Fall,0.38280160420167975,0.4828964679377963,2.79624,0.38280160420167975,0.4828964679377963,2.79624,0.38280160420167975,0.4828964679377963,2.79624,10.377205882352627,30.028317119807955,559.58,10.377205882352627,30.028317119807955,559.58,10.377205882352627,30.028317119807955,559.58,0.354131575,0.1991870162364194,0.53494,0.354131575,0.1991870162364194,0.53494,0.354131575,0.1991870162364194,0.53494
9,Neck,115,1,Fall,0.37773768151260156,0.4754229053101469,2.304336,0.37773768151260156,0.4754229053101469,2.304336,0.37773768151260156,0.4754229053101469,2.304336,10.193588235293381,25.306391365434596,754.1100000000001,10.193588235293381,25.306391365434596,754.1100000000001,10.193588235293381,25.306391365434596,754.1100000000001,0.3021685625000007,0.26576999703410986,0.63294,0.3021685625000007,0.26576999703410986,0.63294,0.3021685625000007,0.26576999703410986,0.63294
9,Neck,117,1,Fall,0.4009953924369755,0.5487362657816774,6.771732,0.4009953924369755,0.5487362657816774,6.771732,0.4009953924369755,0.5487362657816774,6.771732,1.1122647058823476,51.60716597643164,923.44,1.1122647058823476,51.60716597643164,923.44,1.1122647058823476,51.60716597643164,923.44,-0.05231073749999995,0.1522508821925552,0.67326,-0.05231073749999995,0.1522508821925552,0.67326,-0.05231073749999995,0.1522508821925552,0.67326
9,Neck,119,1,Fall,0.518829707563025,0.46762246320418516,7.067948,0.518829707563025,0.46762246320418516,7.067948,0.518829707563025,0.46762246320418516,7.067948,4.876029411764677,37.39377398265102,768.32,4.876029411764677,37.39377398265102,768.32,4.876029411764677,37.39377398265102,768.32,0.03257047500000004,0.09040237059754239,0.62384,0.03257047500000004,0.09040237059754239,0.62384,0.03257047500000004,0.09040237059754239,0.62384
9,Neck,119,2,Fall,0.397519981512605,0.47060225364084934,5.94018,0.397519981512605,0.47060225364084934,5.94018,0.397519981512605,0.47060225364084934,5.94018,2.585500000000004,57.486019236425726,1160.5300000000002,2.585500000000004,57.486019236425726,1160.5300000000002,2.585500000000004,57.486019236425726,1160.5300000000002,0.05253797500000012,0.13125561470712196,0.7470399999999999,0.05253797500000012,0.13125561470712196,0.7470399999999999,0.05253797500000012,0.13125561470712196,0.7470399999999999
9,Neck,120,1,Fall,0.6506305621848754,0.40231557993303435,5.350188,0.6506305621848754,0.40231557993303435,5.350188,0.6506305621848754,0.40231557993303435,5.350188,5.029602941176468,49.25951732252347,773.4300000000001,5.029602941176468,49.25951732252347,773.4300000000001,5.029602941176468,49.25951732252347,773.4300000000001,0.27779692500000014,0.14909928631211175,0.70112,0.27779692500000014,0.14909928631211175,0.70112,0.27779692500000014,0.14909928631211175,0.70112
9,Neck,121,1,Fall,0.4625391126050443,0.6870727464597278,4.529372,0.4625391126050443,0.6870727464597278,4.529372,0.4625391126050443,0.6870727464597278,4.529372,12.181647058823142,54.47689921031031,1151.92,12.181647058823142,54.47689921031031,1151.92,12.181647058823142,54.47689921031031,1151.92,0.3976847874999997,0.143278161633518,0.40404,0.3976847874999997,0.143278161633518,0.40404,0.3976847874999997,0.143278161633518,0.40404
9,Neck,121,2,Fall,0.4894594890756319,0.7372280285211917,5.295776,0.4894594890756319,0.7372280285211917,5.295776,0.4894594890756319,0.7372280285211917,5.295776,11.01354411764681,33.664330597734455,515.34,11.01354411764681,33.664330597734455,515.34,11.01354411764681,33.664330597734455,515.34,0.41153927499999965,0.11328333271445394,0.38626,0.41153927499999965,0.11328333271445394,0.38626,0.41153927499999965,0.11328333271445394,0.38626
9,Neck,123,1,Fall,0.5239233613445418,0.7328270676456196,5.1659679999999994,0.5239233613445418,0.7328270676456196,5.1659679999999994,0.5239233613445418,0.7328270676456196,5.1659679999999994,10.498852941176091,47.99118102851058,716.1700000000001,10.498852941176091,47.99118102851058,716.1700000000001,10.498852941176091,47.99118102851058,716.1700000000001,0.44915841250000005,0.10746008564804188,0.2947,0.44915841250000005,0.10746008564804188,0.2947,0.44915841250000005,0.10746008564804188,0.2947
9,Neck,123,2,Fall,0.44894026470588283,0.8029337284414985,8.302344,0.44894026470588283,0.8029337284414985,8.302344,0.44894026470588283,0.8029337284414985,8.302344,11.448411764705277,48.274895606157436,944.5100000000001,11.448411764705277,48.274895606157436,944.5100000000001,11.448411764705277,48.274895606157436,944.5100000000001,0.3063992749999997,0.22758694117379547,0.6202,0.3063992749999997,0.22758694117379547,0.6202,0.3063992749999997,0.22758694117379547,0.6202
9,Neck,124,1,Fall,0.7028246739495788,0.7117935621746717,6.9862079999999995,0.7028246739495788,0.7117935621746717,6.9862079999999995,0.7028246739495788,0.7117935621746717,6.9862079999999995,8.276352941176482,59.86056022431791,1049.65,8.276352941176482,59.86056022431791,1049.65,8.276352941176482,59.86056022431791,1049.65,0.3809255624999997,0.10525367720018718,0.36329999999999996,0.3809255624999997,0.10525367720018718,0.36329999999999996,0.3809255624999997,0.10525367720018718,0.36329999999999996
9,Neck,124,2,Fall,0.6668902403361358,0.7689251202215982,5.923344,0.6668902403361358,0.7689251202215982,5.923344,0.6668902403361358,0.7689251202215982,5.923344,7.535867647058828,62.98995613579696,682.0800000000002,7.535867647058828,62.98995613579696,682.0800000000002,7.535867647058828,62.98995613579696,682.0800000000002,0.37618796249999936,0.10403624224356242,0.36302,0.37618796249999936,0.10403624224356242,0.36302,0.37618796249999936,0.10403624224356242,0.36302
9,Neck,125,1,Fall,0.5966763184873973,0.6845390574329167,7.095032,0.5966763184873973,0.6845390574329167,7.095032,0.5966763184873973,0.6845390574329167,7.095032,10.359691176470426,44.39348316687624,682.0800000000002,10.359691176470426,44.39348316687624,682.0800000000002,10.359691176470426,44.39348316687624,682.0800000000002,0.22744828749999985,0.07001492462404826,0.6525399999999999,0.22744828749999985,0.07001492462404826,0.6525399999999999,0.22744828749999985,0.07001492462404826,0.6525399999999999
9,Neck,125,2,Fall,0.49169695882353065,0.743106458407789,7.873148,0.49169695882353065,0.743106458407789,7.873148,0.49169695882353065,0.743106458407789,7.873148,14.02336764705881,62.4933467270513,1146.8100000000002,14.02336764705881,62.4933467270513,1146.8100000000002,14.02336764705881,62.4933467270513,1146.8100000000002,0.1374337125000001,0.08983792174985206,0.61642,0.1374337125000001,0.08983792174985206,0.61642,0.1374337125000001,0.08983792174985206,0.61642
9,Neck,127,1,Fall,0.023402368067226977,0.25183851674629254,3.4984719999999996,0.023402368067226977,0.25183851674629254,3.4984719999999996,0.023402368067226977,0.25183851674629254,3.4984719999999996,6.142779411764676,17.108356306227044,488.74000000000007,6.142779411764676,17.108356306227044,488.74000000000007,6.142779411764676,17.108356306227044,488.74000000000007,0.2126990249999999,0.25462202548672724,0.56826,0.2126990249999999,0.25462202548672724,0.56826,0.2126990249999999,0.25462202548672724,0.56826
9,Neck,127,2,Fall,-0.03779790672268925,0.067376458596013,1.8051119999999998,-0.03779790672268925,0.067376458596013,1.8051119999999998,-0.03779790672268925,0.067376458596013,1.8051119999999998,5.046588235294026,14.587090005527578,381.08000000000004,5.046588235294026,14.587090005527578,381.08000000000004,5.046588235294026,14.587090005527578,381.08000000000004,0.15258652499999983,0.37925323883706624,0.8133999999999999,0.15258652499999983,0.37925323883706624,0.8133999999999999,0.15258652499999983,0.37925323883706624,0.8133999999999999
9,Neck,128,2,Fall,0.08001841596638638,0.37964620426967466,4.629412,0.08001841596638638,0.37964620426967466,4.629412,0.08001841596638638,0.37964620426967466,4.629412,-0.28983823529411584,31.25973071338027,420.77000000000004,-0.28983823529411584,31.25973071338027,420.77000000000004,-0.28983823529411584,31.25973071338027,420.77000000000004,0.0576229500000001,0.29251815178891233,0.7726599999999999,0.0576229500000001,0.29251815178891233,0.7726599999999999,0.0576229500000001,0.29251815178891233,0.7726599999999999
9,Neck,129,1,Fall,0.40286542689075555,0.4481984698747129,7.049404000000001,0.40286542689075555,0.4481984698747129,7.049404000000001,0.40286542689075555,0.4481984698747129,7.049404000000001,-0.755955882352944,54.7332810425005,934.6400000000001,-0.755955882352944,54.7332810425005,934.6400000000001,-0.755955882352944,54.7332810425005,934.6400000000001,0.184806825,0.32400138709532417,0.7951999999999999,0.184806825,0.32400138709532417,0.7951999999999999,0.184806825,0.32400138709532417,0.7951999999999999
9,Neck,131,1,Fall,0.5450074731092456,0.35043746633432493,1.4715639999999999,0.5450074731092456,0.35043746633432493,1.4715639999999999,0.5450074731092456,0.35043746633432493,1.4715639999999999,8.615441176470405,31.230260151371567,532.0,8.615441176470405,31.230260151371567,532.0,8.615441176470405,31.230260151371567,532.0,0.3872204000000002,0.05933200197091084,0.29512,0.3872204000000002,0.05933200197091084,0.29512,0.3872204000000002,0.05933200197091084,0.29512
9,Neck,131,2,Fall,0.680526303361343,0.22847697502221018,2.990952,0.680526303361343,0.22847697502221018,2.990952,0.680526303361343,0.22847697502221018,2.990952,9.585264705882375,55.630064043478455,1524.0400000000002,9.585264705882375,55.630064043478455,1524.0400000000002,9.585264705882375,55.630064043478455,1524.0400000000002,0.5148783499999993,0.058256883447972606,0.33404,0.5148783499999993,0.058256883447972606,0.33404,0.5148783499999993,0.058256883447972606,0.33404
9,Neck,132,1,Fall,0.4552948243697432,0.4663875717835676,2.77306,0.4552948243697432,0.4663875717835676,2.77306,0.4552948243697432,0.4663875717835676,2.77306,9.895044117646705,31.839096371965883,695.0300000000001,9.895044117646705,31.839096371965883,695.0300000000001,9.895044117646705,31.839096371965883,695.0300000000001,0.3951623374999997,0.16742706730118848,0.40936,0.3951623374999997,0.16742706730118848,0.40936,0.3951623374999997,0.16742706730118848,0.40936
9,Neck,133,1,Fall,0.39385639327731264,0.5279291242621222,5.467064,0.39385639327731264,0.5279291242621222,5.467064,0.39385639327731264,0.5279291242621222,5.467064,2.4197205882353,47.330855699265975,683.2,2.4197205882353,47.330855699265975,683.2,2.4197205882353,47.330855699265975,683.2,0.05893833750000019,0.27121272174486694,0.7951999999999999,0.05893833750000019,0.27121272174486694,0.7951999999999999,0.05893833750000019,0.27121272174486694,0.7951999999999999
9,Neck,134,1,Fall,0.4099482445378143,0.5384882889609726,6.618499999999999,0.4099482445378143,0.5384882889609726,6.618499999999999,0.4099482445378143,0.5384882889609726,6.618499999999999,6.194514705882353,37.32895630238747,834.0500000000002,6.194514705882353,37.32895630238747,834.0500000000002,6.194514705882353,37.32895630238747,834.0500000000002,0.19429121249999984,0.10205278280663854,0.60298,0.19429121249999984,0.10205278280663854,0.60298,0.19429121249999984,0.10205278280663854,0.60298
9,Neck,134,2,Fall,0.8393857327731093,0.23393664492969132,4.826808,0.8393857327731093,0.23393664492969132,4.826808,0.8393857327731093,0.23393664492969132,4.826808,5.746529411764679,56.01163410891263,1002.75,5.746529411764679,56.01163410891263,1002.75,5.746529411764679,56.01163410891263,1002.75,0.32427937499999976,0.09348646691524158,0.7041999999999999,0.32427937499999976,0.09348646691524158,0.7041999999999999,0.32427937499999976,0.09348646691524158,0.7041999999999999
9,Neck,135,1,Fall,0.9134224579831928,0.12038100288222124,3.0163279999999997,0.9134224579831928,0.12038100288222124,3.0163279999999997,0.9134224579831928,0.12038100288222124,3.0163279999999997,5.402676470588239,13.407842645275048,202.3,5.402676470588239,13.407842645275048,202.3,5.402676470588239,13.407842645275048,202.3,-0.07207637499999998,0.04084904674832736,0.16799999999999998,-0.07207637499999998,0.04084904674832736,0.16799999999999998,-0.07207637499999998,0.04084904674832736,0.16799999999999998
9,Neck,135,2,Fall,0.8734927294117643,0.12470446968287725,2.6888799999999997,0.8734927294117643,0.12470446968287725,2.6888799999999997,0.8734927294117643,0.12470446968287725,2.6888799999999997,4.670955882352941,15.715004223794558,296.52000000000004,4.670955882352941,15.715004223794558,296.52000000000004,4.670955882352941,15.715004223794558,296.52000000000004,-0.04515647500000003,0.06369982850580652,0.29498,-0.04515647500000003,0.06369982850580652,0.29498,-0.04515647500000003,0.06369982850580652,0.29498
10,Neck,13,1,No Fall,0.9471938521008387,0.05140112934330065,0.469456,0.9471938521008387,0.05140112934330065,0.469456,0.9471938521008387,0.05140112934330065,0.469456,4.417676470588229,17.069071859418674,152.25,4.417676470588229,17.069071859418674,152.25,4.417676470588229,17.069071859418674,152.25,0.1561530249999999,0.13372896635780274,0.5765199999999999,0.1561530249999999,0.13372896635780274,0.5765199999999999,0.1561530249999999,0.13372896635780274,0.5765199999999999
10,Neck,13,2,No Fall,0.9561915571428602,0.03353128865909915,0.2749879999999999,0.9561915571428602,0.03353128865909915,0.2749879999999999,0.9561915571428602,0.03353128865909915,0.2749879999999999,4.876058823529402,16.36059583266763,146.3,4.876058823529402,16.36059583266763,146.3,4.876058823529402,16.36059583266763,146.3,0.2771828499999997,0.0719093481186158,0.35014,0.2771828499999997,0.0719093481186158,0.35014,0.2771828499999997,0.0719093481186158,0.35014
10,Neck,13,3,No Fall,0.9622708478991594,0.028160257002191526,0.21813599999999989,0.9622708478991594,0.028160257002191526,0.21813599999999989,0.9622708478991594,0.028160257002191526,0.21813599999999989,6.925426470588244,7.42513586408909,60.06000000000001,6.925426470588244,7.42513586408909,60.06000000000001,6.925426470588244,7.42513586408909,60.06000000000001,0.22538599999999975,0.08820903685203675,0.40922,0.22538599999999975,0.08820903685203675,0.40922,0.22538599999999975,0.08820903685203675,0.40922
10,Neck,13,4,No Fall,0.9530454436974773,0.032080513449802575,0.2339960000000001,0.9530454436974773,0.032080513449802575,0.2339960000000001,0.9530454436974773,0.032080513449802575,0.2339960000000001,7.609911764705901,10.626533251426485,74.97000000000001,7.609911764705901,10.626533251426485,74.97000000000001,7.609911764705901,10.626533251426485,74.97000000000001,0.15701157499999993,0.08464291873409578,0.34524,0.15701157499999993,0.08464291873409578,0.34524,0.15701157499999993,0.08464291873409578,0.34524
10,Neck,13,5,No Fall,0.7120098386554609,0.07150884697737533,0.5416799999999999,0.7120098386554609,0.07150884697737533,0.5416799999999999,0.7120098386554609,0.07150884697737533,0.5416799999999999,-2.63939705882354,20.861291700164763,134.75,-2.63939705882354,20.861291700164763,134.75,-2.63939705882354,20.861291700164763,134.75,0.17249504999999968,0.15100119756822916,0.58814,0.17249504999999968,0.15100119756822916,0.58814,0.17249504999999968,0.15100119756822916,0.58814
10,Neck,13,6,No Fall,0.7704943831932749,0.06688950585773688,0.50874,0.7704943831932749,0.06688950585773688,0.50874,0.7704943831932749,0.06688950585773688,0.50874,3.8866764705882386,13.76604232488618,122.78000000000002,3.8866764705882386,13.76604232488618,122.78000000000002,3.8866764705882386,13.76604232488618,122.78000000000002,0.27660412500000003,0.07070488693953608,0.34734,0.27660412500000003,0.07070488693953608,0.34734,0.27660412500000003,0.07070488693953608,0.34734
10,Neck,13,7,No Fall,0.921283666386556,0.03212449551829139,0.28133200000000014,0.921283666386556,0.03212449551829139,0.28133200000000014,0.921283666386556,0.03212449551829139,0.28133200000000014,7.950382352941086,13.129910470400453,81.13000000000001,7.950382352941086,13.129910470400453,81.13000000000001,7.950382352941086,13.129910470400453,81.13000000000001,0.257270475,0.07820120965188934,0.27762,0.257270475,0.07820120965188934,0.27762,0.257270475,0.07820120965188934,0.27762
10,Neck,13,8,No Fall,0.9017963193277332,0.026091063423098335,0.21081600000000011,0.9017963193277332,0.026091063423098335,0.21081600000000011,0.9017963193277332,0.026091063423098335,0.21081600000000011,7.570294117647074,10.517605660373167,93.45000000000002,7.570294117647074,10.517605660373167,93.45000000000002,7.570294117647074,10.517605660373167,93.45000000000002,0.3261614999999997,0.0399095926939016,0.23001999999999997,0.3261614999999997,0.0399095926939016,0.23001999999999997,0.3261614999999997,0.0399095926939016,0.23001999999999997
10,Neck,13,9,No Fall,0.16602831344537847,0.12478464773549426,0.47043199999999996,0.16602831344537847,0.12478464773549426,0.47043199999999996,0.16602831344537847,0.12478464773549426,0.47043199999999996,-2.522323529411814,16.947845200027412,104.09,-2.522323529411814,16.947845200027412,104.09,-2.522323529411814,16.947845200027412,104.09,0.38005589999999984,0.1378132132608599,0.40641999999999995,0.38005589999999984,0.1378132132608599,0.40641999999999995,0.38005589999999984,0.1378132132608599,0.40641999999999995
10,Neck,13,10,No Fall,0.17965945546218517,0.09398748702512437,0.334768,0.17965945546218517,0.09398748702512437,0.334768,0.17965945546218517,0.09398748702512437,0.334768,5.412205882352938,5.142314785469158,59.080000000000005,5.412205882352938,5.142314785469158,59.080000000000005,5.412205882352938,5.142314785469158,59.080000000000005,0.4868730125000004,0.03775495686535458,0.14756000000000002,0.4868730125000004,0.03775495686535458,0.14756000000000002,0.4868730125000004,0.03775495686535458,0.14756000000000002
10,Neck,13,11,No Fall,0.2467929798319334,0.07764259006601522,0.386252,0.2467929798319334,0.07764259006601522,0.386252,0.2467929798319334,0.07764259006601522,0.386252,9.44599999999984,25.59246239138502,160.16000000000003,9.44599999999984,25.59246239138502,160.16000000000003,9.44599999999984,25.59246239138502,160.16000000000003,0.3889711874999998,0.04890218794267628,0.24961999999999995,0.3889711874999998,0.04890218794267628,0.24961999999999995,0.3889711874999998,0.04890218794267628,0.24961999999999995
10,Neck,13,12,No Fall,0.1961760512605042,0.10821902257537852,0.527528,0.1961760512605042,0.10821902257537852,0.527528,0.1961760512605042,0.10821902257537852,0.527528,7.671132352940988,18.358794428947633,143.99,7.671132352940988,18.358794428947633,143.99,7.671132352940988,18.358794428947633,143.99,0.4688165999999997,0.043831217770237865,0.22652,0.4688165999999997,0.043831217770237865,0.22652,0.4688165999999997,0.043831217770237865,0.22652
10,Neck,14,1,No Fall,0.9497194571428564,0.03988248535094941,0.31378399999999995,0.9497194571428564,0.03988248535094941,0.31378399999999995,0.9497194571428564,0.03988248535094941,0.31378399999999995,6.222132352941181,13.388065348327574,106.96000000000001,6.222132352941181,13.388065348327574,106.96000000000001,6.222132352941181,13.388065348327574,106.96000000000001,0.22717756249999993,0.12914826560924958,0.57582,0.22717756249999993,0.12914826560924958,0.57582,0.22717756249999993,0.12914826560924958,0.57582
10,Neck,14,2,No Fall,0.9575046974789887,0.04197466211372425,0.2981680000000001,0.9575046974789887,0.04197466211372425,0.2981680000000001,0.9575046974789887,0.04197466211372425,0.2981680000000001,6.135779411764672,12.480400473875557,126.84,6.135779411764672,12.480400473875557,126.84,6.135779411764672,12.480400473875557,126.84,0.3044459249999996,0.0684949372630089,0.29904,0.3044459249999996,0.0684949372630089,0.29904,0.3044459249999996,0.0684949372630089,0.29904
10,Neck,14,3,No Fall,0.9472297344537859,0.037875611145081825,0.26425200000000004,0.9472297344537859,0.037875611145081825,0.26425200000000004,0.9472297344537859,0.037875611145081825,0.26425200000000004,4.4651764705882355,7.24533217293942,59.92000000000001,4.4651764705882355,7.24533217293942,59.92000000000001,4.4651764705882355,7.24533217293942,59.92000000000001,0.2435440875000001,0.06349553472783602,0.28546,0.2435440875000001,0.06349553472783602,0.28546,0.2435440875000001,0.06349553472783602,0.28546
10,Neck,14,4,No Fall,0.9545656764705898,0.03292451139036269,0.38259199999999993,0.9545656764705898,0.03292451139036269,0.38259199999999993,0.9545656764705898,0.03292451139036269,0.38259199999999993,4.562558823529422,8.95456458011227,94.92000000000002,4.562558823529422,8.95456458011227,94.92000000000002,4.562558823529422,8.95456458011227,94.92000000000002,0.1764816375000001,0.0785568938989795,0.32465999999999995,0.1764816375000001,0.0785568938989795,0.32465999999999995,0.1764816375000001,0.0785568938989795,0.32465999999999995
10,Neck,14,5,No Fall,0.7504221025210087,0.07381650974535378,0.2813319999999999,0.7504221025210087,0.07381650974535378,0.2813319999999999,0.7504221025210087,0.07381650974535378,0.2813319999999999,0.8788676470588219,17.000294044628422,135.87,0.8788676470588219,17.000294044628422,135.87,0.8788676470588219,17.000294044628422,135.87,0.2780324749999999,0.11342481155724862,0.5592999999999999,0.2780324749999999,0.11342481155724862,0.5592999999999999,0.2780324749999999,0.11342481155724862,0.5592999999999999
10,Neck,14,6,No Fall,0.87633917394958,0.027055795610618116,0.25351599999999996,0.87633917394958,0.027055795610618116,0.25351599999999996,0.87633917394958,0.027055795610618116,0.25351599999999996,5.8377794117646955,11.083340079715471,99.05000000000001,5.8377794117646955,11.083340079715471,99.05000000000001,5.8377794117646955,11.083340079715471,99.05000000000001,0.3215977625000003,0.05399986839206256,0.28013999999999994,0.3215977625000003,0.05399986839206256,0.28013999999999994,0.3215977625000003,0.05399986839206256,0.28013999999999994
10,Neck,14,7,No Fall,0.9185870050420173,0.02556742155538839,0.20398400000000005,0.9185870050420173,0.02556742155538839,0.20398400000000005,0.9185870050420173,0.02556742155538839,0.20398400000000005,3.0090000000000017,8.880077721529656,60.97000000000001,3.0090000000000017,8.880077721529656,60.97000000000001,3.0090000000000017,8.880077721529656,60.97000000000001,0.21314483749999988,0.08532502698207613,0.37029999999999996,0.21314483749999988,0.08532502698207613,0.37029999999999996,0.21314483749999988,0.08532502698207613,0.37029999999999996
10,Neck,14,8,No Fall,0.9004236655462169,0.02224734697238857,0.16006399999999987,0.9004236655462169,0.02224734697238857,0.16006399999999987,0.9004236655462169,0.02224734697238857,0.16006399999999987,6.0900735294117725,5.661766985216376,58.59,6.0900735294117725,5.661766985216376,58.59,6.0900735294117725,5.661766985216376,58.59,0.19792771250000016,0.10310689221522129,0.30394,0.19792771250000016,0.10310689221522129,0.30394,0.19792771250000016,0.10310689221522129,0.30394
10,Neck,14,9,No Fall,0.18276450924369747,0.1350611831814868,0.435052,0.18276450924369747,0.1350611831814868,0.435052,0.18276450924369747,0.1350611831814868,0.435052,-6.627029411764701,19.910024169981007,101.29,-6.627029411764701,19.910024169981007,101.29,-6.627029411764701,19.910024169981007,101.29,0.4306234624999998,0.11021209551591812,0.44716,0.4306234624999998,0.11021209551591812,0.44716,0.4306234624999998,0.11021209551591812,0.44716
10,Neck,14,10,No Fall,0.1652438739495797,0.12480335003625029,0.49995600000000007,0.1652438739495797,0.12480335003625029,0.49995600000000007,0.1652438739495797,0.12480335003625029,0.49995600000000007,5.504102941176491,4.785691862211073,44.17,5.504102941176491,4.785691862211073,44.17,5.504102941176491,4.785691862211073,44.17,0.46932550000000084,0.029650595751059442,0.14798,0.46932550000000084,0.029650595751059442,0.14798,0.46932550000000084,0.029650595751059442,0.14798
10,Neck,14,11,No Fall,0.24434698235294197,0.07455874572878347,0.37722399999999995,0.24434698235294197,0.07455874572878347,0.37722399999999995,0.24434698235294197,0.07455874572878347,0.37722399999999995,0.6902500000000223,14.899660414909397,100.45,0.6902500000000223,14.899660414909397,100.45,0.6902500000000223,14.899660414909397,100.45,0.3677931249999999,0.06330348083567812,0.25871999999999995,0.3677931249999999,0.06330348083567812,0.25871999999999995,0.3677931249999999,0.06330348083567812,0.25871999999999995
10,Neck,14,12,No Fall,0.16613242352941193,0.09983586337023065,0.465308,0.16613242352941193,0.09983586337023065,0.465308,0.16613242352941193,0.09983586337023065,0.465308,6.676911764705895,7.935078577591829,77.35000000000001,6.676911764705895,7.935078577591829,77.35000000000001,6.676911764705895,7.935078577591829,77.35000000000001,0.3849542374999998,0.13273942335310066,0.3357199999999999,0.3849542374999998,0.13273942335310066,0.3357199999999999,0.3849542374999998,0.13273942335310066,0.3357199999999999
10,Neck,15,1,No Fall,0.9456734142857162,0.17622753650749015,3.942796,0.9456734142857162,0.17622753650749015,3.942796,0.9456734142857162,0.17622753650749015,3.942796,5.847544117647061,29.15208108453516,628.8100000000001,5.847544117647061,29.15208108453516,628.8100000000001,5.847544117647061,29.15208108453516,628.8100000000001,0.2448532624999995,0.06774167482372681,0.35475999999999996,0.2448532624999995,0.06774167482372681,0.35475999999999996,0.2448532624999995,0.06774167482372681,0.35475999999999996
10,Neck,15,2,No Fall,0.8039712344537789,0.18273932388510952,4.2724400000000005,0.8039712344537789,0.18273932388510952,4.2724400000000005,0.8039712344537789,0.18273932388510952,4.2724400000000005,5.503499999999993,36.467291963712285,968.6600000000001,5.503499999999993,36.467291963712285,968.6600000000001,5.503499999999993,36.467291963712285,968.6600000000001,0.29748538750000025,0.06673017916754133,0.30449999999999994,0.29748538750000025,0.06673017916754133,0.30449999999999994,0.29748538750000025,0.06673017916754133,0.30449999999999994
10,Neck,15,3,No Fall,0.07916662016806703,0.08419734875715157,1.909544,0.07916662016806703,0.08419734875715157,1.909544,0.07916662016806703,0.08419734875715157,1.909544,5.48267647058819,8.55606772748403,206.85000000000002,5.48267647058819,8.55606772748403,206.85000000000002,5.48267647058819,8.55606772748403,206.85000000000002,0.4985253875000001,0.024228097855143148,0.18269999999999997,0.4985253875000001,0.024228097855143148,0.18269999999999997,0.4985253875000001,0.024228097855143148,0.18269999999999997
10,Neck,16,1,No Fall,0.523505588235293,0.4992934807360621,1.2875880000000002,0.523505588235293,0.4992934807360621,1.2875880000000002,0.523505588235293,0.4992934807360621,1.2875880000000002,4.893882352941182,17.026477649045752,130.27,4.893882352941182,17.026477649045752,130.27,4.893882352941182,17.026477649045752,130.27,0.11585227499999999,0.18846305766619048,0.6802599999999999,0.11585227499999999,0.18846305766619048,0.6802599999999999,0.11585227499999999,0.18846305766619048,0.6802599999999999
10,Neck,16,2,No Fall,0.6476452529411769,0.2301133914846487,1.13216,0.6476452529411769,0.2301133914846487,1.13216,0.6476452529411769,0.2301133914846487,1.13216,4.723485294117661,17.203840464381273,146.3,4.723485294117661,17.203840464381273,146.3,4.723485294117661,17.203840464381273,146.3,0.2699428374999997,0.14044862413427853,0.49238,0.2699428374999997,0.14044862413427853,0.49238,0.2699428374999997,0.14044862413427853,0.49238
10,Neck,16,3,No Fall,0.690830484873948,0.2628376154041838,1.087264,0.690830484873948,0.2628376154041838,1.087264,0.690830484873948,0.2628376154041838,1.087264,4.984264705882362,24.723749175180878,201.67000000000002,4.984264705882362,24.723749175180878,201.67000000000002,4.984264705882362,24.723749175180878,201.67000000000002,0.2807076124999998,0.15389112583229442,0.60956,0.2807076124999998,0.15389112583229442,0.60956,0.2807076124999998,0.15389112583229442,0.60956
10,Neck,16,4,No Fall,0.523115136974789,0.16621009548745175,1.15412,0.523115136974789,0.16621009548745175,1.15412,0.523115136974789,0.16621009548745175,1.15412,1.3475735294117683,25.371997837673444,319.34000000000003,1.3475735294117683,25.371997837673444,319.34000000000003,1.3475735294117683,25.371997837673444,319.34000000000003,0.3396625749999997,0.1902479638214447,0.7743399999999999,0.3396625749999997,0.1902479638214447,0.7743399999999999,0.3396625749999997,0.1902479638214447,0.7743399999999999
10,Neck,16,5,No Fall,0.5115092974789923,0.23912412553111387,2.235284,0.5115092974789923,0.23912412553111387,2.235284,0.5115092974789923,0.23912412553111387,2.235284,-3.5472794117646944,25.002072707808985,295.96000000000004,-3.5472794117646944,25.002072707808985,295.96000000000004,-3.5472794117646944,25.002072707808985,295.96000000000004,0.35026285,0.1611502836239284,0.6918799999999999,0.35026285,0.1611502836239284,0.6918799999999999,0.35026285,0.1611502836239284,0.6918799999999999
10,Neck,16,6,No Fall,0.6022731966386539,0.3216038681260209,3.135888,0.6022731966386539,0.3216038681260209,3.135888,0.6022731966386539,0.3216038681260209,3.135888,-1.3936176470588237,25.531432493250357,254.8,-1.3936176470588237,25.531432493250357,254.8,-1.3936176470588237,25.531432493250357,254.8,0.27195052499999983,0.19620219526834262,0.8044399999999999,0.27195052499999983,0.19620219526834262,0.8044399999999999,0.27195052499999983,0.19620219526834262,0.8044399999999999
10,Neck,17,1,No Fall,-0.06638378823529445,0.320524123421775,1.597712,-0.06638378823529445,0.320524123421775,1.597712,-0.06638378823529445,0.320524123421775,1.597712,8.891029411764498,22.300703054979007,167.79000000000002,8.891029411764498,22.300703054979007,167.79000000000002,8.891029411764498,22.300703054979007,167.79000000000002,-0.0008784124999999573,0.10434288756353029,0.42489999999999994,-0.0008784124999999573,0.10434288756353029,0.42489999999999994,-0.0008784124999999573,0.10434288756353029,0.42489999999999994
10,Neck,17,2,No Fall,0.07989344285714359,0.3925553910030931,1.613816,0.07989344285714359,0.3925553910030931,1.613816,0.07989344285714359,0.3925553910030931,1.613816,5.896970588235293,17.185139793916917,122.22,5.896970588235293,17.185139793916917,122.22,5.896970588235293,17.185139793916917,122.22,0.015356249999999955,0.08944715174075747,0.42069999999999996,0.015356249999999955,0.08944715174075747,0.42069999999999996,0.015356249999999955,0.08944715174075747,0.42069999999999996
10,Neck,17,3,No Fall,0.029881644537815888,0.7002339247978471,2.659112,0.029881644537815888,0.7002339247978471,2.659112,0.029881644537815888,0.7002339247978471,2.659112,2.6794117647058697,25.800870950117357,226.52000000000004,2.6794117647058697,25.800870950117357,226.52000000000004,2.6794117647058697,25.800870950117357,226.52000000000004,0.10262192499999995,0.20336190763443734,0.6445599999999999,0.10262192499999995,0.20336190763443734,0.6445599999999999,0.10262192499999995,0.20336190763443734,0.6445599999999999
10,Neck,17,4,No Fall,0.030026763025209534,0.7335514039983186,2.245044,0.030026763025209534,0.7335514039983186,2.245044,0.030026763025209534,0.7335514039983186,2.245044,4.6978088235294075,25.184009823649042,319.34000000000003,4.6978088235294075,25.184009823649042,319.34000000000003,4.6978088235294075,25.184009823649042,319.34000000000003,0.16797795000000004,0.20411187641488684,0.74088,0.16797795000000004,0.20411187641488684,0.74088,0.16797795000000004,0.20411187641488684,0.74088
10,Neck,17,5,No Fall,-0.017527811764706188,0.7567362882219206,3.799568,-0.017527811764706188,0.7567362882219206,3.799568,-0.017527811764706188,0.7567362882219206,3.799568,-0.03441176470588445,25.68676868569263,295.96000000000004,-0.03441176470588445,25.68676868569263,295.96000000000004,-0.03441176470588445,25.68676868569263,295.96000000000004,0.2038145375000002,0.19656017617181903,0.6748,0.2038145375000002,0.19656017617181903,0.6748,0.2038145375000002,0.19656017617181903,0.6748
10,Neck,17,6,No Fall,0.12706023193277516,0.834403293063904,5.203787999999999,0.12706023193277516,0.834403293063904,5.203787999999999,0.12706023193277516,0.834403293063904,5.203787999999999,0.7014411764705898,22.85488246830313,270.69000000000005,0.7014411764705898,22.85488246830313,270.69000000000005,0.7014411764705898,22.85488246830313,270.69000000000005,0.08188258750000005,0.11912209599041881,0.48845999999999995,0.08188258750000005,0.11912209599041881,0.48845999999999995,0.08188258750000005,0.11912209599041881,0.48845999999999995
10,Neck,18,1,No Fall,0.3274417462184871,0.4960620747395531,1.2805119999999999,0.3274417462184871,0.4960620747395531,1.2805119999999999,0.3274417462184871,0.4960620747395531,1.2805119999999999,2.5558970588235286,17.423225060252882,111.16000000000001,2.5558970588235286,17.423225060252882,111.16000000000001,2.5558970588235286,17.423225060252882,111.16000000000001,0.16705552499999982,0.09087129776749146,0.37617999999999996,0.16705552499999982,0.09087129776749146,0.37617999999999996,0.16705552499999982,0.09087129776749146,0.37617999999999996
10,Neck,18,2,No Fall,0.17788286890756336,0.5091005728639006,1.23464,0.17788286890756336,0.5091005728639006,1.23464,0.17788286890756336,0.5091005728639006,1.23464,10.952176470588146,18.589194783317215,141.54000000000002,10.952176470588146,18.589194783317215,141.54000000000002,10.952176470588146,18.589194783317215,141.54000000000002,0.11722786250000007,0.13408848930196468,0.4461799999999999,0.11722786250000007,0.13408848930196468,0.4461799999999999,0.11722786250000007,0.13408848930196468,0.4461799999999999
10,Neck,18,3,No Fall,-0.16761257058823606,0.5863653108630723,1.5350039999999998,-0.16761257058823606,0.5863653108630723,1.5350039999999998,-0.16761257058823606,0.5863653108630723,1.5350039999999998,14.04298529411761,24.22805815734832,154.14000000000001,14.04298529411761,24.22805815734832,154.14000000000001,14.04298529411761,24.22805815734832,154.14000000000001,0.1441424250000001,0.2200653911712699,0.5955599999999999,0.1441424250000001,0.2200653911712699,0.5955599999999999,0.1441424250000001,0.2200653911712699,0.5955599999999999
10,Neck,18,4,No Fall,-0.32636937647058767,0.5445943590050483,1.4435040000000001,-0.32636937647058767,0.5445943590050483,1.4435040000000001,-0.32636937647058767,0.5445943590050483,1.4435040000000001,7.250735294117633,20.017325823965024,162.89000000000001,7.250735294117633,20.017325823965024,162.89000000000001,7.250735294117633,20.017325823965024,162.89000000000001,0.26402468749999963,0.17339887832727024,0.4933599999999999,0.26402468749999963,0.17339887832727024,0.4933599999999999,0.26402468749999963,0.17339887832727024,0.4933599999999999
10,Neck,18,5,No Fall,-0.26377584117646946,0.5495537743298418,1.565016,-0.26377584117646946,0.5495537743298418,1.565016,-0.26377584117646946,0.5495537743298418,1.565016,-1.4532647058823576,22.69904194000277,137.69,-1.4532647058823576,22.69904194000277,137.69,-1.4532647058823576,22.69904194000277,137.69,0.2560062750000001,0.1385299764025848,0.48383999999999994,0.2560062750000001,0.1385299764025848,0.48383999999999994,0.2560062750000001,0.1385299764025848,0.48383999999999994
10,Neck,18,6,No Fall,-0.34359598151260556,0.5502462433818731,1.4425279999999998,-0.34359598151260556,0.5502462433818731,1.4425279999999998,-0.34359598151260556,0.5502462433818731,1.4425279999999998,6.0957058823529495,17.48824106138,132.23000000000002,6.0957058823529495,17.48824106138,132.23000000000002,6.0957058823529495,17.48824106138,132.23000000000002,0.2320030124999999,0.15247173030438665,0.48202,0.2320030124999999,0.15247173030438665,0.48202,0.2320030124999999,0.15247173030438665,0.48202
10,Neck,19,1,No Fall,0.9718852168067224,0.06648635842001478,0.599264,0.9718852168067224,0.06648635842001478,0.599264,0.9718852168067224,0.06648635842001478,0.599264,5.418558823529411,10.33350276984202,95.48000000000002,5.418558823529411,10.33350276984202,95.48000000000002,5.418558823529411,10.33350276984202,95.48000000000002,0.2649624249999998,0.04376150494945901,0.2065,0.2649624249999998,0.04376150494945901,0.2065,0.2649624249999998,0.04376150494945901,0.2065
10,Neck,20,1,No Fall,0.9721782731092412,0.09639023156919796,0.667096,0.9721782731092412,0.09639023156919796,0.667096,0.9721782731092412,0.09639023156919796,0.667096,5.443647058823515,11.654080607543186,95.48000000000002,5.443647058823515,11.654080607543186,95.48000000000002,5.443647058823515,11.654080607543186,95.48000000000002,0.17909237499999978,0.02493274048970708,0.12641999999999998,0.17909237499999978,0.02493274048970708,0.12641999999999998,0.17909237499999978,0.02493274048970708,0.12641999999999998
10,Neck,20,3,No Fall,0.9589267151260529,0.12459575450545887,0.6922280000000001,0.9589267151260529,0.12459575450545887,0.6922280000000001,0.9589267151260529,0.12459575450545887,0.6922280000000001,5.502676470588242,20.37854209392497,160.16000000000003,5.502676470588242,20.37854209392497,160.16000000000003,5.502676470588242,20.37854209392497,160.16000000000003,0.003132674999999995,0.024823240151653037,0.15148,0.003132674999999995,0.024823240151653037,0.15148,0.003132674999999995,0.024823240151653037,0.15148
10,Neck,20,5,No Fall,0.9130252915966379,0.15767050530456841,0.8674200000000001,0.9130252915966379,0.15767050530456841,0.8674200000000001,0.9130252915966379,0.15767050530456841,0.8674200000000001,6.346941176470585,22.050084389237586,146.51000000000002,6.346941176470585,22.050084389237586,146.51000000000002,6.346941176470585,22.050084389237586,146.51000000000002,-0.003878175000000003,0.031453210288343816,0.13118,-0.003878175000000003,0.031453210288343816,0.13118,-0.003878175000000003,0.031453210288343816,0.13118
10,Neck,21,1,No Fall,0.973871561344534,0.06016094661163305,0.581696,0.973871561344534,0.06016094661163305,0.581696,0.973871561344534,0.06016094661163305,0.581696,5.305588235294095,8.155548347543228,76.02000000000001,5.305588235294095,8.155548347543228,76.02000000000001,5.305588235294095,8.155548347543228,76.02000000000001,0.15448308749999998,0.01958727795351773,0.11311999999999998,0.15448308749999998,0.01958727795351773,0.11311999999999998,0.15448308749999998,0.01958727795351773,0.11311999999999998
10,Neck,21,2,No Fall,0.9738705361344552,0.11844927486839381,0.9928359999999999,0.9738705361344552,0.11844927486839381,0.9928359999999999,0.9738705361344552,0.11844927486839381,0.9928359999999999,5.927558823529424,14.250406419950014,157.15000000000003,5.927558823529424,14.250406419950014,157.15000000000003,5.927558823529424,14.250406419950014,157.15000000000003,0.2868260500000001,0.08153535849602712,0.28657999999999995,0.2868260500000001,0.08153535849602712,0.28657999999999995,0.2868260500000001,0.08153535849602712,0.28657999999999995
10,Neck,21,6,No Fall,0.9252069915966361,0.14319639805917384,1.1424079999999999,0.9252069915966361,0.14319639805917384,1.1424079999999999,0.9252069915966361,0.14319639805917384,1.1424079999999999,3.9242058823529367,24.854834883016956,189.63000000000002,3.9242058823529367,24.854834883016956,189.63000000000002,3.9242058823529367,24.854834883016956,189.63000000000002,0.21844357500000014,0.12182381502157473,0.37295999999999996,0.21844357500000014,0.12182381502157473,0.37295999999999996,0.21844357500000014,0.12182381502157473,0.37295999999999996
10,Neck,22,1,No Fall,0.9661940193277322,0.35634055999676056,1.4439920000000002,0.9661940193277322,0.35634055999676056,1.4439920000000002,0.9661940193277322,0.35634055999676056,1.4439920000000002,5.824544117647043,30.139130388689292,210.07000000000002,5.824544117647043,30.139130388689292,210.07000000000002,5.824544117647043,30.139130388689292,210.07000000000002,0.37957263750000003,0.015763394571724,0.09632000000000002,0.37957263750000003,0.015763394571724,0.09632000000000002,0.37957263750000003,0.015763394571724,0.09632000000000002
10,Neck,22,2,No Fall,0.971275729411766,0.3714160248921799,1.524512,0.971275729411766,0.3714160248921799,1.524512,0.971275729411766,0.3714160248921799,1.524512,5.4715882352941225,32.07821634403078,196.84000000000003,5.4715882352941225,32.07821634403078,196.84000000000003,5.4715882352941225,32.07821634403078,196.84000000000003,0.36990379999999995,0.017954915968604518,0.10318,0.36990379999999995,0.017954915968604518,0.10318,0.36990379999999995,0.017954915968604518,0.10318
10,Neck,23,1,No Fall,0.9524863453781537,0.2360210484399499,2.718648,0.9524863453781537,0.2360210484399499,2.718648,0.9524863453781537,0.2360210484399499,2.718648,5.714308823529418,24.493615176060647,473.97,5.714308823529418,24.493615176060647,473.97,5.714308823529418,24.493615176060647,473.97,-0.00639624999999999,0.024808647162759163,0.13706,-0.00639624999999999,0.024808647162759163,0.13706,-0.00639624999999999,0.024808647162759163,0.13706
10,Neck,23,2,No Fall,0.9660071747899186,0.2223172393395374,2.395592,0.9660071747899186,0.2223172393395374,2.395592,0.9660071747899186,0.2223172393395374,2.395592,5.663294117647068,27.43609096814946,465.08000000000004,5.663294117647068,27.43609096814946,465.08000000000004,5.663294117647068,27.43609096814946,465.08000000000004,0.374098287500001,0.025277657561564526,0.17275999999999997,0.374098287500001,0.025277657561564526,0.17275999999999997,0.374098287500001,0.025277657561564526,0.17275999999999997
10,Neck,23,3,No Fall,0.9521877529411749,0.24888497794946518,2.6315399999999998,0.9521877529411749,0.24888497794946518,2.6315399999999998,0.9521877529411749,0.24888497794946518,2.6315399999999998,5.251735294117635,35.42529810520896,494.48,5.251735294117635,35.42529810520896,494.48,5.251735294117635,35.42529810520896,494.48,0.2637946499999998,0.04161535162424139,0.2149,0.2637946499999998,0.04161535162424139,0.2149,0.2637946499999998,0.04161535162424139,0.2149
10,Neck,24,1,No Fall,0.9328747941176497,0.8738754388121086,3.47212,0.9328747941176497,0.8738754388121086,3.47212,0.9328747941176497,0.8738754388121086,3.47212,5.648000000000011,55.032951595639645,346.5,5.648000000000011,55.032951595639645,346.5,5.648000000000011,55.032951595639645,346.5,0.05431413750000015,0.019798760243967112,0.12852,0.05431413750000015,0.019798760243967112,0.12852,0.05431413750000015,0.019798760243967112,0.12852
10,Neck,24,3,No Fall,0.9439069260504197,0.8425675676980554,3.1061199999999998,0.9439069260504197,0.8425675676980554,3.1061199999999998,0.9439069260504197,0.8425675676980554,3.1061199999999998,5.774014705882334,53.36016347439025,363.51000000000005,5.774014705882334,53.36016347439025,363.51000000000005,5.774014705882334,53.36016347439025,363.51000000000005,0.3245908750000005,0.038607512095811966,0.21993999999999997,0.3245908750000005,0.038607512095811966,0.21993999999999997,0.3245908750000005,0.038607512095811966,0.21993999999999997
10,Neck,25,1,No Fall,0.884736464705882,1.15457126699483,4.610379999999999,0.884736464705882,1.15457126699483,4.610379999999999,0.884736464705882,1.15457126699483,4.610379999999999,3.4153235294117557,84.53670048538696,608.3000000000001,3.4153235294117557,84.53670048538696,608.3000000000001,3.4153235294117557,84.53670048538696,608.3000000000001,0.4460896125000005,0.024914419992286836,0.15105999999999997,0.4460896125000005,0.024914419992286836,0.15105999999999997,0.4460896125000005,0.024914419992286836,0.15105999999999997
10,Neck,26,1,No Fall,0.9693070697478985,0.22172067121889105,3.796884,0.9693070697478985,0.22172067121889105,3.796884,0.9693070697478985,0.22172067121889105,3.796884,5.167779411764726,16.21808215237133,263.06000000000006,5.167779411764726,16.21808215237133,263.06000000000006,5.167779411764726,16.21808215237133,263.06000000000006,0.31764013749999986,0.02645747186272614,0.15456000000000003,0.31764013749999986,0.02645747186272614,0.15456000000000003,0.31764013749999986,0.02645747186272614,0.15456000000000003
10,Neck,26,2,No Fall,0.9678400453781492,0.25041150288162634,3.945236,0.9678400453781492,0.25041150288162634,3.945236,0.9678400453781492,0.25041150288162634,3.945236,6.101279411764712,20.731046758607818,293.86,6.101279411764712,20.731046758607818,293.86,6.101279411764712,20.731046758607818,293.86,0.23765227500000005,0.03645572021006296,0.24191999999999997,0.23765227500000005,0.03645572021006296,0.24191999999999997,0.23765227500000005,0.03645572021006296,0.24191999999999997
10,Neck,26,3,No Fall,0.9614310470588235,0.2560873891074684,5.511228,0.9614310470588235,0.2560873891074684,5.511228,0.9614310470588235,0.2560873891074684,5.511228,5.430088235294107,18.160248553337723,394.31000000000006,5.430088235294107,18.160248553337723,394.31000000000006,5.430088235294107,18.160248553337723,394.31000000000006,0.15708507499999994,0.03073212839304499,0.1792,0.15708507499999994,0.03073212839304499,0.1792,0.15708507499999994,0.03073212839304499,0.1792
10,Neck,26,4,No Fall,0.959130629411766,0.27099581015908625,4.2980599999999995,0.959130629411766,0.27099581015908625,4.2980599999999995,0.959130629411766,0.27099581015908625,4.2980599999999995,5.900529411764697,25.949001957655728,329.14000000000004,5.900529411764697,25.949001957655728,329.14000000000004,5.900529411764697,25.949001957655728,329.14000000000004,0.1251861624999999,0.030673983602841442,0.18018,0.1251861624999999,0.030673983602841442,0.18018,0.1251861624999999,0.030673983602841442,0.18018
10,Neck,27,1,No Fall,0.9675658529411783,0.27172786730708276,4.48594,0.9675658529411783,0.27172786730708276,4.48594,0.9675658529411783,0.27172786730708276,4.48594,5.772220588235292,20.083085836478336,483.0,5.772220588235292,20.083085836478336,483.0,5.772220588235292,20.083085836478336,483.0,0.33965916249999917,0.03493381171657693,0.17401999999999995,0.33965916249999917,0.03493381171657693,0.17401999999999995,0.33965916249999917,0.03493381171657693,0.17401999999999995
10,Neck,27,2,No Fall,0.9671126588235295,0.321382455470243,5.268936,0.9671126588235295,0.321382455470243,5.268936,0.9671126588235295,0.321382455470243,5.268936,5.813044117647063,26.112848239102163,467.67,5.813044117647063,26.112848239102163,467.67,5.813044117647063,26.112848239102163,467.67,0.2492223999999995,0.040496262009758054,0.22666,0.2492223999999995,0.040496262009758054,0.22666,0.2492223999999995,0.040496262009758054,0.22666
10,Neck,27,3,No Fall,0.9571904193277282,0.28420426624141093,5.1037479999999995,0.9571904193277282,0.28420426624141093,5.1037479999999995,0.9571904193277282,0.28420426624141093,5.1037479999999995,5.4555882352941,21.452666049638314,433.7900000000001,5.4555882352941,21.452666049638314,433.7900000000001,5.4555882352941,21.452666049638314,433.7900000000001,0.17748500000000025,0.03614011060783732,0.20439999999999997,0.17748500000000025,0.03614011060783732,0.20439999999999997,0.17748500000000025,0.03614011060783732,0.20439999999999997
10,Neck,28,1,No Fall,0.9016475100840351,0.23769392736348585,1.210728,0.9016475100840351,0.23769392736348585,1.210728,0.9016475100840351,0.23769392736348585,1.210728,5.394779411764704,32.06114636100849,350.84000000000003,5.394779411764704,32.06114636100849,350.84000000000003,5.394779411764704,32.06114636100849,350.84000000000003,0.35428251249999976,0.04864110456800749,0.26305999999999996,0.35428251249999976,0.04864110456800749,0.26305999999999996,0.35428251249999976,0.04864110456800749,0.26305999999999996
10,Neck,28,2,No Fall,0.9147604596638671,0.2313452021338926,1.358104,0.9147604596638671,0.2313452021338926,1.358104,0.9147604596638671,0.2313452021338926,1.358104,5.939132352941166,32.947763734993174,336.91,5.939132352941166,32.947763734993174,336.91,5.939132352941166,32.947763734993174,336.91,0.2761164875000002,0.06988273099249336,0.34804,0.2761164875000002,0.06988273099249336,0.34804,0.2761164875000002,0.06988273099249336,0.34804
10,Neck,28,3,No Fall,0.8895330126050424,0.1871887930540337,1.022848,0.8895330126050424,0.1871887930540337,1.022848,0.8895330126050424,0.1871887930540337,1.022848,5.838867647058815,31.039280248476807,384.23,5.838867647058815,31.039280248476807,384.23,5.838867647058815,31.039280248476807,384.23,0.20977985000000016,0.0993868879753053,0.42489999999999994,0.20977985000000016,0.0993868879753053,0.42489999999999994,0.20977985000000016,0.0993868879753053,0.42489999999999994
10,Neck,28,4,No Fall,0.90666811764706,0.24392482142306518,1.39934,0.90666811764706,0.24392482142306518,1.39934,0.90666811764706,0.24392482142306518,1.39934,5.806955882352943,34.84846383477129,447.6500000000001,5.806955882352943,34.84846383477129,447.6500000000001,5.806955882352943,34.84846383477129,447.6500000000001,0.15470629999999966,0.12040613980970807,0.53074,0.15470629999999966,0.12040613980970807,0.53074,0.15470629999999966,0.12040613980970807,0.53074
10,Neck,29,1,No Fall,0.9401738285714291,0.0939077515652841,0.813008,0.9401738285714291,0.0939077515652841,0.813008,0.9401738285714291,0.0939077515652841,0.813008,6.741382352941173,14.209386081251942,119.84,6.741382352941173,14.209386081251942,119.84,6.741382352941173,14.209386081251942,119.84,0.06825586249999999,0.1129653161186419,0.32983999999999997,0.06825586249999999,0.1129653161186419,0.32983999999999997,0.06825586249999999,0.1129653161186419,0.32983999999999997
10,Neck,29,2,No Fall,0.9493864176470591,0.08296432298207639,0.705404,0.9493864176470591,0.08296432298207639,0.705404,0.9493864176470591,0.08296432298207639,0.705404,5.801882352941158,12.11194563613505,73.29000000000002,5.801882352941158,12.11194563613505,73.29000000000002,5.801882352941158,12.11194563613505,73.29000000000002,0.13441102499999968,0.1180108343928459,0.34215999999999996,0.13441102499999968,0.1180108343928459,0.34215999999999996,0.13441102499999968,0.1180108343928459,0.34215999999999996
10,Neck,30,1,No Fall,0.9457286218487385,0.10781947809484792,0.7512759999999999,0.9457286218487385,0.10781947809484792,0.7512759999999999,0.9457286218487385,0.10781947809484792,0.7512759999999999,3.938455882352948,15.501817566913248,104.86000000000001,3.938455882352948,15.501817566913248,104.86000000000001,3.938455882352948,15.501817566913248,104.86000000000001,0.1540651875000001,0.07598720675603196,0.29078,0.1540651875000001,0.07598720675603196,0.29078,0.1540651875000001,0.07598720675603196,0.29078
10,Neck,30,2,No Fall,0.9375469840336105,0.09714995365843798,0.775188,0.9375469840336105,0.09714995365843798,0.775188,0.9375469840336105,0.09714995365843798,0.775188,3.6844705882352913,11.773616778270878,74.13000000000001,3.6844705882352913,11.773616778270878,74.13000000000001,3.6844705882352913,11.773616778270878,74.13000000000001,0.31271266250000024,0.05002127311218139,0.21881999999999996,0.31271266250000024,0.05002127311218139,0.21881999999999996,0.31271266250000024,0.05002127311218139,0.21881999999999996
10,Neck,31,1,No Fall,0.9591020260504197,0.08526962676036197,0.91988,0.9591020260504197,0.08526962676036197,0.91988,0.9591020260504197,0.08526962676036197,0.91988,5.33848529411765,13.335538442026353,147.28000000000003,5.33848529411765,13.335538442026353,147.28000000000003,5.33848529411765,13.335538442026353,147.28000000000003,0.21683698749999997,0.06257779138527507,0.27048,0.21683698749999997,0.06257779138527507,0.27048,0.21683698749999997,0.06257779138527507,0.27048
10,Neck,31,2,No Fall,0.9491352924369767,0.0712014114156387,0.6478200000000001,0.9491352924369767,0.0712014114156387,0.6478200000000001,0.9491352924369767,0.0712014114156387,0.6478200000000001,6.395999999999997,13.3021766458556,111.02000000000001,6.395999999999997,13.3021766458556,111.02000000000001,6.395999999999997,13.3021766458556,111.02000000000001,0.2856313250000001,0.024901152350084124,0.16953999999999997,0.2856313250000001,0.024901152350084124,0.16953999999999997,0.2856313250000001,0.024901152350084124,0.16953999999999997
10,Neck,32,1,No Fall,0.9592628302520999,0.09168108200724666,1.0772599999999999,0.9592628302520999,0.09168108200724666,1.0772599999999999,0.9592628302520999,0.09168108200724666,1.0772599999999999,4.980735294117646,14.48018796211027,114.94000000000001,4.980735294117646,14.48018796211027,114.94000000000001,4.980735294117646,14.48018796211027,114.94000000000001,0.21794841249999977,0.07602198249597934,0.31472,0.21794841249999977,0.07602198249597934,0.31472,0.21794841249999977,0.07602198249597934,0.31472
10,Neck,32,2,No Fall,0.9696263201680678,0.10155023619513281,1.20414,0.9696263201680678,0.10155023619513281,1.20414,0.9696263201680678,0.10155023619513281,1.20414,6.07719117647059,11.362744755796509,94.01,6.07719117647059,11.362744755796509,94.01,6.07719117647059,11.362744755796509,94.01,0.19771062500000025,0.05974606162362563,0.25955999999999996,0.19771062500000025,0.05974606162362563,0.25955999999999996,0.19771062500000025,0.05974606162362563,0.25955999999999996
10,Neck,33,1,No Fall,0.9565504831932813,0.13051372858118812,1.4225199999999998,0.9565504831932813,0.13051372858118812,1.4225199999999998,0.9565504831932813,0.13051372858118812,1.4225199999999998,7.099955882352941,13.023711955569587,131.95000000000002,7.099955882352941,13.023711955569587,131.95000000000002,7.099955882352941,13.023711955569587,131.95000000000002,0.18853975,0.062021113965717176,0.3157,0.18853975,0.062021113965717176,0.3157,0.18853975,0.062021113965717176,0.3157
10,Neck,33,2,No Fall,0.9732644831932783,0.10493179332890122,1.1411879999999999,0.9732644831932783,0.10493179332890122,1.1411879999999999,0.9732644831932783,0.10493179332890122,1.1411879999999999,6.407338235294106,15.724309723475116,180.39000000000001,6.407338235294106,15.724309723475116,180.39000000000001,6.407338235294106,15.724309723475116,180.39000000000001,0.1354222625,0.061007936027147464,0.31583999999999995,0.1354222625,0.061007936027147464,0.31583999999999995,0.1354222625,0.061007936027147464,0.31583999999999995
10,Neck,34,1,No Fall,0.9582924176470555,0.12415213749915863,1.153632,0.9582924176470555,0.12415213749915863,1.153632,0.9582924176470555,0.12415213749915863,1.153632,5.629955882352931,17.923073948480774,163.8,5.629955882352931,17.923073948480774,163.8,5.629955882352931,17.923073948480774,163.8,0.20282036249999963,0.07199455748395617,0.35713999999999996,0.20282036249999963,0.07199455748395617,0.35713999999999996,0.20282036249999963,0.07199455748395617,0.35713999999999996
10,Neck,34,2,No Fall,0.9728008319327701,0.10509733632351273,1.2578200000000002,0.9728008319327701,0.10509733632351273,1.2578200000000002,0.9728008319327701,0.10509733632351273,1.2578200000000002,5.554779411764698,11.791162768370725,117.53000000000002,5.554779411764698,11.791162768370725,117.53000000000002,5.554779411764698,11.791162768370725,117.53000000000002,0.23888375000000006,0.057034684139866565,0.29063999999999995,0.23888375000000006,0.057034684139866565,0.29063999999999995,0.23888375000000006,0.057034684139866565,0.29063999999999995
10,Neck,35,1,No Fall,0.9279778268907586,0.18312762412126343,0.9967400000000001,0.9279778268907586,0.18312762412126343,0.9967400000000001,0.9279778268907586,0.18312762412126343,0.9967400000000001,4.45957352941176,21.767388662142967,175.77000000000004,4.45957352941176,21.767388662142967,175.77000000000004,4.45957352941176,21.767388662142967,175.77000000000004,0.21685063749999986,0.06953351025044281,0.37155999999999995,0.21685063749999986,0.06953351025044281,0.37155999999999995,0.21685063749999986,0.06953351025044281,0.37155999999999995
10,Neck,35,2,No Fall,0.9248566773109265,0.19132396037939695,1.0814080000000001,0.9248566773109265,0.19132396037939695,1.0814080000000001,0.9248566773109265,0.19132396037939695,1.0814080000000001,5.064941176470573,24.54212901721297,223.79000000000002,5.064941176470573,24.54212901721297,223.79000000000002,5.064941176470573,24.54212901721297,223.79000000000002,0.2498934375,0.11331350085760512,0.41523999999999994,0.2498934375,0.11331350085760512,0.41523999999999994,0.2498934375,0.11331350085760512,0.41523999999999994
10,Neck,37,1,No Fall,0.9719189462184844,0.02939120763322905,0.286212,0.9719189462184844,0.02939120763322905,0.286212,0.9719189462184844,0.02939120763322905,0.286212,5.623691176470578,12.165179376035056,177.10000000000002,5.623691176470578,12.165179376035056,177.10000000000002,5.623691176470578,12.165179376035056,177.10000000000002,0.1392010375000002,0.023854353072844368,0.16981999999999997,0.1392010375000002,0.023854353072844368,0.16981999999999997,0.1392010375000002,0.023854353072844368,0.16981999999999997
10,Neck,37,2,No Fall,0.9742287445378154,0.029543601385982537,0.349896,0.9742287445378154,0.029543601385982537,0.349896,0.9742287445378154,0.029543601385982537,0.349896,5.054691176470587,12.632771927406669,119.98000000000002,5.054691176470587,12.632771927406669,119.98000000000002,5.054691176470587,12.632771927406669,119.98000000000002,0.16488395000000025,0.022358479709202413,0.13034,0.16488395000000025,0.022358479709202413,0.13034,0.16488395000000025,0.022358479709202413,0.13034
10,Neck,38,1,No Fall,0.9696513865546195,0.04698050191963091,0.762744,0.9696513865546195,0.04698050191963091,0.762744,0.9696513865546195,0.04698050191963091,0.762744,6.318558823529433,10.141516499298984,88.06,6.318558823529433,10.141516499298984,88.06,6.318558823529433,10.141516499298984,88.06,0.11892457500000013,0.06692760158916812,0.43077999999999994,0.11892457500000013,0.06692760158916812,0.43077999999999994,0.11892457500000013,0.06692760158916812,0.43077999999999994
10,Neck,38,2,No Fall,0.9661902773109258,0.04977567180393537,0.5529040000000001,0.9661902773109258,0.04977567180393537,0.5529040000000001,0.9661902773109258,0.04977567180393537,0.5529040000000001,5.601250000000004,13.631822711262378,137.13,5.601250000000004,13.631822711262378,137.13,5.601250000000004,13.631822711262378,137.13,0.16821577499999996,0.05185349969426812,0.33249999999999996,0.16821577499999996,0.05185349969426812,0.33249999999999996,0.16821577499999996,0.05185349969426812,0.33249999999999996
10,Neck,39,1,No Fall,0.9658523168067253,0.013055329468289361,0.11419200000000007,0.9658523168067253,0.013055329468289361,0.11419200000000007,0.9658523168067253,0.013055329468289361,0.11419200000000007,5.433352941176464,4.633302522452423,33.95,5.433352941176464,4.633302522452423,33.95,5.433352941176464,4.633302522452423,33.95,0.07109138750000002,0.015054308060961813,0.08945999999999998,0.07109138750000002,0.015054308060961813,0.08945999999999998,0.07109138750000002,0.015054308060961813,0.08945999999999998
10,Neck,39,2,No Fall,0.9634433806722714,0.05880903521558295,0.9298839999999999,0.9634433806722714,0.05880903521558295,0.9298839999999999,0.9634433806722714,0.05880903521558295,0.9298839999999999,5.190294117647055,10.113246034988041,147.70000000000002,5.190294117647055,10.113246034988041,147.70000000000002,5.190294117647055,10.113246034988041,147.70000000000002,0.15371947500000016,0.04299489041852165,0.28784,0.15371947500000016,0.04299489041852165,0.28784,0.15371947500000016,0.04299489041852165,0.28784
10,Neck,40,1,No Fall,0.9648847747899172,0.043332012496520966,0.634888,0.9648847747899172,0.043332012496520966,0.634888,0.9648847747899172,0.043332012496520966,0.634888,5.786750000000004,8.08682282406333,86.80000000000001,5.786750000000004,8.08682282406333,86.80000000000001,5.786750000000004,8.08682282406333,86.80000000000001,0.10903322500000011,0.06932379138601666,0.31653999999999993,0.10903322500000011,0.06932379138601666,0.31653999999999993,0.10903322500000011,0.06932379138601666,0.31653999999999993
10,Neck,40,2,No Fall,0.9735767621848717,0.039677664971820785,0.6173200000000001,0.9735767621848717,0.039677664971820785,0.6173200000000001,0.9735767621848717,0.039677664971820785,0.6173200000000001,5.204705882352953,8.773920339459703,91.28,5.204705882352953,8.773920339459703,91.28,5.204705882352953,8.773920339459703,91.28,0.17412526250000013,0.05693922207000468,0.23267999999999997,0.17412526250000013,0.05693922207000468,0.23267999999999997,0.17412526250000013,0.05693922207000468,0.23267999999999997
10,Neck,43,3,No Fall,0.9497859420168092,0.5729871274911635,3.0565879999999996,0.9497859420168092,0.5729871274911635,3.0565879999999996,0.9497859420168092,0.5729871274911635,3.0565879999999996,6.702838235294114,38.01941893962493,351.89000000000004,6.702838235294114,38.01941893962493,351.89000000000004,6.702838235294114,38.01941893962493,351.89000000000004,0.29176673750000026,0.03613354863823693,0.18144,0.29176673750000026,0.03613354863823693,0.18144,0.29176673750000026,0.03613354863823693,0.18144
11,Neck,13,1,No Fall,0.7882683991596644,0.13997547971334862,1.103856,0.7882683991596644,0.13997547971334862,1.103856,0.7882683991596644,0.13997547971334862,1.103856,-1.265838235294113,25.30673421873508,200.76000000000002,-1.265838235294113,25.30673421873508,200.76000000000002,-1.265838235294113,25.30673421873508,200.76000000000002,0.1936476499999997,0.09387316862045446,0.41131999999999996,0.1936476499999997,0.09387316862045446,0.41131999999999996,0.1936476499999997,0.09387316862045446,0.41131999999999996
11,Neck,13,2,No Fall,0.7506459571428578,0.09297536221003722,0.8503399999999999,0.7506459571428578,0.09297536221003722,0.8503399999999999,0.7506459571428578,0.09297536221003722,0.8503399999999999,7.992000000000009,20.12592499057376,249.83000000000004,7.992000000000009,20.12592499057376,249.83000000000004,7.992000000000009,20.12592499057376,249.83000000000004,0.2666986874999999,0.026028332569289863,0.18801999999999996,0.2666986874999999,0.026028332569289863,0.18801999999999996,0.2666986874999999,0.026028332569289863,0.18801999999999996
11,Neck,13,3,No Fall,0.6826676596638643,0.1360898408814791,0.931348,0.6826676596638643,0.1360898408814791,0.931348,0.6826676596638643,0.1360898408814791,0.931348,13.020014705882314,24.36110616991794,184.38,13.020014705882314,24.36110616991794,184.38,13.020014705882314,24.36110616991794,184.38,0.21343489999999987,0.09086108876409688,0.40418,0.21343489999999987,0.09086108876409688,0.40418,0.21343489999999987,0.09086108876409688,0.40418
11,Neck,13,4,No Fall,0.738615936974791,0.0928171086597447,0.709552,0.738615936974791,0.0928171086597447,0.709552,0.738615936974791,0.0928171086597447,0.709552,2.470044117647069,13.884271459726463,115.71000000000001,2.470044117647069,13.884271459726463,115.71000000000001,2.470044117647069,13.884271459726463,115.71000000000001,0.22171301249999995,0.031557513706634656,0.1855,0.22171301249999995,0.031557513706634656,0.1855,0.22171301249999995,0.031557513706634656,0.1855
11,Neck,13,5,No Fall,0.8411106999999985,0.15837812648195526,1.3644479999999999,0.8411106999999985,0.15837812648195526,1.3644479999999999,0.8411106999999985,0.15837812648195526,1.3644479999999999,6.440573529411786,25.847853266731423,271.39000000000004,6.440573529411786,25.847853266731423,271.39000000000004,6.440573529411786,25.847853266731423,271.39000000000004,0.25207699999999994,0.055856423856650614,0.31836,0.25207699999999994,0.055856423856650614,0.31836,0.25207699999999994,0.055856423856650614,0.31836
11,Neck,13,6,No Fall,0.7851171084033628,0.19466135141724827,1.346148,0.7851171084033628,0.19466135141724827,1.346148,0.7851171084033628,0.19466135141724827,1.346148,6.523852941176455,27.89523253420992,328.51,6.523852941176455,27.89523253420992,328.51,6.523852941176455,27.89523253420992,328.51,0.2364977125000003,0.05051800708328802,0.28293999999999997,0.2364977125000003,0.05051800708328802,0.28293999999999997,0.2364977125000003,0.05051800708328802,0.28293999999999997
11,Neck,13,7,No Fall,0.7439460042016814,0.17049171967347745,1.075308,0.7439460042016814,0.17049171967347745,1.075308,0.7439460042016814,0.17049171967347745,1.075308,9.724941176470592,27.925156717965855,269.08000000000004,9.724941176470592,27.925156717965855,269.08000000000004,9.724941176470592,27.925156717965855,269.08000000000004,0.2531695249999999,0.09626211248311398,0.41425999999999996,0.2531695249999999,0.09626211248311398,0.41425999999999996,0.2531695249999999,0.09626211248311398,0.41425999999999996
11,Neck,13,8,No Fall,0.7458630445378159,0.16098400387362863,0.7481040000000001,0.7458630445378159,0.16098400387362863,0.7481040000000001,0.7458630445378159,0.16098400387362863,0.7481040000000001,6.930808823529423,19.026597690208796,209.16000000000003,6.930808823529423,19.026597690208796,209.16000000000003,6.930808823529423,19.026597690208796,209.16000000000003,0.24898002500000055,0.06290737955916813,0.1757,0.24898002500000055,0.06290737955916813,0.1757,0.24898002500000055,0.06290737955916813,0.1757
11,Neck,13,9,No Fall,0.7772065873949591,0.1629110710152826,1.1712,0.7772065873949591,0.1629110710152826,1.1712,0.7772065873949591,0.1629110710152826,1.1712,5.420235294117641,27.016933042260327,248.78000000000003,5.420235294117641,27.016933042260327,248.78000000000003,5.420235294117641,27.016933042260327,248.78000000000003,0.2629204375000005,0.0860421215378421,0.39648,0.2629204375000005,0.0860421215378421,0.39648,0.2629204375000005,0.0860421215378421,0.39648
11,Neck,13,10,No Fall,0.805354345378149,0.11971784943357655,0.9686799999999999,0.805354345378149,0.11971784943357655,0.9686799999999999,0.805354345378149,0.11971784943357655,0.9686799999999999,6.1228529411764745,20.080428239679968,262.99,6.1228529411764745,20.080428239679968,262.99,6.1228529411764745,20.080428239679968,262.99,0.31938016249999923,0.02731578005702328,0.16897999999999996,0.31938016249999923,0.02731578005702328,0.16897999999999996,0.31938016249999923,0.02731578005702328,0.16897999999999996
11,Neck,13,11,No Fall,0.7310568579831922,0.17792422832718927,1.01138,0.7310568579831922,0.17792422832718927,1.01138,0.7310568579831922,0.17792422832718927,1.01138,8.955044117647054,22.836323673529265,263.06000000000006,8.955044117647054,22.836323673529265,263.06000000000006,8.955044117647054,22.836323673529265,263.06000000000006,0.24988276250000033,0.10490467365286918,0.41467999999999994,0.24988276250000033,0.10490467365286918,0.41467999999999994,0.24988276250000033,0.10490467365286918,0.41467999999999994
11,Neck,13,12,No Fall,0.7306296529411772,0.17941847150793086,0.704428,0.7306296529411772,0.17941847150793086,0.704428,0.7306296529411772,0.17941847150793086,0.704428,7.994558823529441,14.536543563574314,150.36,7.994558823529441,14.536543563574314,150.36,7.994558823529441,14.536543563574314,150.36,0.3341547125000004,0.02839129036602151,0.11718,0.3341547125000004,0.02839129036602151,0.11718,0.3341547125000004,0.02839129036602151,0.11718
11,Neck,14,1,No Fall,0.7396179773109256,0.16971816410525706,1.1082480000000001,0.7396179773109256,0.16971816410525706,1.1082480000000001,0.7396179773109256,0.16971816410525706,1.1082480000000001,10.1042794117647,24.126126011449006,188.09000000000003,10.1042794117647,24.126126011449006,188.09000000000003,10.1042794117647,24.126126011449006,188.09000000000003,0.21015207499999977,0.09195499440387536,0.38108,0.21015207499999977,0.09195499440387536,0.38108,0.21015207499999977,0.09195499440387536,0.38108
11,Neck,14,2,No Fall,0.7294498411764729,0.17930628983232652,1.129232,0.7294498411764729,0.17930628983232652,1.129232,0.7294498411764729,0.17930628983232652,1.129232,5.0029852941176465,23.290485106743922,235.20000000000005,5.0029852941176465,23.290485106743922,235.20000000000005,5.0029852941176465,23.290485106743922,235.20000000000005,0.23449930000000024,0.0485132837859881,0.21994,0.23449930000000024,0.0485132837859881,0.21994,0.23449930000000024,0.0485132837859881,0.21994
11,Neck,14,3,No Fall,0.7076707907563023,0.13784917695010784,0.9262239999999999,0.7076707907563023,0.13784917695010784,0.9262239999999999,0.7076707907563023,0.13784917695010784,0.9262239999999999,-2.365176470588248,19.30557322658435,164.78000000000003,-2.365176470588248,19.30557322658435,164.78000000000003,-2.365176470588248,19.30557322658435,164.78000000000003,0.2105780250000002,0.06306405024750934,0.33347999999999994,0.2105780250000002,0.06306405024750934,0.33347999999999994,0.2105780250000002,0.06306405024750934,0.33347999999999994
11,Neck,14,4,No Fall,0.7434789184873956,0.07207605811607395,0.4797039999999999,0.7434789184873956,0.07207605811607395,0.4797039999999999,0.7434789184873956,0.07207605811607395,0.4797039999999999,4.9213235294117705,7.477935338600969,76.65,4.9213235294117705,7.477935338600969,76.65,4.9213235294117705,7.477935338600969,76.65,0.1747865,0.03129589934915667,0.17024,0.1747865,0.03129589934915667,0.17024,0.1747865,0.03129589934915667,0.17024
11,Neck,14,5,No Fall,0.845512849579832,0.1541268217890263,1.181204,0.845512849579832,0.1541268217890263,1.181204,0.845512849579832,0.1541268217890263,1.181204,6.796352941176471,24.724289943157697,226.94,6.796352941176471,24.724289943157697,226.94,6.796352941176471,24.724289943157697,226.94,0.22314748749999994,0.09325371328310746,0.38961999999999997,0.22314748749999994,0.09325371328310746,0.38961999999999997,0.22314748749999994,0.09325371328310746,0.38961999999999997
11,Neck,14,6,No Fall,0.8145061394957968,0.20030940394798577,1.2065800000000002,0.8145061394957968,0.20030940394798577,1.2065800000000002,0.8145061394957968,0.20030940394798577,1.2065800000000002,5.159132352941148,23.659102038986127,213.78000000000003,5.159132352941148,23.659102038986127,213.78000000000003,5.159132352941148,23.659102038986127,213.78000000000003,0.22921937500000042,0.040864223528500276,0.22371999999999997,0.22921937500000042,0.040864223528500276,0.22371999999999997,0.22921937500000042,0.040864223528500276,0.22371999999999997
11,Neck,14,7,No Fall,0.7365296344537813,0.20077479919581567,1.414224,0.7365296344537813,0.20077479919581567,1.414224,0.7365296344537813,0.20077479919581567,1.414224,1.9486176470588208,23.498975906403683,230.58000000000004,1.9486176470588208,23.498975906403683,230.58000000000004,1.9486176470588208,23.498975906403683,230.58000000000004,0.2628706499999998,0.08162455919018406,0.36749999999999994,0.2628706499999998,0.08162455919018406,0.36749999999999994,0.2628706499999998,0.08162455919018406,0.36749999999999994
11,Neck,14,8,No Fall,0.7423015672268896,0.16938998535145397,0.9896640000000001,0.7423015672268896,0.16938998535145397,0.9896640000000001,0.7423015672268896,0.16938998535145397,0.9896640000000001,3.8430441176470564,16.87138780459978,249.20000000000005,3.8430441176470564,16.87138780459978,249.20000000000005,3.8430441176470564,16.87138780459978,249.20000000000005,0.27288345000000014,0.047318382685114735,0.1631,0.27288345000000014,0.047318382685114735,0.1631,0.27288345000000014,0.047318382685114735,0.1631
11,Neck,14,9,No Fall,0.7660322588235315,0.15603823080534115,1.3651799999999998,0.7660322588235315,0.15603823080534115,1.3651799999999998,0.7660322588235315,0.15603823080534115,1.3651799999999998,4.7631617647058695,23.721701566679968,207.62,4.7631617647058695,23.721701566679968,207.62,4.7631617647058695,23.721701566679968,207.62,0.25399281249999983,0.1014674731066636,0.4003999999999999,0.25399281249999983,0.1014674731066636,0.4003999999999999,0.25399281249999983,0.1014674731066636,0.4003999999999999
11,Neck,14,10,No Fall,0.8623894478991626,0.1854423491142615,2.012756,0.8623894478991626,0.1854423491142615,2.012756,0.8623894478991626,0.1854423491142615,2.012756,5.707426470588248,31.58464288053282,540.82,5.707426470588248,31.58464288053282,540.82,5.707426470588248,31.58464288053282,540.82,0.22970604999999997,0.05269929795453219,0.27342,0.22970604999999997,0.05269929795453219,0.27342,0.22970604999999997,0.05269929795453219,0.27342
11,Neck,14,11,No Fall,0.7162081764705875,0.20330346305587674,1.024068,0.7162081764705875,0.20330346305587674,1.024068,0.7162081764705875,0.20330346305587674,1.024068,1.7968970588235271,21.33176532464778,238.21000000000004,1.7968970588235271,21.33176532464778,238.21000000000004,1.7968970588235271,21.33176532464778,238.21000000000004,0.2535442,0.11026584625527289,0.39997999999999995,0.2535442,0.11026584625527289,0.39997999999999995,0.2535442,0.11026584625527289,0.39997999999999995
11,Neck,14,12,No Fall,0.6722138487394959,0.14318659040525186,0.600484,0.6722138487394959,0.14318659040525186,0.600484,0.6722138487394959,0.14318659040525186,0.600484,4.3107205882352915,11.497748091899682,126.84,4.3107205882352915,11.497748091899682,126.84,4.3107205882352915,11.497748091899682,126.84,0.33508790000000005,0.031484530660060725,0.14279999999999998,0.33508790000000005,0.031484530660060725,0.14279999999999998,0.33508790000000005,0.031484530660060725,0.14279999999999998
11,Neck,15,1,No Fall,0.651702521848739,0.206270888644531,2.6883920000000003,0.651702521848739,0.206270888644531,2.6883920000000003,0.651702521848739,0.206270888644531,2.6883920000000003,5.7652205882352945,22.558981590091587,425.6700000000001,5.7652205882352945,22.558981590091587,425.6700000000001,5.7652205882352945,22.558981590091587,425.6700000000001,0.27378041249999974,0.045527141431888664,0.21056,0.27378041249999974,0.045527141431888664,0.21056,0.27378041249999974,0.045527141431888664,0.21056
11,Neck,15,2,No Fall,0.7471570134453797,0.2474146595280436,1.9451679999999998,0.7471570134453797,0.2474146595280436,1.9451679999999998,0.7471570134453797,0.2474146595280436,1.9451679999999998,5.019647058823529,33.41103082447085,451.85,5.019647058823529,33.41103082447085,451.85,5.019647058823529,33.41103082447085,451.85,0.25431901249999983,0.04258723770432161,0.26487999999999995,0.25431901249999983,0.04258723770432161,0.26487999999999995,0.25431901249999983,0.04258723770432161,0.26487999999999995
11,Neck,15,3,No Fall,0.8024218344537815,0.1443577392071127,1.297592,0.8024218344537815,0.1443577392071127,1.297592,0.8024218344537815,0.1443577392071127,1.297592,4.569897058823527,29.5914675961949,357.91,4.569897058823527,29.5914675961949,357.91,4.569897058823527,29.5914675961949,357.91,0.2708336750000003,0.04790314020260222,0.22008,0.2708336750000003,0.04790314020260222,0.22008,0.2708336750000003,0.04790314020260222,0.22008
11,Neck,16,1,No Fall,0.4714406016806713,0.3616289672165191,2.151836,0.4714406016806713,0.3616289672165191,2.151836,0.4714406016806713,0.3616289672165191,2.151836,-4.233823529411763,38.16028417530945,397.11,-4.233823529411763,38.16028417530945,397.11,-4.233823529411763,38.16028417530945,397.11,-0.050248099999999976,0.2830380273125073,0.74298,-0.050248099999999976,0.2830380273125073,0.74298,-0.050248099999999976,0.2830380273125073,0.74298
11,Neck,16,2,No Fall,0.5552919193277326,0.3118743398803316,1.1638799999999998,0.5552919193277326,0.3118743398803316,1.1638799999999998,0.5552919193277326,0.3118743398803316,1.1638799999999998,0.7885735294117706,23.03198940052295,201.11,0.7885735294117706,23.03198940052295,201.11,0.7885735294117706,23.03198940052295,201.11,-0.12000747499999993,0.20585974386330116,0.62398,-0.12000747499999993,0.20585974386330116,0.62398,-0.12000747499999993,0.20585974386330116,0.62398
11,Neck,16,3,No Fall,0.5690087689075647,0.3845661850680588,1.4605839999999999,0.5690087689075647,0.3845661850680588,1.4605839999999999,0.5690087689075647,0.3845661850680588,1.4605839999999999,-0.6691176470588209,28.941047797078703,302.75,-0.6691176470588209,28.941047797078703,302.75,-0.6691176470588209,28.941047797078703,302.75,-0.02732108750000003,0.29351707551704675,0.7520799999999999,-0.02732108750000003,0.29351707551704675,0.7520799999999999,-0.02732108750000003,0.29351707551704675,0.7520799999999999
11,Neck,16,4,No Fall,0.5811994394957996,0.3668470338843692,1.316868,0.5811994394957996,0.3668470338843692,1.316868,0.5811994394957996,0.3668470338843692,1.316868,0.5705441176470684,26.748866750373494,306.95000000000005,0.5705441176470684,26.748866750373494,306.95000000000005,0.5705441176470684,26.748866750373494,306.95000000000005,-0.13947561249999987,0.18430409625381294,0.6214599999999999,-0.13947561249999987,0.18430409625381294,0.6214599999999999,-0.13947561249999987,0.18430409625381294,0.6214599999999999
11,Neck,16,5,No Fall,0.4803306084033624,0.3958341729448954,1.39202,0.4803306084033624,0.3958341729448954,1.39202,0.4803306084033624,0.3958341729448954,1.39202,1.6006911764705836,35.97448890462691,543.7600000000001,1.6006911764705836,35.97448890462691,543.7600000000001,1.6006911764705836,35.97448890462691,543.7600000000001,-0.03904468750000017,0.2839020507979946,0.7380799999999998,-0.03904468750000017,0.2839020507979946,0.7380799999999998,-0.03904468750000017,0.2839020507979946,0.7380799999999998
11,Neck,16,6,No Fall,0.47972178739495747,0.322194653543358,1.070672,0.47972178739495747,0.322194653543358,1.070672,0.47972178739495747,0.322194653543358,1.070672,1.6071764705882357,24.368121343528646,211.19000000000003,1.6071764705882357,24.368121343528646,211.19000000000003,1.6071764705882357,24.368121343528646,211.19000000000003,-0.12043255000000005,0.21101161593923176,0.5920599999999999,-0.12043255000000005,0.21101161593923176,0.5920599999999999,-0.12043255000000005,0.21101161593923176,0.5920599999999999
11,Neck,17,1,No Fall,0.13797108151260476,0.13943213295227538,1.544276,0.13797108151260476,0.13943213295227538,1.544276,0.13797108151260476,0.13943213295227538,1.544276,5.309014705882331,13.105861794660665,282.1,5.309014705882331,13.105861794660665,282.1,5.309014705882331,13.105861794660665,282.1,-0.17295381249999975,0.14970541188090478,0.43077999999999994,-0.17295381249999975,0.14970541188090478,0.43077999999999994,-0.17295381249999975,0.14970541188090478,0.43077999999999994
11,Neck,17,2,No Fall,0.22695521596638638,0.07931905349667731,1.3481,0.22695521596638638,0.07931905349667731,1.3481,0.22695521596638638,0.07931905349667731,1.3481,5.367132352941157,13.606179142379089,269.01000000000005,5.367132352941157,13.606179142379089,269.01000000000005,5.367132352941157,13.606179142379089,269.01000000000005,-0.16968936249999994,0.17549944280711968,0.46493999999999996,-0.16968936249999994,0.17549944280711968,0.46493999999999996,-0.16968936249999994,0.17549944280711968,0.46493999999999996
11,Neck,17,3,No Fall,0.08996341512605063,0.12215474586786142,0.953064,0.08996341512605063,0.12215474586786142,0.953064,0.08996341512605063,0.12215474586786142,0.953064,6.559191176470596,12.177850455992644,152.39000000000001,6.559191176470596,12.177850455992644,152.39000000000001,6.559191176470596,12.177850455992644,152.39000000000001,-0.14827653750000014,0.17319323581723453,0.44883999999999996,-0.14827653750000014,0.17319323581723453,0.44883999999999996,-0.14827653750000014,0.17319323581723453,0.44883999999999996
11,Neck,17,4,No Fall,0.10601902521008458,0.08908507184117624,0.840824,0.10601902521008458,0.08908507184117624,0.840824,0.10601902521008458,0.08908507184117624,0.840824,6.690749999999998,14.403132720152929,168.49,6.690749999999998,14.403132720152929,168.49,6.690749999999998,14.403132720152929,168.49,-0.2454979625,0.09863093252945998,0.35251999999999994,-0.2454979625,0.09863093252945998,0.35251999999999994,-0.2454979625,0.09863093252945998,0.35251999999999994
11,Neck,17,5,No Fall,-0.03426462268907577,0.1568483540542802,1.00284,-0.03426462268907577,0.1568483540542802,1.00284,-0.03426462268907577,0.1568483540542802,1.00284,6.347250000000001,10.799357022707802,128.73000000000002,6.347250000000001,10.799357022707802,128.73000000000002,6.347250000000001,10.799357022707802,128.73000000000002,-0.24686698749999977,0.08590143380136639,0.26698,-0.24686698749999977,0.08590143380136639,0.26698,-0.24686698749999977,0.08590143380136639,0.26698
11,Neck,17,6,No Fall,0.10704556806722697,0.05577573721090224,0.783728,0.10704556806722697,0.05577573721090224,0.783728,0.10704556806722697,0.05577573721090224,0.783728,5.585514705882356,10.15622445888691,167.23000000000002,5.585514705882356,10.15622445888691,167.23000000000002,5.585514705882356,10.15622445888691,167.23000000000002,-0.22214421250000055,0.11707750063623172,0.34075999999999995,-0.22214421250000055,0.11707750063623172,0.34075999999999995,-0.22214421250000055,0.11707750063623172,0.34075999999999995
11,Neck,18,1,No Fall,0.42718479411764537,0.35211649085990515,1.521096,0.42718479411764537,0.35211649085990515,1.521096,0.42718479411764537,0.35211649085990515,1.521096,9.39238235294118,26.510270416719326,240.45000000000005,9.39238235294118,26.510270416719326,240.45000000000005,9.39238235294118,26.510270416719326,240.45000000000005,0.11788559999999995,0.14352833898292336,0.49266,0.11788559999999995,0.14352833898292336,0.49266,0.11788559999999995,0.14352833898292336,0.49266
11,Neck,18,2,No Fall,0.558168915126051,0.3565870798825247,2.367044,0.558168915126051,0.3565870798825247,2.367044,0.558168915126051,0.3565870798825247,2.367044,5.665294117647082,28.746987206633325,464.24,5.665294117647082,28.746987206633325,464.24,5.665294117647082,28.746987206633325,464.24,0.0874894125,0.10509535655006393,0.49657999999999997,0.0874894125,0.10509535655006393,0.49657999999999997,0.0874894125,0.10509535655006393,0.49657999999999997
11,Neck,18,3,No Fall,0.500097889075631,0.4370941699055139,1.8256080000000001,0.500097889075631,0.4370941699055139,1.8256080000000001,0.500097889075631,0.4370941699055139,1.8256080000000001,6.759985294117657,37.00351252529555,318.85,6.759985294117657,37.00351252529555,318.85,6.759985294117657,37.00351252529555,318.85,0.10886172499999983,0.16009033662888772,0.6971999999999999,0.10886172499999983,0.16009033662888772,0.6971999999999999,0.10886172499999983,0.16009033662888772,0.6971999999999999
11,Neck,18,4,No Fall,0.49653364369747865,0.38492844036569074,1.4156879999999998,0.49653364369747865,0.38492844036569074,1.4156879999999998,0.49653364369747865,0.38492844036569074,1.4156879999999998,8.975411764705916,29.404803299994335,225.12,8.975411764705916,29.404803299994335,225.12,8.975411764705916,29.404803299994335,225.12,0.04736366249999997,0.20983875216706377,0.7362599999999999,0.04736366249999997,0.20983875216706377,0.7362599999999999,0.04736366249999997,0.20983875216706377,0.7362599999999999
11,Neck,18,5,No Fall,0.28463102352941194,0.4604305156138079,1.438868,0.28463102352941194,0.4604305156138079,1.438868,0.28463102352941194,0.4604305156138079,1.438868,10.921970588235299,27.098909117052873,234.64000000000004,10.921970588235299,27.098909117052873,234.64000000000004,10.921970588235299,27.098909117052873,234.64000000000004,0.018917500000000018,0.1997743424246018,0.5978,0.018917500000000018,0.1997743424246018,0.5978,0.018917500000000018,0.1997743424246018,0.5978
11,Neck,18,6,No Fall,0.5150235638655453,0.392424632382364,1.61772,0.5150235638655453,0.392424632382364,1.61772,0.5150235638655453,0.392424632382364,1.61772,6.135382352941188,27.440980479709026,271.0400000000001,6.135382352941188,27.440980479709026,271.0400000000001,6.135382352941188,27.440980479709026,271.0400000000001,0.025700675000000065,0.1338919330771418,0.55062,0.025700675000000065,0.1338919330771418,0.55062,0.025700675000000065,0.1338919330771418,0.55062
11,Neck,19,1,No Fall,0.9347189932773093,0.10660207933989725,0.770064,0.9347189932773093,0.10660207933989725,0.770064,0.9347189932773093,0.10660207933989725,0.770064,5.7757058823529315,12.76006515956264,99.68,5.7757058823529315,12.76006515956264,99.68,5.7757058823529315,12.76006515956264,99.68,0.10391867500000021,0.02416631168345955,0.15091999999999997,0.10391867500000021,0.02416631168345955,0.15091999999999997,0.10391867500000021,0.02416631168345955,0.15091999999999997
11,Neck,19,2,No Fall,0.9129681361344554,0.1644861011688951,1.060668,0.9129681361344554,0.1644861011688951,1.060668,0.9129681361344554,0.1644861011688951,1.060668,5.977117647058815,14.33263852969755,101.08000000000001,5.977117647058815,14.33263852969755,101.08000000000001,5.977117647058815,14.33263852969755,101.08000000000001,0.11743059999999987,0.027449875699854503,0.14406,0.11743059999999987,0.027449875699854503,0.14406,0.11743059999999987,0.027449875699854503,0.14406
11,Neck,19,3,No Fall,0.9328946831932807,0.1835302338210572,1.099464,0.9328946831932807,0.1835302338210572,1.099464,0.9328946831932807,0.1835302338210572,1.099464,6.033573529411753,17.076526461231655,127.61000000000001,6.033573529411753,17.076526461231655,127.61000000000001,6.033573529411753,17.076526461231655,127.61000000000001,0.11529726249999998,0.05787736087901763,0.24121999999999996,0.11529726249999998,0.05787736087901763,0.24121999999999996,0.11529726249999998,0.05787736087901763,0.24121999999999996
11,Neck,19,4,No Fall,0.9135226722689069,0.2295641641790944,1.525976,0.9135226722689069,0.2295641641790944,1.525976,0.9135226722689069,0.2295641641790944,1.525976,6.407264705882364,23.67445983266911,187.74,6.407264705882364,23.67445983266911,187.74,6.407264705882364,23.67445983266911,187.74,0.08813805000000002,0.06710337086679072,0.32731999999999994,0.08813805000000002,0.06710337086679072,0.32731999999999994,0.08813805000000002,0.06710337086679072,0.32731999999999994
11,Neck,19,5,No Fall,0.8786370798319327,0.13396091504938834,0.8988959999999999,0.8786370798319327,0.13396091504938834,0.8988959999999999,0.8786370798319327,0.13396091504938834,0.8988959999999999,5.571529411764717,19.518679656413955,145.81,5.571529411764717,19.518679656413955,145.81,5.571529411764717,19.518679656413955,145.81,0.21888746250000024,0.024391980126573436,0.13999999999999999,0.21888746250000024,0.024391980126573436,0.13999999999999999,0.21888746250000024,0.024391980126573436,0.13999999999999999
11,Neck,19,6,No Fall,0.8792361100840341,0.20493083874295137,1.106052,0.8792361100840341,0.20493083874295137,1.106052,0.8792361100840341,0.20493083874295137,1.106052,4.9505588235294065,18.85941765359479,131.95000000000002,4.9505588235294065,18.85941765359479,131.95000000000002,4.9505588235294065,18.85941765359479,131.95000000000002,0.1678171249999999,0.03398005464688817,0.17205999999999996,0.1678171249999999,0.03398005464688817,0.17205999999999996,0.1678171249999999,0.03398005464688817,0.17205999999999996
11,Neck,20,1,No Fall,0.9131032075630255,0.17445023503404647,1.090436,0.9131032075630255,0.17445023503404647,1.090436,0.9131032075630255,0.17445023503404647,1.090436,5.708117647058846,20.25585822475913,147.42000000000002,5.708117647058846,20.25585822475913,147.42000000000002,5.708117647058846,20.25585822475913,147.42000000000002,0.12863655000000013,0.02522173851375109,0.14504,0.12863655000000013,0.02522173851375109,0.14504,0.12863655000000013,0.02522173851375109,0.14504
11,Neck,20,2,No Fall,0.9116253159663839,0.26888262854797174,1.261968,0.9116253159663839,0.26888262854797174,1.261968,0.9116253159663839,0.26888262854797174,1.261968,6.076867647058843,22.737065562843377,184.52,6.076867647058843,22.737065562843377,184.52,6.076867647058843,22.737065562843377,184.52,0.11754933749999986,0.03125481646532693,0.18452,0.11754933749999986,0.03125481646532693,0.18452,0.11754933749999986,0.03125481646532693,0.18452
11,Neck,20,3,No Fall,0.9100188630252067,0.27097757778907705,1.3380960000000002,0.9100188630252067,0.27097757778907705,1.3380960000000002,0.9100188630252067,0.27097757778907705,1.3380960000000002,5.925338235294132,26.548733066841233,169.75,5.925338235294132,26.548733066841233,169.75,5.925338235294132,26.548733066841233,169.75,0.14232715000000007,0.028389837780150123,0.16926,0.14232715000000007,0.028389837780150123,0.16926,0.14232715000000007,0.028389837780150123,0.16926
11,Neck,20,4,No Fall,0.9289370647058797,0.3153695375408944,1.525976,0.9289370647058797,0.3153695375408944,1.525976,0.9289370647058797,0.3153695375408944,1.525976,5.893970588235295,25.534341941745016,142.59,5.893970588235295,25.534341941745016,142.59,5.893970588235295,25.534341941745016,142.59,0.1152359249999999,0.02769087702318798,0.14252,0.1152359249999999,0.02769087702318798,0.14252,0.1152359249999999,0.02769087702318798,0.14252
11,Neck,20,5,No Fall,0.8882735932773118,0.21230030022530513,1.056032,0.8882735932773118,0.21230030022530513,1.056032,0.8882735932773118,0.21230030022530513,1.056032,5.312823529411759,25.967778195343477,151.34000000000003,5.312823529411759,25.967778195343477,151.34000000000003,5.312823529411759,25.967778195343477,151.34000000000003,0.20159256249999952,0.03415020654861641,0.18871999999999997,0.20159256249999952,0.03415020654861641,0.18871999999999997,0.20159256249999952,0.03415020654861641,0.18871999999999997
11,Neck,20,6,No Fall,0.9013500453781482,0.28704494110320095,1.233908,0.9013500453781482,0.28704494110320095,1.233908,0.9013500453781482,0.28704494110320095,1.233908,5.80327941176471,26.756919651854652,145.25,5.80327941176471,26.756919651854652,145.25,5.80327941176471,26.756919651854652,145.25,0.1914492124999999,0.0199088856219789,0.11130000000000001,0.1914492124999999,0.0199088856219789,0.11130000000000001,0.1914492124999999,0.0199088856219789,0.11130000000000001
11,Neck,21,1,No Fall,0.9145869941176479,0.125277379295815,0.854244,0.9145869941176479,0.125277379295815,0.854244,0.9145869941176479,0.125277379295815,0.854244,5.414088235294104,15.348740112435069,117.81,5.414088235294104,15.348740112435069,117.81,5.414088235294104,15.348740112435069,117.81,0.11415390000000018,0.023630838699166316,0.1372,0.11415390000000018,0.023630838699166316,0.1372,0.11415390000000018,0.023630838699166316,0.1372
11,Neck,21,2,No Fall,0.90593683529412,0.20180596491981104,1.299544,0.90593683529412,0.20180596491981104,1.299544,0.90593683529412,0.20180596491981104,1.299544,4.743058823529416,20.139088296756857,175.14000000000001,4.743058823529416,20.139088296756857,175.14000000000001,4.743058823529416,20.139088296756857,175.14000000000001,0.14044441249999992,0.03854900222136113,0.23071999999999998,0.14044441249999992,0.03854900222136113,0.23071999999999998,0.14044441249999992,0.03854900222136113,0.23071999999999998
11,Neck,21,3,No Fall,0.9206590571428581,0.15869231612950163,1.05286,0.9206590571428581,0.15869231612950163,1.05286,0.9206590571428581,0.15869231612950163,1.05286,6.30679411764706,20.14830131674776,185.08000000000004,6.30679411764706,20.14830131674776,185.08000000000004,6.30679411764706,20.14830131674776,185.08000000000004,0.08281525000000002,0.06556940729807527,0.31738,0.08281525000000002,0.06556940729807527,0.31738,0.08281525000000002,0.06556940729807527,0.31738
11,Neck,21,4,No Fall,0.9334980193277334,0.19852292120172832,1.151436,0.9334980193277334,0.19852292120172832,1.151436,0.9334980193277334,0.19852292120172832,1.151436,5.684647058823525,17.719355417759957,112.70000000000002,5.684647058823525,17.719355417759957,112.70000000000002,5.684647058823525,17.719355417759957,112.70000000000002,0.0659582875,0.03838138386587312,0.16352,0.0659582875,0.03838138386587312,0.16352,0.0659582875,0.03838138386587312,0.16352
11,Neck,21,5,No Fall,0.8881300126050434,0.15229562561291612,1.037,0.8881300126050434,0.15229562561291612,1.037,0.8881300126050434,0.15229562561291612,1.037,5.813970588235307,17.64166713319543,121.80000000000001,5.813970588235307,17.64166713319543,121.80000000000001,5.813970588235307,17.64166713319543,121.80000000000001,0.1541882124999997,0.035323782028406005,0.18732,0.1541882124999997,0.035323782028406005,0.18732,0.1541882124999997,0.035323782028406005,0.18732
11,Neck,21,6,No Fall,0.8920785579831942,0.18573163912145685,1.169248,0.8920785579831942,0.18573163912145685,1.169248,0.8920785579831942,0.18573163912145685,1.169248,6.333691176470586,18.319251259955152,120.12000000000002,6.333691176470586,18.319251259955152,120.12000000000002,6.333691176470586,18.319251259955152,120.12000000000002,0.10607292500000007,0.09509710629514685,0.26768,0.10607292500000007,0.09509710629514685,0.26768,0.10607292500000007,0.09509710629514685,0.26768
11,Neck,22,1,No Fall,0.9150891420168056,0.46080048350961905,2.713768,0.9150891420168056,0.46080048350961905,2.713768,0.9150891420168056,0.46080048350961905,2.713768,5.83217647058822,38.83038654775069,289.52000000000004,5.83217647058822,38.83038654775069,289.52000000000004,5.83217647058822,38.83038654775069,289.52000000000004,0.20006892500000006,0.025028017837863896,0.13831999999999997,0.20006892500000006,0.025028017837863896,0.13831999999999997,0.20006892500000006,0.025028017837863896,0.13831999999999997
11,Neck,22,2,No Fall,0.9306957613445355,0.3892857880355296,2.039596,0.9306957613445355,0.3892857880355296,2.039596,0.9306957613445355,0.3892857880355296,2.039596,5.826926470588246,37.05774245928468,287.35,5.826926470588246,37.05774245928468,287.35,5.826926470588246,37.05774245928468,287.35,0.09477054999999991,0.025528530468182365,0.14909999999999998,0.09477054999999991,0.025528530468182365,0.14909999999999998,0.09477054999999991,0.025528530468182365,0.14909999999999998
11,Neck,22,3,No Fall,0.9076411445378147,0.3450045192365931,1.5691639999999998,0.9076411445378147,0.3450045192365931,1.5691639999999998,0.9076411445378147,0.3450045192365931,1.5691639999999998,5.099661764705906,30.0755336390243,189.77000000000004,5.099661764705906,30.0755336390243,189.77000000000004,5.099661764705906,30.0755336390243,189.77000000000004,0.14740284999999995,0.02621599372199668,0.14588,0.14740284999999995,0.02621599372199668,0.14588,0.14740284999999995,0.02621599372199668,0.14588
11,Neck,23,1,No Fall,0.8953402126050448,0.30240646925106246,3.2486159999999997,0.8953402126050448,0.30240646925106246,3.2486159999999997,0.8953402126050448,0.30240646925106246,3.2486159999999997,5.870323529411763,50.15432199997013,956.97,5.870323529411763,50.15432199997013,956.97,5.870323529411763,50.15432199997013,956.97,0.19109614999999983,0.042838655011035114,0.29007999999999995,0.19109614999999983,0.042838655011035114,0.29007999999999995,0.19109614999999983,0.042838655011035114,0.29007999999999995
11,Neck,23,2,No Fall,0.8921160806722699,0.3032812278939676,3.166876,0.8921160806722699,0.3032812278939676,3.166876,0.8921160806722699,0.3032812278939676,3.166876,6.291147058823529,49.22865979302337,716.8700000000001,6.291147058823529,49.22865979302337,716.8700000000001,6.291147058823529,49.22865979302337,716.8700000000001,0.17255393750000028,0.04827030725091153,0.34356,0.17255393750000028,0.04827030725091153,0.34356,0.17255393750000028,0.04827030725091153,0.34356
11,Neck,23,3,No Fall,0.8867968294117656,0.27127884041385425,2.677168,0.8867968294117656,0.27127884041385425,2.677168,0.8867968294117656,0.27127884041385425,2.677168,5.914397058823536,44.023646699546866,740.0400000000001,5.914397058823536,44.023646699546866,740.0400000000001,5.914397058823536,44.023646699546866,740.0400000000001,0.1472709000000002,0.05101547988289732,0.37449999999999994,0.1472709000000002,0.05101547988289732,0.37449999999999994,0.1472709000000002,0.05101547988289732,0.37449999999999994
11,Neck,24,1,No Fall,0.9351437378151244,0.8921156521333314,4.2919599999999996,0.9351437378151244,0.8921156521333314,4.2919599999999996,0.9351437378151244,0.8921156521333314,4.2919599999999996,5.765000000000007,77.0034739058574,437.78000000000003,5.765000000000007,77.0034739058574,437.78000000000003,5.765000000000007,77.0034739058574,437.78000000000003,0.12658502499999977,0.06143068769449438,0.31794,0.12658502499999977,0.06143068769449438,0.31794,0.12658502499999977,0.06143068769449438,0.31794
11,Neck,24,2,No Fall,0.9227199857142865,0.9246372163109079,4.838763999999999,0.9227199857142865,0.9246372163109079,4.838763999999999,0.9227199857142865,0.9246372163109079,4.838763999999999,5.764558823529399,71.15559000856497,384.09000000000003,5.764558823529399,71.15559000856497,384.09000000000003,5.764558823529399,71.15559000856497,384.09000000000003,0.17662347500000009,0.04789058286217316,0.32424,0.17662347500000009,0.04789058286217316,0.32424,0.17662347500000009,0.04789058286217316,0.32424
11,Neck,24,3,No Fall,0.9115180277310928,0.9491250602696044,4.6421,0.9115180277310928,0.9491250602696044,4.6421,0.9115180277310928,0.9491250602696044,4.6421,7.440411764705856,75.33958435950602,440.44000000000005,7.440411764705856,75.33958435950602,440.44000000000005,7.440411764705856,75.33958435950602,440.44000000000005,0.20317587500000006,0.03161235994508608,0.17332,0.20317587500000006,0.03161235994508608,0.17332,0.20317587500000006,0.03161235994508608,0.17332
11,Neck,25,1,No Fall,0.9186291411764699,1.0211355986661543,5.342867999999999,0.9186291411764699,1.0211355986661543,5.342867999999999,0.9186291411764699,1.0211355986661543,5.342867999999999,6.792823529411769,86.95593626923284,484.47,6.792823529411769,86.95593626923284,484.47,6.792823529411769,86.95593626923284,484.47,0.1441618499999998,0.07763757981932859,0.39913999999999994,0.1441618499999998,0.07763757981932859,0.39913999999999994,0.1441618499999998,0.07763757981932859,0.39913999999999994
11,Neck,25,2,No Fall,0.9073095403361344,1.049561463496416,4.8748759999999995,0.9073095403361344,1.049561463496416,4.8748759999999995,0.9073095403361344,1.049561463496416,4.8748759999999995,7.938573529411795,79.32422305972523,427.00000000000006,7.938573529411795,79.32422305972523,427.00000000000006,7.938573529411795,79.32422305972523,427.00000000000006,0.12100707499999994,0.047826804393100684,0.21293999999999996,0.12100707499999994,0.047826804393100684,0.21293999999999996,0.12100707499999994,0.047826804393100684,0.21293999999999996
11,Neck,25,3,No Fall,0.8953804521008377,1.090097762866804,5.12278,0.8953804521008377,1.090097762866804,5.12278,0.8953804521008377,1.090097762866804,5.12278,9.240323529411773,94.4810555589304,558.6700000000001,9.240323529411773,94.4810555589304,558.6700000000001,9.240323529411773,94.4810555589304,558.6700000000001,0.12308633749999999,0.04286371080705901,0.21545999999999998,0.12308633749999999,0.04286371080705901,0.21545999999999998,0.12308633749999999,0.04286371080705901,0.21545999999999998
11,Neck,26,1,No Fall,0.8784974974789931,0.17880460020966304,3.113928,0.8784974974789931,0.17880460020966304,3.113928,0.8784974974789931,0.17880460020966304,3.113928,5.220794117647061,10.64046009964891,242.20000000000002,5.220794117647061,10.64046009964891,242.20000000000002,5.220794117647061,10.64046009964891,242.20000000000002,0.18026540000000021,0.016644286317138362,0.12460000000000002,0.18026540000000021,0.016644286317138362,0.12460000000000002,0.18026540000000021,0.016644286317138362,0.12460000000000002
11,Neck,26,2,No Fall,0.88209808655462,0.30282860644485654,4.19924,0.88209808655462,0.30282860644485654,4.19924,0.88209808655462,0.30282860644485654,4.19924,5.4882352941176515,24.985992133490065,390.18000000000006,5.4882352941176515,24.985992133490065,390.18000000000006,5.4882352941176515,24.985992133490065,390.18000000000006,0.2176627249999999,0.027855299273843698,0.16519999999999996,0.2176627249999999,0.027855299273843698,0.16519999999999996,0.2176627249999999,0.027855299273843698,0.16519999999999996
11,Neck,26,3,No Fall,0.8916657058823542,0.20386696465797197,4.678456,0.8916657058823542,0.20386696465797197,4.678456,0.8916657058823542,0.20386696465797197,4.678456,5.22366176470588,15.234576869628038,433.37000000000006,5.22366176470588,15.234576869628038,433.37000000000006,5.22366176470588,15.234576869628038,433.37000000000006,0.17078101250000002,0.016789330100635682,0.11409999999999998,0.17078101250000002,0.016789330100635682,0.11409999999999998,0.17078101250000002,0.016789330100635682,0.11409999999999998
11,Neck,26,4,No Fall,0.911137777310926,0.3146443523993307,4.817048,0.911137777310926,0.3146443523993307,4.817048,0.911137777310926,0.3146443523993307,4.817048,6.154029411764701,26.66701596493358,407.05,6.154029411764701,26.66701596493358,407.05,6.154029411764701,26.66701596493358,407.05,0.19206950000000028,0.03090138368173669,0.16757999999999995,0.19206950000000028,0.03090138368173669,0.16757999999999995,0.19206950000000028,0.03090138368173669,0.16757999999999995
11,Neck,27,1,No Fall,0.8815532386554628,0.2232221557575513,4.537668,0.8815532386554628,0.2232221557575513,4.537668,0.8815532386554628,0.2232221557575513,4.537668,5.400808823529413,15.627261049675202,489.72,5.400808823529413,15.627261049675202,489.72,5.400808823529413,15.627261049675202,489.72,0.17811920000000026,0.021426401857179412,0.15512,0.17811920000000026,0.021426401857179412,0.15512,0.17811920000000026,0.021426401857179412,0.15512
11,Neck,27,2,No Fall,0.8795637159663888,0.3353201748733019,4.937583999999999,0.8795637159663888,0.3353201748733019,4.937583999999999,0.8795637159663888,0.3353201748733019,4.937583999999999,5.594970588235284,27.85551742054174,605.5,5.594970588235284,27.85551742054174,605.5,5.594970588235284,27.85551742054174,605.5,0.2102557624999999,0.030013071920371698,0.17318,0.2102557624999999,0.030013071920371698,0.17318,0.2102557624999999,0.030013071920371698,0.17318
11,Neck,27,3,No Fall,0.8945435218487391,0.25207240353164073,4.816072,0.8945435218487391,0.25207240353164073,4.816072,0.8945435218487391,0.25207240353164073,4.816072,5.134602941176475,20.450843051550034,568.8900000000001,5.134602941176475,20.450843051550034,568.8900000000001,5.134602941176475,20.450843051550034,568.8900000000001,0.17938374999999998,0.01848664359563805,0.14154,0.17938374999999998,0.01848664359563805,0.14154,0.17938374999999998,0.01848664359563805,0.14154
11,Neck,27,4,No Fall,0.8972011226890758,0.33865474630038334,5.713991999999999,0.8972011226890758,0.33865474630038334,5.713991999999999,0.8972011226890758,0.33865474630038334,5.713991999999999,6.544882352941175,29.739500630269234,611.03,6.544882352941175,29.739500630269234,611.03,6.544882352941175,29.739500630269234,611.03,0.19231467499999955,0.04569006408801703,0.28797999999999996,0.19231467499999955,0.04569006408801703,0.28797999999999996,0.19231467499999955,0.04569006408801703,0.28797999999999996
11,Neck,28,1,No Fall,0.752033886554622,0.39303338311952246,1.929552,0.752033886554622,0.39303338311952246,1.929552,0.752033886554622,0.39303338311952246,1.929552,5.518455882352936,36.889058928326115,361.27000000000004,5.518455882352936,36.889058928326115,361.27000000000004,5.518455882352936,36.889058928326115,361.27000000000004,0.18353448749999973,0.05878551380023669,0.34187999999999996,0.18353448749999973,0.05878551380023669,0.34187999999999996,0.18353448749999973,0.05878551380023669,0.34187999999999996
11,Neck,28,2,No Fall,0.8115671697479001,0.39064104348529655,2.253584,0.8115671697479001,0.39064104348529655,2.253584,0.8115671697479001,0.39064104348529655,2.253584,5.680352941176474,42.77053441719219,500.9200000000001,5.680352941176474,42.77053441719219,500.9200000000001,5.680352941176474,42.77053441719219,500.9200000000001,0.21082792500000014,0.04993973277624722,0.33011999999999997,0.21082792500000014,0.04993973277624722,0.33011999999999997,0.21082792500000014,0.04993973277624722,0.33011999999999997
11,Neck,28,3,No Fall,0.8150514487394964,0.34907428757577524,1.899296,0.8150514487394964,0.34907428757577524,1.899296,0.8150514487394964,0.34907428757577524,1.899296,5.4627058823529415,41.314953237675944,490.35,5.4627058823529415,41.314953237675944,490.35,5.4627058823529415,41.314953237675944,490.35,0.17017315000000022,0.06299822856699316,0.371,0.17017315000000022,0.06299822856699316,0.371,0.17017315000000022,0.06299822856699316,0.371
11,Neck,28,4,No Fall,0.8178792857142868,0.3678233310036026,2.169648,0.8178792857142868,0.3678233310036026,2.169648,0.8178792857142868,0.3678233310036026,2.169648,6.889441176470557,43.03069399511844,435.82000000000005,6.889441176470557,43.03069399511844,435.82000000000005,6.889441176470557,43.03069399511844,435.82000000000005,0.17566045000000013,0.06499550093861432,0.41034,0.17566045000000013,0.06499550093861432,0.41034,0.17566045000000013,0.06499550093861432,0.41034
11,Neck,29,1,No Fall,0.8386532714285694,0.11883722915230321,0.976,0.8386532714285694,0.11883722915230321,0.976,0.8386532714285694,0.11883722915230321,0.976,6.12392647058822,13.269424184156817,103.88000000000001,6.12392647058822,13.269424184156817,103.88000000000001,6.12392647058822,13.269424184156817,103.88000000000001,0.11902808750000009,0.04869282562538816,0.2002,0.11902808750000009,0.04869282562538816,0.2002,0.11902808750000009,0.04869282562538816,0.2002
11,Neck,29,2,No Fall,0.8838767747899174,0.08181733796788428,0.6529439999999999,0.8838767747899174,0.08181733796788428,0.6529439999999999,0.8838767747899174,0.08181733796788428,0.6529439999999999,5.42479411764705,11.672490209656337,100.87,5.42479411764705,11.672490209656337,100.87,5.42479411764705,11.672490209656337,100.87,0.06119531249999986,0.05035404417601817,0.20299999999999999,0.06119531249999986,0.05035404417601817,0.20299999999999999,0.06119531249999986,0.05035404417601817,0.20299999999999999
11,Neck,30,1,No Fall,0.8325029848739497,0.14048716693852786,0.8537560000000001,0.8325029848739497,0.14048716693852786,0.8537560000000001,0.8325029848739497,0.14048716693852786,0.8537560000000001,5.9467500000000175,18.190220226181147,121.17000000000002,5.9467500000000175,18.190220226181147,121.17000000000002,5.9467500000000175,18.190220226181147,121.17000000000002,0.24363473750000025,0.0646164586871207,0.3171,0.24363473750000025,0.0646164586871207,0.3171,0.24363473750000025,0.0646164586871207,0.3171
11,Neck,30,2,No Fall,0.8717498210084025,0.13152485207727813,0.8818159999999999,0.8717498210084025,0.13152485207727813,0.8818159999999999,0.8717498210084025,0.13152485207727813,0.8818159999999999,4.807676470588252,15.044406503124687,110.60000000000001,4.807676470588252,15.044406503124687,110.60000000000001,4.807676470588252,15.044406503124687,110.60000000000001,0.240003575,0.04756871272420847,0.23015999999999998,0.240003575,0.04756871272420847,0.23015999999999998,0.240003575,0.04756871272420847,0.23015999999999998
11,Neck,31,1,No Fall,0.8443039731092445,0.09308005725063309,0.76006,0.8443039731092445,0.09308005725063309,0.76006,0.8443039731092445,0.09308005725063309,0.76006,5.420764705882352,13.757719162919551,96.11000000000001,5.420764705882352,13.757719162919551,96.11000000000001,5.420764705882352,13.757719162919551,96.11000000000001,0.16251051250000026,0.0973608045116042,0.38948,0.16251051250000026,0.0973608045116042,0.38948,0.16251051250000026,0.0973608045116042,0.38948
11,Neck,31,2,No Fall,0.8681356991596622,0.1029514187710017,0.9135359999999999,0.8681356991596622,0.1029514187710017,0.9135359999999999,0.8681356991596622,0.1029514187710017,0.9135359999999999,6.612838235294118,10.79013360929603,84.91,6.612838235294118,10.79013360929603,84.91,6.612838235294118,10.79013360929603,84.91,0.20108777500000002,0.06277946579796653,0.23435999999999998,0.20108777500000002,0.06277946579796653,0.23435999999999998,0.20108777500000002,0.06277946579796653,0.23435999999999998
11,Neck,32,1,No Fall,0.8673492092436965,0.09981521154958024,1.091412,0.8673492092436965,0.09981521154958024,1.091412,0.8673492092436965,0.09981521154958024,1.091412,5.677279411764702,14.355535982208943,135.59,5.677279411764702,14.355535982208943,135.59,5.677279411764702,14.355535982208943,135.59,0.2385487124999996,0.06424607610801525,0.30324,0.2385487124999996,0.06424607610801525,0.30324,0.2385487124999996,0.06424607610801525,0.30324
11,Neck,32,2,No Fall,0.8679911957983226,0.09365778025808376,0.8383839999999999,0.8679911957983226,0.09365778025808376,0.8383839999999999,0.8679911957983226,0.09365778025808376,0.8383839999999999,5.941926470588247,13.767675387348245,131.46,5.941926470588247,13.767675387348245,131.46,5.941926470588247,13.767675387348245,131.46,0.23808181250000005,0.039294442300561595,0.18605999999999995,0.23808181250000005,0.039294442300561595,0.18605999999999995,0.23808181250000005,0.039294442300561595,0.18605999999999995
11,Neck,33,1,No Fall,0.8870046394957986,0.13642722860868695,1.0506639999999998,0.8870046394957986,0.13642722860868695,1.0506639999999998,0.8870046394957986,0.13642722860868695,1.0506639999999998,8.162382352941185,18.5937016111861,182.0,8.162382352941185,18.5937016111861,182.0,8.162382352941185,18.5937016111861,182.0,0.12299201249999997,0.05292053362589396,0.24975999999999998,0.12299201249999997,0.05292053362589396,0.24975999999999998,0.12299201249999997,0.05292053362589396,0.24975999999999998
11,Neck,33,2,No Fall,0.8781760941176459,0.12208363260840181,0.9818559999999998,0.8781760941176459,0.12208363260840181,0.9818559999999998,0.8781760941176459,0.12208363260840181,0.9818559999999998,6.49289705882352,17.617919653241735,137.69,6.49289705882352,17.617919653241735,137.69,6.49289705882352,17.617919653241735,137.69,0.15233365000000015,0.07131658156018758,0.28784,0.15233365000000015,0.07131658156018758,0.28784,0.15233365000000015,0.07131658156018758,0.28784
11,Neck,34,1,No Fall,0.89625982605042,0.1145164665803863,0.934764,0.89625982605042,0.1145164665803863,0.934764,0.89625982605042,0.1145164665803863,0.934764,5.121249999999996,13.829202266026336,129.08,5.121249999999996,13.829202266026336,129.08,5.121249999999996,13.829202266026336,129.08,0.22753316249999986,0.09278754970555765,0.28125999999999995,0.22753316249999986,0.09278754970555765,0.28125999999999995,0.22753316249999986,0.09278754970555765,0.28125999999999995
11,Neck,34,2,No Fall,0.8606461806722713,0.13144305762455807,0.9918599999999999,0.8606461806722713,0.13144305762455807,0.9918599999999999,0.8606461806722713,0.13144305762455807,0.9918599999999999,7.838470588235305,16.412150162923457,160.44000000000003,7.838470588235305,16.412150162923457,160.44000000000003,7.838470588235305,16.412150162923457,160.44000000000003,0.18391432500000027,0.05398799056964396,0.25116,0.18391432500000027,0.05398799056964396,0.25116,0.18391432500000027,0.05398799056964396,0.25116
11,Neck,35,1,No Fall,0.8761369512605034,0.2315299551470385,1.63846,0.8761369512605034,0.2315299551470385,1.63846,0.8761369512605034,0.2315299551470385,1.63846,3.9934705882352937,26.459812679777865,187.18,3.9934705882352937,26.459812679777865,187.18,3.9934705882352937,26.459812679777865,187.18,0.17942382500000018,0.08079148428409641,0.3941,0.17942382500000018,0.08079148428409641,0.3941,0.17942382500000018,0.08079148428409641,0.3941
11,Neck,35,2,No Fall,0.8512431075630257,0.20993538126472125,1.293688,0.8512431075630257,0.20993538126472125,1.293688,0.8512431075630257,0.20993538126472125,1.293688,4.2212794117647015,23.77975346706694,139.65000000000003,4.2212794117647015,23.77975346706694,139.65000000000003,4.2212794117647015,23.77975346706694,139.65000000000003,0.19728791249999966,0.07779013873361429,0.39368,0.19728791249999966,0.07779013873361429,0.39368,0.19728791249999966,0.07779013873361429,0.39368
11,Neck,36,1,No Fall,0.9312728521008411,0.44801338954757725,3.2615480000000003,0.9312728521008411,0.44801338954757725,3.2615480000000003,0.9312728521008411,0.44801338954757725,3.2615480000000003,7.993882352941202,57.08043577070429,377.30000000000007,7.993882352941202,57.08043577070429,377.30000000000007,7.993882352941202,57.08043577070429,377.30000000000007,0.12973729999999992,0.07326543987198035,0.32242,0.12973729999999992,0.07326543987198035,0.32242,0.12973729999999992,0.07326543987198035,0.32242
11,Neck,36,2,No Fall,0.9282718571428588,0.4090068400713878,4.324168,0.9282718571428588,0.4090068400713878,4.324168,0.9282718571428588,0.4090068400713878,4.324168,7.2535588235293895,54.07617793394814,432.67,7.2535588235293895,54.07617793394814,432.67,7.2535588235293895,54.07617793394814,432.67,0.1344092750000001,0.09323275193431325,0.4473,0.1344092750000001,0.09323275193431325,0.4473,0.1344092750000001,0.09323275193431325,0.4473
11,Neck,37,1,No Fall,0.9506544487394973,0.018229481271544893,0.16591999999999996,0.9506544487394973,0.018229481271544893,0.16591999999999996,0.9506544487394973,0.018229481271544893,0.16591999999999996,5.282529411764724,3.4298269506654524,33.11000000000001,5.282529411764724,3.4298269506654524,33.11000000000001,5.282529411764724,3.4298269506654524,33.11000000000001,0.1048758375000001,0.011315770923509372,0.07098,0.1048758375000001,0.011315770923509372,0.07098,0.1048758375000001,0.011315770923509372,0.07098
11,Neck,37,2,No Fall,0.9264894781512599,0.05343825016666361,0.43334400000000006,0.9264894781512599,0.05343825016666361,0.43334400000000006,0.9264894781512599,0.05343825016666361,0.43334400000000006,4.748044117647049,8.875696650155504,96.67000000000002,4.748044117647049,8.875696650155504,96.67000000000002,4.748044117647049,8.875696650155504,96.67000000000002,0.04745264999999998,0.010783631539084208,0.0728,0.04745264999999998,0.010783631539084208,0.0728,0.04745264999999998,0.010783631539084208,0.0728
11,Neck,38,1,No Fall,0.9261305521008366,0.07311287558150052,1.0735999999999999,0.9261305521008366,0.07311287558150052,1.0735999999999999,0.9261305521008366,0.07311287558150052,1.0735999999999999,4.000352941176451,10.20565209958171,125.86000000000001,4.000352941176451,10.20565209958171,125.86000000000001,4.000352941176451,10.20565209958171,125.86000000000001,0.10059559999999991,0.05601420564161413,0.29679999999999995,0.10059559999999991,0.05601420564161413,0.29679999999999995,0.10059559999999991,0.05601420564161413,0.29679999999999995
11,Neck,38,2,No Fall,0.9092084344537811,0.06741198121969876,0.639524,0.9092084344537811,0.06741198121969876,0.639524,0.9092084344537811,0.06741198121969876,0.639524,5.7340882352941005,12.766552253817478,139.72000000000003,5.7340882352941005,12.766552253817478,139.72000000000003,5.7340882352941005,12.766552253817478,139.72000000000003,0.05849733750000006,0.05707458064242165,0.30239999999999995,0.05849733750000006,0.05707458064242165,0.30239999999999995,0.05849733750000006,0.05707458064242165,0.30239999999999995
11,Neck,39,1,No Fall,0.9276706739495795,0.024676099533308824,0.24082800000000004,0.9276706739495795,0.024676099533308824,0.24082800000000004,0.9276706739495795,0.024676099533308824,0.24082800000000004,5.0800294117647145,4.227154635127979,49.49000000000001,5.0800294117647145,4.227154635127979,49.49000000000001,5.0800294117647145,4.227154635127979,49.49000000000001,0.12038993750000017,0.008140372229426289,0.06201999999999999,0.12038993750000017,0.008140372229426289,0.06201999999999999,0.12038993750000017,0.008140372229426289,0.06201999999999999
11,Neck,39,2,No Fall,0.9412485563025209,0.05359341647505776,1.16998,0.9412485563025209,0.05359341647505776,1.16998,0.9412485563025209,0.05359341647505776,1.16998,4.988558823529413,25.619421348334104,431.4100000000001,4.988558823529413,25.619421348334104,431.4100000000001,4.988558823529413,25.619421348334104,431.4100000000001,0.14530215000000005,0.018065244034575538,0.12026,0.14530215000000005,0.018065244034575538,0.12026,0.14530215000000005,0.018065244034575538,0.12026
11,Neck,40,1,No Fall,0.9095440369747906,0.07206180509670593,0.790804,0.9095440369747906,0.07206180509670593,0.790804,0.9095440369747906,0.07206180509670593,0.790804,5.630470588235298,13.246225839877026,120.19000000000001,5.630470588235298,13.246225839877026,120.19000000000001,5.630470588235298,13.246225839877026,120.19000000000001,0.12121856249999985,0.08092488318578371,0.27635999999999994,0.12121856249999985,0.08092488318578371,0.27635999999999994,0.12121856249999985,0.08092488318578371,0.27635999999999994
11,Neck,40,2,No Fall,0.9479425117647063,0.06202867202378367,0.909388,0.9479425117647063,0.06202867202378367,0.909388,0.9479425117647063,0.06202867202378367,0.909388,6.330161764705872,8.78415688989703,116.97000000000001,6.330161764705872,8.78415688989703,116.97000000000001,6.330161764705872,8.78415688989703,116.97000000000001,0.1783799500000001,0.07904247922762185,0.23366,0.1783799500000001,0.07904247922762185,0.23366,0.1783799500000001,0.07904247922762185,0.23366
11,Neck,43,1,No Fall,0.9298146957983178,0.6282746565751327,4.236572,0.9298146957983178,0.6282746565751327,4.236572,0.9298146957983178,0.6282746565751327,4.236572,6.641205882352933,55.015180587529,388.57,6.641205882352933,55.015180587529,388.57,6.641205882352933,55.015180587529,388.57,0.14329577499999996,0.0630650105952202,0.24149999999999996,0.14329577499999996,0.0630650105952202,0.24149999999999996,0.14329577499999996,0.0630650105952202,0.24149999999999996
11,Neck,43,2,No Fall,0.923986889075632,0.6511785662802537,4.4061520000000005,0.923986889075632,0.6511785662802537,4.4061520000000005,0.923986889075632,0.6511785662802537,4.4061520000000005,5.896220588235308,47.92751596586896,391.02000000000004,5.896220588235308,47.92751596586896,391.02000000000004,5.896220588235308,47.92751596586896,391.02000000000004,0.12959782500000006,0.05573324105611042,0.20636,0.12959782500000006,0.05573324105611042,0.20636,0.12959782500000006,0.05573324105611042,0.20636
11,Neck,43,3,No Fall,0.9322951915966413,0.5995349344542965,3.764432,0.9322951915966413,0.5995349344542965,3.764432,0.9322951915966413,0.5995349344542965,3.764432,5.817455882352931,47.44275251576869,372.05,5.817455882352931,47.44275251576869,372.05,5.817455882352931,47.44275251576869,372.05,0.09874409999999996,0.11189906900514243,0.37029999999999996,0.09874409999999996,0.11189906900514243,0.37029999999999996,0.09874409999999996,0.11189906900514243,0.37029999999999996
11,Neck,44,1,No Fall,0.9133083521008392,0.6170603467420989,4.369796,0.9133083521008392,0.6170603467420989,4.369796,0.9133083521008392,0.6170603467420989,4.369796,7.307588235294115,53.74033545469488,481.5300000000001,7.307588235294115,53.74033545469488,481.5300000000001,7.307588235294115,53.74033545469488,481.5300000000001,0.25862900000000033,0.16285741615980792,0.53004,0.25862900000000033,0.16285741615980792,0.53004,0.25862900000000033,0.16285741615980792,0.53004
11,Neck,44,2,No Fall,0.9335015563025205,0.6469952985667492,5.66812,0.9335015563025205,0.6469952985667492,5.66812,0.9335015563025205,0.6469952985667492,5.66812,5.717705882352938,45.55150279913434,484.26000000000005,5.717705882352938,45.55150279913434,484.26000000000005,5.717705882352938,45.55150279913434,484.26000000000005,0.06134581250000019,0.08167403278419864,0.39858,0.06134581250000019,0.08167403278419864,0.39858,0.06134581250000019,0.08167403278419864,0.39858
11,Neck,44,3,No Fall,0.9154214126050388,0.7129271917441391,5.587599999999999,0.9154214126050388,0.7129271917441391,5.587599999999999,0.9154214126050388,0.7129271917441391,5.587599999999999,7.456911764705901,59.00410445619579,520.38,7.456911764705901,59.00410445619579,520.38,7.456911764705901,59.00410445619579,520.38,0.10038988750000012,0.10513229501988149,0.35209999999999997,0.10038988750000012,0.10513229501988149,0.35209999999999997,0.10038988750000012,0.10513229501988149,0.35209999999999997
11,Neck,101,1,Fall,0.5092543478991607,0.4659231817229374,4.609648,0.5092543478991607,0.4659231817229374,4.609648,0.5092543478991607,0.4659231817229374,4.609648,8.525867647059036,30.687553190620353,497.07000000000005,8.525867647059036,30.687553190620353,497.07000000000005,8.525867647059036,30.687553190620353,497.07000000000005,0.19186571250000012,0.2173000283618735,0.6686399999999999,0.19186571250000012,0.2173000283618735,0.6686399999999999,0.19186571250000012,0.2173000283618735,0.6686399999999999
11,Neck,101,2,Fall,0.508953397478992,0.4817200913251433,3.65146,0.508953397478992,0.4817200913251433,3.65146,0.508953397478992,0.4817200913251433,3.65146,9.514852941177,39.101387182233545,616.2800000000001,9.514852941177,39.101387182233545,616.2800000000001,9.514852941177,39.101387182233545,616.2800000000001,0.23372081249999987,0.18094584600946859,0.59024,0.23372081249999987,0.18094584600946859,0.59024,0.23372081249999987,0.18094584600946859,0.59024
11,Neck,103,1,Fall,0.5481005319327759,0.418677126964487,2.63886,0.5481005319327759,0.418677126964487,2.63886,0.5481005319327759,0.418677126964487,2.63886,7.964588235294112,29.875391871950264,460.81000000000006,7.964588235294112,29.875391871950264,460.81000000000006,7.964588235294112,29.875391871950264,460.81000000000006,0.18180347499999994,0.21303269711290518,0.616,0.18180347499999994,0.21303269711290518,0.616,0.18180347499999994,0.21303269711290518,0.616
11,Neck,103,2,Fall,0.49213703025210453,0.49976450804467804,4.487159999999999,0.49213703025210453,0.49976450804467804,4.487159999999999,0.49213703025210453,0.49976450804467804,4.487159999999999,8.346426470588378,30.762803936128442,377.02000000000004,8.346426470588378,30.762803936128442,377.02000000000004,8.346426470588378,30.762803936128442,377.02000000000004,0.2535553125000002,0.16976989834705045,0.53508,0.2535553125000002,0.16976989834705045,0.53508,0.2535553125000002,0.16976989834705045,0.53508
11,Neck,104,1,Fall,0.694498327731094,0.44472901181266694,2.9380040000000003,0.694498327731094,0.44472901181266694,2.9380040000000003,0.694498327731094,0.44472901181266694,2.9380040000000003,7.081514705882323,47.12564026703115,463.89000000000004,7.081514705882323,47.12564026703115,463.89000000000004,7.081514705882323,47.12564026703115,463.89000000000004,0.15928508750000017,0.1947248064443005,0.6588399999999999,0.15928508750000017,0.1947248064443005,0.6588399999999999,0.15928508750000017,0.1947248064443005,0.6588399999999999
11,Neck,104,2,Fall,0.5535020050420182,0.5169633222928743,4.838763999999999,0.5535020050420182,0.5169633222928743,4.838763999999999,0.5535020050420182,0.5169633222928743,4.838763999999999,6.719632352941163,44.766934724203445,483.63000000000005,6.719632352941163,44.766934724203445,483.63000000000005,6.719632352941163,44.766934724203445,483.63000000000005,0.16383001249999982,0.19214079979494472,0.6815199999999999,0.16383001249999982,0.19214079979494472,0.6815199999999999,0.16383001249999982,0.19214079979494472,0.6815199999999999
11,Neck,105,1,Fall,0.5354489781512592,0.4623877126843622,1.883192,0.5354489781512592,0.4623877126843622,1.883192,0.5354489781512592,0.4623877126843622,1.883192,7.650941176470641,27.243104299491925,315.00000000000006,7.650941176470641,27.243104299491925,315.00000000000006,7.650941176470641,27.243104299491925,315.00000000000006,0.19098948750000003,0.19340852434301495,0.6676599999999999,0.19098948750000003,0.19340852434301495,0.6676599999999999,0.19098948750000003,0.19340852434301495,0.6676599999999999
11,Neck,105,2,Fall,0.5407254781512609,0.45072336923081324,2.0049479999999997,0.5407254781512609,0.45072336923081324,2.0049479999999997,0.5407254781512609,0.45072336923081324,2.0049479999999997,9.04823529411759,31.105500743481397,315.63,9.04823529411759,31.105500743481397,315.63,9.04823529411759,31.105500743481397,315.63,0.15452456249999985,0.1414321602408823,0.5030199999999999,0.15452456249999985,0.1414321602408823,0.5030199999999999,0.15452456249999985,0.1414321602408823,0.5030199999999999
11,Neck,107,1,Fall,0.6656462504201671,0.34233167206766646,3.45748,0.6656462504201671,0.34233167206766646,3.45748,0.6656462504201671,0.34233167206766646,3.45748,4.8938382352941145,26.599585554390917,368.27000000000004,4.8938382352941145,26.599585554390917,368.27000000000004,4.8938382352941145,26.599585554390917,368.27000000000004,0.06987277500000001,0.1224065166090722,0.45121999999999995,0.06987277500000001,0.1224065166090722,0.45121999999999995,0.06987277500000001,0.1224065166090722,0.45121999999999995
11,Neck,107,2,Fall,0.35661594453781575,0.5875828879607798,2.8121,0.35661594453781575,0.5875828879607798,2.8121,0.35661594453781575,0.5875828879607798,2.8121,0.7272205882352893,30.611997962118107,330.40000000000003,0.7272205882352893,30.611997962118107,330.40000000000003,0.7272205882352893,30.611997962118107,330.40000000000003,-0.22767867500000044,0.11507709009468306,0.35769999999999996,-0.22767867500000044,0.11507709009468306,0.35769999999999996,-0.22767867500000044,0.11507709009468306,0.35769999999999996
11,Neck,107,3,Fall,0.5437440554621847,0.45610501300741135,2.5927439999999997,0.5437440554621847,0.45610501300741135,2.5927439999999997,0.5437440554621847,0.45610501300741135,2.5927439999999997,6.26983823529418,26.381061366407074,591.9200000000001,6.26983823529418,26.381061366407074,591.9200000000001,6.26983823529418,26.381061366407074,591.9200000000001,0.11295523749999999,0.10379757281432431,0.37617999999999996,0.11295523749999999,0.10379757281432431,0.37617999999999996,0.11295523749999999,0.10379757281432431,0.37617999999999996
11,Neck,107,4,Fall,0.48778019495798264,0.5185775118894254,3.368664,0.48778019495798264,0.5185775118894254,3.368664,0.48778019495798264,0.5185775118894254,3.368664,2.483970588235287,32.974136958603225,422.80000000000007,2.483970588235287,32.974136958603225,422.80000000000007,2.483970588235287,32.974136958603225,422.80000000000007,-0.1642977874999999,0.18539503045032585,0.59822,-0.1642977874999999,0.18539503045032585,0.59822,-0.1642977874999999,0.18539503045032585,0.59822
11,Neck,109,1,Fall,0.3435229865546205,0.5318439185778991,3.4557719999999996,0.3435229865546205,0.5318439185778991,3.4557719999999996,0.3435229865546205,0.5318439185778991,3.4557719999999996,8.431779411764682,26.388703957960207,416.9200000000001,8.431779411764682,26.388703957960207,416.9200000000001,8.431779411764682,26.388703957960207,416.9200000000001,0.13638563749999985,0.10474155505010933,0.4144,0.13638563749999985,0.10474155505010933,0.4144,0.13638563749999985,0.10474155505010933,0.4144
11,Neck,109,2,Fall,0.5309712705882369,0.4596707270369356,2.83406,0.5309712705882369,0.4596707270369356,2.83406,0.5309712705882369,0.4596707270369356,2.83406,3.324441176470588,17.032242393919564,222.11,3.324441176470588,17.032242393919564,222.11,3.324441176470588,17.032242393919564,222.11,0.0926632,0.08584881994348287,0.37744,0.0926632,0.08584881994348287,0.37744,0.0926632,0.08584881994348287,0.37744
11,Neck,110,2,Fall,0.8629669487394945,0.3251325129801877,2.509052,0.8629669487394945,0.3251325129801877,2.509052,0.8629669487394945,0.3251325129801877,2.509052,8.186235294117642,50.53602730316814,554.75,8.186235294117642,50.53602730316814,554.75,8.186235294117642,50.53602730316814,554.75,0.11602053749999985,0.17875288261203628,0.68404,0.11602053749999985,0.17875288261203628,0.68404,0.11602053749999985,0.17875288261203628,0.68404
11,Neck,111,1,Fall,0.4975173327731132,0.4665453323705845,2.151592,0.4975173327731132,0.4665453323705845,2.151592,0.4975173327731132,0.4665453323705845,2.151592,10.34316176470588,29.04888157509525,346.57000000000005,10.34316176470588,29.04888157509525,346.57000000000005,10.34316176470588,29.04888157509525,346.57000000000005,0.16846698749999983,0.19528845341173479,0.6052199999999999,0.16846698749999983,0.19528845341173479,0.6052199999999999,0.16846698749999983,0.19528845341173479,0.6052199999999999
11,Neck,112,1,Fall,0.4358762176470567,0.5331058688522934,2.9502040000000003,0.4358762176470567,0.5331058688522934,2.9502040000000003,0.4358762176470567,0.5331058688522934,2.9502040000000003,4.115691176470585,34.43628318451652,505.33000000000004,4.115691176470585,34.43628318451652,505.33000000000004,4.115691176470585,34.43628318451652,505.33000000000004,-0.16310017500000004,0.17862816201717863,0.52122,-0.16310017500000004,0.17862816201717863,0.52122,-0.16310017500000004,0.17862816201717863,0.52122
11,Neck,113,1,Fall,0.58491459579832,0.383705000258158,2.00934,0.58491459579832,0.383705000258158,2.00934,0.58491459579832,0.383705000258158,2.00934,9.921573529411614,22.948010338739472,253.12,9.921573529411614,22.948010338739472,253.12,9.921573529411614,22.948010338739472,253.12,0.22657031249999984,0.24606443573378362,0.6839,0.22657031249999984,0.24606443573378362,0.6839,0.22657031249999984,0.24606443573378362,0.6839
11,Neck,113,2,Fall,0.5973408596638682,0.40648685657375877,1.9039319999999997,0.5973408596638682,0.40648685657375877,1.9039319999999997,0.5973408596638682,0.40648685657375877,1.9039319999999997,5.502249999999983,36.345501819359406,483.2800000000001,5.502249999999983,36.345501819359406,483.2800000000001,5.502249999999983,36.345501819359406,483.2800000000001,-0.03640455000000005,0.13214202067213346,0.5418,-0.03640455000000005,0.13214202067213346,0.5418,-0.03640455000000005,0.13214202067213346,0.5418
11,Neck,114,1,Fall,0.44173155126050645,0.5096113588807365,3.7183159999999997,0.44173155126050645,0.5096113588807365,3.7183159999999997,0.44173155126050645,0.5096113588807365,3.7183159999999997,10.018205882352863,31.73939019368846,688.94,10.018205882352863,31.73939019368846,688.94,10.018205882352863,31.73939019368846,688.94,0.2032673124999998,0.24262799940049282,0.6706,0.2032673124999998,0.24262799940049282,0.6706,0.2032673124999998,0.24262799940049282,0.6706
11,Neck,114,2,Fall,0.49445303109243854,0.45921344273990555,2.432436,0.49445303109243854,0.45921344273990555,2.432436,0.49445303109243854,0.45921344273990555,2.432436,9.540794117647067,24.170675225768097,459.06000000000006,9.540794117647067,24.170675225768097,459.06000000000006,9.540794117647067,24.170675225768097,459.06000000000006,0.246706775,0.19387301585837877,0.5990599999999999,0.246706775,0.19387301585837877,0.5990599999999999,0.246706775,0.19387301585837877,0.5990599999999999
11,Neck,115,1,Fall,0.40117895630252176,0.5222937633343507,2.8972559999999996,0.40117895630252176,0.5222937633343507,2.8972559999999996,0.40117895630252176,0.5222937633343507,2.8972559999999996,9.88123529411793,21.454817051870748,243.46000000000004,9.88123529411793,21.454817051870748,243.46000000000004,9.88123529411793,21.454817051870748,243.46000000000004,0.25030923749999984,0.16895829013190294,0.43105999999999994,0.25030923749999984,0.16895829013190294,0.43105999999999994,0.25030923749999984,0.16895829013190294,0.43105999999999994
11,Neck,116,1,Fall,0.5073419722689075,0.5097778415315004,2.7923359999999997,0.5073419722689075,0.5097778415315004,2.7923359999999997,0.5073419722689075,0.5097778415315004,2.7923359999999997,5.727485294117777,41.3058403561866,490.4200000000001,5.727485294117777,41.3058403561866,490.4200000000001,5.727485294117777,41.3058403561866,490.4200000000001,0.28200313750000006,0.12835714198611164,0.38555999999999996,0.28200313750000006,0.12835714198611164,0.38555999999999996,0.28200313750000006,0.12835714198611164,0.38555999999999996
11,Neck,119,1,Fall,0.600392038655463,0.359571797454109,2.113284,0.600392038655463,0.359571797454109,2.113284,0.600392038655463,0.359571797454109,2.113284,3.0863823529411714,27.31224674257618,386.68,3.0863823529411714,27.31224674257618,386.68,3.0863823529411714,27.31224674257618,386.68,-0.03948743749999997,0.1536282206946521,0.5892599999999999,-0.03948743749999997,0.1536282206946521,0.5892599999999999,-0.03948743749999997,0.1536282206946521,0.5892599999999999
11,Neck,119,2,Fall,0.5815144865546241,0.3721682195724115,1.549888,0.5815144865546241,0.3721682195724115,1.549888,0.5815144865546241,0.3721682195724115,1.549888,4.5463529411764965,18.064111062724994,264.04,4.5463529411764965,18.064111062724994,264.04,4.5463529411764965,18.064111062724994,264.04,-0.020938049999999948,0.13316031371025924,0.53718,-0.020938049999999948,0.13316031371025924,0.53718,-0.020938049999999948,0.13316031371025924,0.53718
11,Neck,121,1,Fall,0.47224872352940694,0.6764923919848375,5.937984,0.47224872352940694,0.6764923919848375,5.937984,0.47224872352940694,0.6764923919848375,5.937984,8.451470588235658,35.22937915494959,508.62,8.451470588235658,35.22937915494959,508.62,8.451470588235658,35.22937915494959,508.62,0.1924096125000002,0.2538335809307047,0.6634599999999999,0.1924096125000002,0.2538335809307047,0.6634599999999999,0.1924096125000002,0.2538335809307047,0.6634599999999999
11,Neck,121,2,Fall,0.6738580294117661,0.5597433208998426,4.471299999999999,0.6738580294117661,0.5597433208998426,4.471299999999999,0.6738580294117661,0.5597433208998426,4.471299999999999,6.968147058823526,40.0116652039996,643.3700000000001,6.968147058823526,40.0116652039996,643.3700000000001,6.968147058823526,40.0116652039996,643.3700000000001,0.24022687499999973,0.2411256320785137,0.6731199999999999,0.24022687499999973,0.2411256320785137,0.6731199999999999,0.24022687499999973,0.2411256320785137,0.6731199999999999
11,Neck,122,2,Fall,0.5590879134453784,0.7499874664047773,4.527664,0.5590879134453784,0.7499874664047773,4.527664,0.5590879134453784,0.7499874664047773,4.527664,6.607485294117632,44.21820881963038,438.27000000000004,6.607485294117632,44.21820881963038,438.27000000000004,6.607485294117632,44.21820881963038,438.27000000000004,0.14476979999999992,0.1712756219741638,0.6515599999999999,0.14476979999999992,0.1712756219741638,0.6515599999999999,0.14476979999999992,0.1712756219741638,0.6515599999999999
11,Neck,123,1,Fall,0.4822574907563037,0.6952298272671581,5.046896,0.4822574907563037,0.6952298272671581,5.046896,0.4822574907563037,0.6952298272671581,5.046896,7.618132352941401,35.67390638231494,486.22,7.618132352941401,35.67390638231494,486.22,7.618132352941401,35.67390638231494,486.22,0.22693842500000005,0.23726017730827617,0.6644399999999999,0.22693842500000005,0.23726017730827617,0.6644399999999999,0.22693842500000005,0.23726017730827617,0.6644399999999999
11,Neck,123,2,Fall,0.6875280781512588,0.6263722536731061,5.8618559999999995,0.6875280781512588,0.6263722536731061,5.8618559999999995,0.6875280781512588,0.6263722536731061,5.8618559999999995,8.85088235294122,38.477521705412514,593.3900000000001,8.85088235294122,38.477521705412514,593.3900000000001,8.85088235294122,38.477521705412514,593.3900000000001,0.1913004625000006,0.17898588453234188,0.6138999999999999,0.1913004625000006,0.17898588453234188,0.6138999999999999,0.1913004625000006,0.17898588453234188,0.6138999999999999
11,Neck,124,2,Fall,0.6651443075630229,0.7143797534478007,7.248507999999999,0.6651443075630229,0.7143797534478007,7.248507999999999,0.6651443075630229,0.7143797534478007,7.248507999999999,5.480249999999987,49.054206732893164,450.24000000000007,5.480249999999987,49.054206732893164,450.24000000000007,5.480249999999987,49.054206732893164,450.24000000000007,0.13609268750000023,0.16862628479341338,0.65226,0.13609268750000023,0.16862628479341338,0.65226,0.13609268750000023,0.16862628479341338,0.65226
11,Neck,125,1,Fall,0.5107614067226927,0.719308071378647,4.7545839999999995,0.5107614067226927,0.719308071378647,4.7545839999999995,0.5107614067226927,0.719308071378647,4.7545839999999995,10.631558823529486,30.409207820730966,406.63000000000005,10.631558823529486,30.409207820730966,406.63000000000005,10.631558823529486,30.409207820730966,406.63000000000005,0.21563158750000005,0.17696983396277707,0.5327,0.21563158750000005,0.17696983396277707,0.5327,0.21563158750000005,0.17696983396277707,0.5327
11,Neck,125,2,Fall,0.4960434907563004,0.7354942673418016,3.77102,0.4960434907563004,0.7354942673418016,3.77102,0.4960434907563004,0.7354942673418016,3.77102,7.490661764705836,29.988853230747257,348.95000000000005,7.490661764705836,29.988853230747257,348.95000000000005,7.490661764705836,29.988853230747257,348.95000000000005,0.22730111250000004,0.2059287612299477,0.6511399999999999,0.22730111250000004,0.2059287612299477,0.6511399999999999,0.22730111250000004,0.2059287612299477,0.6511399999999999
11,Neck,127,1,Fall,-0.06418865966386585,0.07511112441290206,1.236348,-0.06418865966386585,0.07511112441290206,1.236348,-0.06418865966386585,0.07511112441290206,1.236348,2.9373235294117634,20.225710430252807,421.40000000000003,2.9373235294117634,20.225710430252807,421.40000000000003,2.9373235294117634,20.225710430252807,421.40000000000003,-0.22671556249999958,0.13692455299293926,0.7967399999999999,-0.22671556249999958,0.13692455299293926,0.7967399999999999,-0.22671556249999958,0.13692455299293926,0.7967399999999999
11,Neck,127,2,Fall,-0.11569285630252134,0.09583580217757202,1.235372,-0.11569285630252134,0.09583580217757202,1.235372,-0.11569285630252134,0.09583580217757202,1.235372,3.69614705882354,23.12034584156994,462.77000000000004,3.69614705882354,23.12034584156994,462.77000000000004,3.69614705882354,23.12034584156994,462.77000000000004,-0.2664871999999996,0.13681220381642006,0.7956199999999999,-0.2664871999999996,0.13681220381642006,0.7956199999999999,-0.2664871999999996,0.13681220381642006,0.7956199999999999
11,Neck,127,3,Fall,0.005208836134453776,0.09172308613391704,2.288964,0.005208836134453776,0.09172308613391704,2.288964,0.005208836134453776,0.09172308613391704,2.288964,6.359573529411881,14.7971648823421,264.11,6.359573529411881,14.7971648823421,264.11,6.359573529411881,14.7971648823421,264.11,0.03722320000000019,0.3468095747726429,0.8017799999999999,0.03722320000000019,0.3468095747726429,0.8017799999999999,0.03722320000000019,0.3468095747726429,0.8017799999999999
11,Neck,127,4,Fall,-0.05169032352941204,0.12461382521938247,1.96542,-0.05169032352941204,0.12461382521938247,1.96542,-0.05169032352941204,0.12461382521938247,1.96542,6.259088235294324,11.645955211893611,192.15000000000003,6.259088235294324,11.645955211893611,192.15000000000003,6.259088235294324,11.645955211893611,192.15000000000003,0.09986331250000015,0.33967104116690167,0.74312,0.09986331250000015,0.33967104116690167,0.74312,0.09986331250000015,0.33967104116690167,0.74312
11,Neck,128,3,Fall,0.21540873613445358,0.4306008826505668,2.526376,0.21540873613445358,0.4306008826505668,2.526376,0.21540873613445358,0.4306008826505668,2.526376,3.873249999999988,51.86952368200235,1089.8300000000002,3.873249999999988,51.86952368200235,1089.8300000000002,3.873249999999988,51.86952368200235,1089.8300000000002,0.0004550875000002232,0.2703690511338145,0.7554399999999999,0.0004550875000002232,0.2703690511338145,0.7554399999999999,0.0004550875000002232,0.2703690511338145,0.7554399999999999
11,Neck,129,1,Fall,0.5057860621848722,0.4347709230753535,2.09962,0.5057860621848722,0.4347709230753535,2.09962,0.5057860621848722,0.4347709230753535,2.09962,9.200250000000027,29.176544980728963,340.76000000000005,9.200250000000027,29.176544980728963,340.76000000000005,9.200250000000027,29.176544980728963,340.76000000000005,0.2761408125000001,0.16300652271801944,0.43679999999999997,0.2761408125000001,0.16300652271801944,0.43679999999999997,0.2761408125000001,0.16300652271801944,0.43679999999999997
11,Neck,130,1,Fall,0.4247478184873922,0.4543052223389652,3.4330800000000004,0.4247478184873922,0.4543052223389652,3.4330800000000004,0.4247478184873922,0.4543052223389652,3.4330800000000004,0.35027941176470073,35.07449046932504,391.3,0.35027941176470073,35.07449046932504,391.3,0.35027941176470073,35.07449046932504,391.3,-0.13349140000000007,0.18399118762115094,0.54376,-0.13349140000000007,0.18399118762115094,0.54376,-0.13349140000000007,0.18399118762115094,0.54376
11,Neck,131,2,Fall,0.3672966344537823,0.46514418703044524,1.801696,0.3672966344537823,0.46514418703044524,1.801696,0.3672966344537823,0.46514418703044524,1.801696,8.053602941176626,25.221498583101468,441.9100000000001,8.053602941176626,25.221498583101468,441.9100000000001,8.053602941176626,25.221498583101468,441.9100000000001,0.3525791499999999,0.07278724438126423,0.24822,0.3525791499999999,0.07278724438126423,0.24822,0.3525791499999999,0.07278724438126423,0.24822
11,Neck,132,1,Fall,0.5925603563025215,0.35034079973000026,2.314828,0.5925603563025215,0.35034079973000026,2.314828,0.5925603563025215,0.35034079973000026,2.314828,7.598485294117751,23.494426196857837,367.15000000000003,7.598485294117751,23.494426196857837,367.15000000000003,7.598485294117751,23.494426196857837,367.15000000000003,0.18433301249999987,0.16308706091938885,0.41747999999999996,0.18433301249999987,0.16308706091938885,0.41747999999999996,0.18433301249999987,0.16308706091938885,0.41747999999999996
11,Neck,133,1,Fall,0.5619028327731093,0.4181552873665451,2.861144,0.5619028327731093,0.4181552873665451,2.861144,0.5619028327731093,0.4181552873665451,2.861144,1.7000735294117573,28.968768972236507,401.73,1.7000735294117573,28.968768972236507,401.73,1.7000735294117573,28.968768972236507,401.73,-0.20369081250000012,0.15649028386749889,0.46424,-0.20369081250000012,0.15649028386749889,0.46424,-0.20369081250000012,0.15649028386749889,0.46424
11,Neck,134,1,Fall,0.6641523655462213,0.2964141392226535,2.186728,0.6641523655462213,0.2964141392226535,2.186728,0.6641523655462213,0.2964141392226535,2.186728,4.645926470588186,25.749053279728955,441.1400000000001,4.645926470588186,25.749053279728955,441.1400000000001,4.645926470588186,25.749053279728955,441.1400000000001,-0.17399024999999965,0.16848435617249252,0.5678399999999999,-0.17399024999999965,0.16848435617249252,0.5678399999999999,-0.17399024999999965,0.16848435617249252,0.5678399999999999
11,Neck,134,2,Fall,0.5241400394957982,0.43039486103945157,2.319952,0.5241400394957982,0.43039486103945157,2.319952,0.5241400394957982,0.43039486103945157,2.319952,7.9931617647058895,22.104475578964195,311.15000000000003,7.9931617647058895,22.104475578964195,311.15000000000003,7.9931617647058895,22.104475578964195,311.15000000000003,0.16170385000000004,0.21853385015591406,0.56448,0.16170385000000004,0.21853385015591406,0.56448,0.16170385000000004,0.21853385015591406,0.56448
11,Neck,135,1,Fall,0.9506428638655487,0.1515093718941516,3.789076,0.9506428638655487,0.1515093718941516,3.789076,0.9506428638655487,0.1515093718941516,3.789076,6.029014705882346,29.25303538857197,522.48,6.029014705882346,29.25303538857197,522.48,6.029014705882346,29.25303538857197,522.48,-0.010060925000000052,0.0664043859559799,0.35,-0.010060925000000052,0.0664043859559799,0.35,-0.010060925000000052,0.0664043859559799,0.35
11,Neck,135,2,Fall,0.9254675487395007,0.114577281261102,2.126216,0.9254675487395007,0.114577281261102,2.126216,0.9254675487395007,0.114577281261102,2.126216,6.480205882352962,29.594262897180286,301.21000000000004,6.480205882352962,29.594262897180286,301.21000000000004,6.480205882352962,29.594262897180286,301.21000000000004,-0.013595050000000032,0.09123062911820429,0.51506,-0.013595050000000032,0.09123062911820429,0.51506,-0.013595050000000032,0.09123062911820429,0.51506
12,Neck,13,1,No Fall,0.8923631563025199,0.10747306859289142,1.1141039999999998,0.8923631563025199,0.10747306859289142,1.1141039999999998,0.8923631563025199,0.10747306859289142,1.1141039999999998,5.818338235294127,18.665751663852166,321.58000000000004,5.818338235294127,18.665751663852166,321.58000000000004,5.818338235294127,18.665751663852166,321.58000000000004,0.21449592499999967,0.14277084487645253,0.42378,0.21449592499999967,0.14277084487645253,0.42378,0.21449592499999967,0.14277084487645253,0.42378
12,Neck,13,2,No Fall,0.8775157563025214,0.0687849112226135,1.562332,0.8775157563025214,0.0687849112226135,1.562332,0.8775157563025214,0.0687849112226135,1.562332,5.517249999999988,22.82962217574403,353.43000000000006,5.517249999999988,22.82962217574403,353.43000000000006,5.517249999999988,22.82962217574403,353.43000000000006,0.3059614250000001,0.06558888357412165,0.41481999999999997,0.3059614250000001,0.06558888357412165,0.41481999999999997,0.3059614250000001,0.06558888357412165,0.41481999999999997
12,Neck,13,3,No Fall,0.927486187394959,0.07565245778687762,0.7922679999999999,0.927486187394959,0.07565245778687762,0.7922679999999999,0.927486187394959,0.07565245778687762,0.7922679999999999,6.412632352941173,8.580091974871292,99.4,6.412632352941173,8.580091974871292,99.4,6.412632352941173,8.580091974871292,99.4,0.19365797500000007,0.10788168354928383,0.38345999999999997,0.19365797500000007,0.10788168354928383,0.38345999999999997,0.19365797500000007,0.10788168354928383,0.38345999999999997
12,Neck,13,4,No Fall,0.9016741142857113,0.0274362686424974,0.24839199999999995,0.9016741142857113,0.0274362686424974,0.24839199999999995,0.9016741142857113,0.0274362686424974,0.24839199999999995,5.302323529411752,8.62062596546871,87.64000000000001,5.302323529411752,8.62062596546871,87.64000000000001,5.302323529411752,8.62062596546871,87.64000000000001,0.2578828874999999,0.03165561581568526,0.17009999999999997,0.2578828874999999,0.03165561581568526,0.17009999999999997,0.2578828874999999,0.03165561581568526,0.17009999999999997
12,Neck,13,5,No Fall,0.8571966563025222,0.12222523191108217,2.345816,0.8571966563025222,0.12222523191108217,2.345816,0.8571966563025222,0.12222523191108217,2.345816,15.371779411764797,22.058327356431068,346.57000000000005,15.371779411764797,22.058327356431068,346.57000000000005,15.371779411764797,22.058327356431068,346.57000000000005,0.20713183750000017,0.16388069007813708,0.44589999999999996,0.20713183750000017,0.16388069007813708,0.44589999999999996,0.20713183750000017,0.16388069007813708,0.44589999999999996
12,Neck,13,6,No Fall,0.8602423504201678,0.0783196148166625,1.431548,0.8602423504201678,0.0783196148166625,1.431548,0.8602423504201678,0.0783196148166625,1.431548,6.066029411764699,22.43426991085845,293.79,6.066029411764699,22.43426991085845,293.79,6.066029411764699,22.43426991085845,293.79,0.3012578624999998,0.07086196322658797,0.37757999999999997,0.3012578624999998,0.07086196322658797,0.37757999999999997,0.3012578624999998,0.07086196322658797,0.37757999999999997
12,Neck,13,7,No Fall,0.9210252621848715,0.0841347804410617,0.915488,0.9210252621848715,0.0841347804410617,0.915488,0.9210252621848715,0.0841347804410617,0.915488,6.266397058823523,9.121527373888838,80.92,6.266397058823523,9.121527373888838,80.92,6.266397058823523,9.121527373888838,80.92,0.2181949874999999,0.1058380674069831,0.37898,0.2181949874999999,0.1058380674069831,0.37898,0.2181949874999999,0.1058380674069831,0.37898
12,Neck,13,8,No Fall,0.9090241529411782,0.027084222781877974,0.3723439999999999,0.9090241529411782,0.027084222781877974,0.3723439999999999,0.9090241529411782,0.027084222781877974,0.3723439999999999,5.4365000000000325,7.638717611157875,78.61000000000001,5.4365000000000325,7.638717611157875,78.61000000000001,5.4365000000000325,7.638717611157875,78.61000000000001,0.25645917500000026,0.03350419320280264,0.18396,0.25645917500000026,0.03350419320280264,0.18396,0.25645917500000026,0.03350419320280264,0.18396
12,Neck,13,9,No Fall,0.875183300840335,0.11750815745730037,1.7797359999999998,0.875183300840335,0.11750815745730037,1.7797359999999998,0.875183300840335,0.11750815745730037,1.7797359999999998,5.471117647058812,24.241193242325195,459.90000000000003,5.471117647058812,24.241193242325195,459.90000000000003,5.471117647058812,24.241193242325195,459.90000000000003,0.21814624999999993,0.15236134821110464,0.42685999999999996,0.21814624999999993,0.15236134821110464,0.42685999999999996,0.21814624999999993,0.15236134821110464,0.42685999999999996
12,Neck,13,10,No Fall,0.8454070478991599,0.07848128464876428,1.4762,0.8454070478991599,0.07848128464876428,1.4762,0.8454070478991599,0.07848128464876428,1.4762,5.7034411764705935,26.05634930030969,445.97,5.7034411764705935,26.05634930030969,445.97,5.7034411764705935,26.05634930030969,445.97,0.306109825,0.07283562134220152,0.39927999999999997,0.306109825,0.07283562134220152,0.39927999999999997,0.306109825,0.07283562134220152,0.39927999999999997
12,Neck,13,11,No Fall,0.9245773075630247,0.07542458922477722,0.653432,0.9245773075630247,0.07542458922477722,0.653432,0.9245773075630247,0.07542458922477722,0.653432,4.8510735294117655,10.556628713513032,94.57000000000001,4.8510735294117655,10.556628713513032,94.57000000000001,4.8510735294117655,10.556628713513032,94.57000000000001,0.21625336250000018,0.09662576971906724,0.39787999999999996,0.21625336250000018,0.09662576971906724,0.39787999999999996,0.21625336250000018,0.09662576971906724,0.39787999999999996
12,Neck,13,12,No Fall,0.8940696184873914,0.02969577161768267,0.29109200000000013,0.8940696184873914,0.02969577161768267,0.29109200000000013,0.8940696184873914,0.02969577161768267,0.29109200000000013,5.700544117647051,8.190691777282717,90.23000000000002,5.700544117647051,8.190691777282717,90.23000000000002,5.700544117647051,8.190691777282717,90.23000000000002,0.2707506374999999,0.03136593358585337,0.17304,0.2707506374999999,0.03136593358585337,0.17304,0.2707506374999999,0.03136593358585337,0.17304
12,Neck,14,1,No Fall,0.892147247058825,0.11338650947450406,0.913536,0.892147247058825,0.11338650947450406,0.913536,0.892147247058825,0.11338650947450406,0.913536,4.0931617647058935,12.62897582913367,138.39000000000001,4.0931617647058935,12.62897582913367,138.39000000000001,4.0931617647058935,12.62897582913367,138.39000000000001,0.2610217750000001,0.11244831027366085,0.41874,0.2610217750000001,0.11244831027366085,0.41874,0.2610217750000001,0.11244831027366085,0.41874
12,Neck,14,2,No Fall,0.8772289025210092,0.056954437698388226,0.6527,0.8772289025210092,0.056954437698388226,0.6527,0.8772289025210092,0.056954437698388226,0.6527,5.312073529411757,13.268936771642965,140.0,5.312073529411757,13.268936771642965,140.0,5.312073529411757,13.268936771642965,140.0,0.3108720999999999,0.03409139651235486,0.23127999999999999,0.3108720999999999,0.03409139651235486,0.23127999999999999,0.3108720999999999,0.03409139651235486,0.23127999999999999
12,Neck,14,3,No Fall,0.9111378285714313,0.07116915559481526,0.549976,0.9111378285714313,0.07116915559481526,0.549976,0.9111378285714313,0.07116915559481526,0.549976,3.5804264705882294,12.227098255823721,96.04000000000002,3.5804264705882294,12.227098255823721,96.04000000000002,3.5804264705882294,12.227098255823721,96.04000000000002,0.21354663749999994,0.09372563940496623,0.35559999999999997,0.21354663749999994,0.09372563940496623,0.35559999999999997,0.21354663749999994,0.09372563940496623,0.35559999999999997
12,Neck,14,4,No Fall,0.8746533184873955,0.033890614403126296,0.274744,0.8746533184873955,0.033890614403126296,0.274744,0.8746533184873955,0.033890614403126296,0.274744,5.512823529411778,8.076188640495833,84.42000000000002,5.512823529411778,8.076188640495833,84.42000000000002,5.512823529411778,8.076188640495833,84.42000000000002,0.27027735,0.02229994324309822,0.16127999999999998,0.27027735,0.02229994324309822,0.16127999999999998,0.27027735,0.02229994324309822,0.16127999999999998
12,Neck,14,5,No Fall,0.8782246378151285,0.1158559436284081,0.797636,0.8782246378151285,0.1158559436284081,0.797636,0.8782246378151285,0.1158559436284081,0.797636,4.3886911764705845,16.31413966870687,147.98000000000002,4.3886911764705845,16.31413966870687,147.98000000000002,4.3886911764705845,16.31413966870687,147.98000000000002,0.2515638999999997,0.13345070198373804,0.40964,0.2515638999999997,0.13345070198373804,0.40964,0.2515638999999997,0.13345070198373804,0.40964
12,Neck,14,6,No Fall,0.8779958109243685,0.04659576693104162,0.5956039999999999,0.8779958109243685,0.04659576693104162,0.5956039999999999,0.8779958109243685,0.04659576693104162,0.5956039999999999,5.337573529411748,15.841361457166814,169.47000000000003,5.337573529411748,15.841361457166814,169.47000000000003,5.337573529411748,15.841361457166814,169.47000000000003,0.31565966249999977,0.042040685093585856,0.27286,0.31565966249999977,0.042040685093585856,0.27286,0.31565966249999977,0.042040685093585856,0.27286
12,Neck,14,7,No Fall,0.9188095781512624,0.09693696219272083,0.7310239999999999,0.9188095781512624,0.09693696219272083,0.7310239999999999,0.9188095781512624,0.09693696219272083,0.7310239999999999,5.557029411764706,12.764140990651315,114.94000000000001,5.557029411764706,12.764140990651315,114.94000000000001,5.557029411764706,12.764140990651315,114.94000000000001,0.1961095500000001,0.1118844900298553,0.35812,0.1961095500000001,0.1118844900298553,0.35812,0.1961095500000001,0.1118844900298553,0.35812
12,Neck,14,8,No Fall,0.8714971579831944,0.046732951092222204,0.34672400000000003,0.8714971579831944,0.046732951092222204,0.34672400000000003,0.8714971579831944,0.046732951092222204,0.34672400000000003,5.943382352941188,10.174684529924557,105.70000000000002,5.943382352941188,10.174684529924557,105.70000000000002,5.943382352941188,10.174684529924557,105.70000000000002,0.2768692500000007,0.03181115165776975,0.20314,0.2768692500000007,0.03181115165776975,0.20314,0.2768692500000007,0.03181115165776975,0.20314
12,Neck,14,9,No Fall,0.8706227563025212,0.12347279424917268,1.021384,0.8706227563025212,0.12347279424917268,1.021384,0.8706227563025212,0.12347279424917268,1.021384,5.9835588235294095,18.396800956143117,214.55,5.9835588235294095,18.396800956143117,214.55,5.9835588235294095,18.396800956143117,214.55,0.27641582499999984,0.10355542160074813,0.36679999999999996,0.27641582499999984,0.10355542160074813,0.36679999999999996,0.27641582499999984,0.10355542160074813,0.36679999999999996
12,Neck,14,10,No Fall,0.864984921008403,0.04353326341757077,0.4355399999999999,0.864984921008403,0.04353326341757077,0.4355399999999999,0.864984921008403,0.04353326341757077,0.4355399999999999,5.446588235294117,15.394802485192443,146.23000000000002,5.446588235294117,15.394802485192443,146.23000000000002,5.446588235294117,15.394802485192443,146.23000000000002,0.3220270375000001,0.04710917096454464,0.28979999999999995,0.3220270375000001,0.04710917096454464,0.28979999999999995,0.3220270375000001,0.04710917096454464,0.28979999999999995
12,Neck,14,11,No Fall,0.9220362218487411,0.08195618103231446,0.6117080000000001,0.9220362218487411,0.08195618103231446,0.6117080000000001,0.9220362218487411,0.08195618103231446,0.6117080000000001,6.526455882352941,12.220259630301117,108.92,6.526455882352941,12.220259630301117,108.92,6.526455882352941,12.220259630301117,108.92,0.2059080624999998,0.09700039629453527,0.37477999999999995,0.2059080624999998,0.09700039629453527,0.37477999999999995,0.2059080624999998,0.09700039629453527,0.37477999999999995
12,Neck,14,12,No Fall,0.8895459302521013,0.039263057060336656,0.38527599999999995,0.8895459302521013,0.039263057060336656,0.38527599999999995,0.8895459302521013,0.039263057060336656,0.38527599999999995,5.516058823529412,11.812587000926161,128.73000000000002,5.516058823529412,11.812587000926161,128.73000000000002,5.516058823529412,11.812587000926161,128.73000000000002,0.26896012500000027,0.04235231126400009,0.21434,0.26896012500000027,0.04235231126400009,0.21434,0.26896012500000027,0.04235231126400009,0.21434
12,Neck,15,1,No Fall,0.8665168411764704,0.20794726026922475,6.4533119999999995,0.8665168411764704,0.20794726026922475,6.4533119999999995,0.8665168411764704,0.20794726026922475,6.4533119999999995,5.171367647058837,23.000938722068916,591.5000000000001,5.171367647058837,23.000938722068916,591.5000000000001,5.171367647058837,23.000938722068916,591.5000000000001,0.3179154124999999,0.04464292969426568,0.27762,0.3179154124999999,0.04464292969426568,0.27762,0.3179154124999999,0.04464292969426568,0.27762
12,Neck,15,2,No Fall,0.8520023268907595,0.20910993092649607,5.84746,0.8520023268907595,0.20910993092649607,5.84746,0.8520023268907595,0.20910993092649607,5.84746,5.284191176470587,20.929560210987376,576.24,5.284191176470587,20.929560210987376,576.24,5.284191176470587,20.929560210987376,576.24,0.32390557500000033,0.03656685487181516,0.21279999999999996,0.32390557500000033,0.03656685487181516,0.21279999999999996,0.32390557500000033,0.03656685487181516,0.21279999999999996
12,Neck,15,3,No Fall,0.8399924521008436,0.18237047121568883,5.527088,0.8399924521008436,0.18237047121568883,5.527088,0.8399924521008436,0.18237047121568883,5.527088,5.3802205882352805,19.927123285066447,422.24,5.3802205882352805,19.927123285066447,422.24,5.3802205882352805,19.927123285066447,422.24,0.33234634999999946,0.036720975578777314,0.23687999999999998,0.33234634999999946,0.036720975578777314,0.23687999999999998,0.33234634999999946,0.036720975578777314,0.23687999999999998
12,Neck,16,1,No Fall,0.45943749327731176,0.5534701744267874,2.9114079999999998,0.45943749327731176,0.5534701744267874,2.9114079999999998,0.45943749327731176,0.5534701744267874,2.9114079999999998,9.111823529411756,28.806797806559285,333.27,9.111823529411756,28.806797806559285,333.27,9.111823529411756,28.806797806559285,333.27,0.16811418749999996,0.15566908585087103,0.55594,0.16811418749999996,0.15566908585087103,0.55594,0.16811418749999996,0.15566908585087103,0.55594
12,Neck,16,2,No Fall,0.3152851638655456,0.6045834412407853,1.784128,0.3152851638655456,0.6045834412407853,1.784128,0.3152851638655456,0.6045834412407853,1.784128,9.59858823529408,23.832637086229397,245.07000000000002,9.59858823529408,23.832637086229397,245.07000000000002,9.59858823529408,23.832637086229397,245.07000000000002,0.3118787874999998,0.0857211530214503,0.46297999999999995,0.3118787874999998,0.0857211530214503,0.46297999999999995,0.3118787874999998,0.0857211530214503,0.46297999999999995
12,Neck,16,3,No Fall,0.3566392168067234,0.6305884735811325,2.324344,0.3566392168067234,0.6305884735811325,2.324344,0.3566392168067234,0.6305884735811325,2.324344,10.308941176470537,20.538344546075916,186.06,10.308941176470537,20.538344546075916,186.06,10.308941176470537,20.538344546075916,186.06,0.2524386375000003,0.15785716972999864,0.5082,0.2524386375000003,0.15785716972999864,0.5082,0.2524386375000003,0.15785716972999864,0.5082
12,Neck,16,4,No Fall,0.3061867319327729,0.6260270144490805,2.692052,0.3061867319327729,0.6260270144490805,2.692052,0.3061867319327729,0.6260270144490805,2.692052,9.349911764705775,28.321614534390726,354.55000000000007,9.349911764705775,28.321614534390726,354.55000000000007,9.349911764705775,28.321614534390726,354.55000000000007,0.33232141249999986,0.0712739272749726,0.46997999999999995,0.33232141249999986,0.0712739272749726,0.46997999999999995,0.33232141249999986,0.0712739272749726,0.46997999999999995
12,Neck,16,5,No Fall,0.28662111008403296,0.6316911760401485,2.2252799999999997,0.28662111008403296,0.6316911760401485,2.2252799999999997,0.28662111008403296,0.6316911760401485,2.2252799999999997,10.426647058823345,28.9489745526529,462.07000000000005,10.426647058823345,28.9489745526529,462.07000000000005,10.426647058823345,28.9489745526529,462.07000000000005,0.25564498750000003,0.14829412124852723,0.4953199999999999,0.25564498750000003,0.14829412124852723,0.4953199999999999,0.25564498750000003,0.14829412124852723,0.4953199999999999
12,Neck,16,6,No Fall,0.3313020722689087,0.6105814631748677,1.637972,0.3313020722689087,0.6105814631748677,1.637972,0.3313020722689087,0.6105814631748677,1.637972,10.20823529411761,31.452307274683918,307.09000000000003,10.20823529411761,31.452307274683918,307.09000000000003,10.20823529411761,31.452307274683918,307.09000000000003,0.34545393749999975,0.09583204852735423,0.62734,0.34545393749999975,0.09583204852735423,0.62734,0.34545393749999975,0.09583204852735423,0.62734
12,Neck,17,1,No Fall,-0.2688076747899154,0.1329010853386746,0.915244,-0.2688076747899154,0.1329010853386746,0.915244,-0.2688076747899154,0.1329010853386746,0.915244,6.006191176470592,15.835401380677649,188.51000000000002,6.006191176470592,15.835401380677649,188.51000000000002,6.006191176470592,15.835401380677649,188.51000000000002,0.2993672500000003,0.07967344542021655,0.5471199999999999,0.2993672500000003,0.07967344542021655,0.5471199999999999,0.2993672500000003,0.07967344542021655,0.5471199999999999
12,Neck,17,2,No Fall,-0.2283587798319327,0.1666275119309644,1.437892,-0.2283587798319327,0.1666275119309644,1.437892,-0.2283587798319327,0.1666275119309644,1.437892,6.456088235294106,15.518472572992808,176.26000000000002,6.456088235294106,15.518472572992808,176.26000000000002,6.456088235294106,15.518472572992808,176.26000000000002,0.3144261750000004,0.06328176524878626,0.44309999999999994,0.3144261750000004,0.06328176524878626,0.44309999999999994,0.3144261750000004,0.06328176524878626,0.44309999999999994
12,Neck,17,3,No Fall,-0.28522590168067247,0.19409106112455607,1.382016,-0.28522590168067247,0.19409106112455607,1.382016,-0.28522590168067247,0.19409106112455607,1.382016,5.46567647058824,16.878269289261713,230.58000000000004,5.46567647058824,16.878269289261713,230.58000000000004,5.46567647058824,16.878269289261713,230.58000000000004,0.3073761250000004,0.10868570991025489,0.6922999999999999,0.3073761250000004,0.10868570991025489,0.6922999999999999,0.3073761250000004,0.10868570991025489,0.6922999999999999
12,Neck,17,4,No Fall,-0.01415517815126057,0.29448859397280663,1.288808,-0.01415517815126057,0.29448859397280663,1.288808,-0.01415517815126057,0.29448859397280663,1.288808,5.97873529411767,18.335348227341598,198.45000000000002,5.97873529411767,18.335348227341598,198.45000000000002,5.97873529411767,18.335348227341598,198.45000000000002,0.27620381250000053,0.1344673055965142,0.73696,0.27620381250000053,0.1344673055965142,0.73696,0.27620381250000053,0.1344673055965142,0.73696
12,Neck,17,5,No Fall,-0.13713932857142835,0.20414448626625337,1.346636,-0.13713932857142835,0.20414448626625337,1.346636,-0.13713932857142835,0.20414448626625337,1.346636,5.736926470588229,18.03611113405942,221.83000000000004,5.736926470588229,18.03611113405942,221.83000000000004,5.736926470588229,18.03611113405942,221.83000000000004,0.3329368000000003,0.062004305358070264,0.45303999999999994,0.3329368000000003,0.062004305358070264,0.45303999999999994,0.3329368000000003,0.062004305358070264,0.45303999999999994
12,Neck,17,6,No Fall,-0.10683914201680614,0.3014008009694905,1.461072,-0.10683914201680614,0.3014008009694905,1.461072,-0.10683914201680614,0.3014008009694905,1.461072,5.677235294117621,16.044213169144506,185.71000000000004,5.677235294117621,16.044213169144506,185.71000000000004,5.677235294117621,16.044213169144506,185.71000000000004,0.3124039624999998,0.0992716055720069,0.5768,0.3124039624999998,0.0992716055720069,0.5768,0.3124039624999998,0.0992716055720069,0.5768
12,Neck,18,1,No Fall,0.3983468647058826,0.580339250881766,1.9620039999999999,0.3983468647058826,0.580339250881766,1.9620039999999999,0.3983468647058826,0.580339250881766,1.9620039999999999,3.969264705882361,22.73262680694215,265.51,3.969264705882361,22.73262680694215,265.51,3.969264705882361,22.73262680694215,265.51,0.23414019999999983,0.11048495710979044,0.49461999999999995,0.23414019999999983,0.11048495710979044,0.49461999999999995,0.23414019999999983,0.11048495710979044,0.49461999999999995
12,Neck,18,2,No Fall,0.44715557899159664,0.5177994243236534,1.5154839999999998,0.44715557899159664,0.5177994243236534,1.5154839999999998,0.44715557899159664,0.5177994243236534,1.5154839999999998,2.1364411764705866,21.73260764066558,253.40000000000003,2.1364411764705866,21.73260764066558,253.40000000000003,2.1364411764705866,21.73260764066558,253.40000000000003,0.3214739499999999,0.04535547556111178,0.2842,0.3214739499999999,0.04535547556111178,0.2842,0.3214739499999999,0.04535547556111178,0.2842
12,Neck,18,3,No Fall,0.3639734159663868,0.6164502477418942,2.026176,0.3639734159663868,0.6164502477418942,2.026176,0.3639734159663868,0.6164502477418942,2.026176,-2.529955882352943,24.291802814659352,233.17000000000002,-2.529955882352943,24.291802814659352,233.17000000000002,-2.529955882352943,24.291802814659352,233.17000000000002,0.25159540000000014,0.10145335954980725,0.49476,0.25159540000000014,0.10145335954980725,0.49476,0.25159540000000014,0.10145335954980725,0.49476
12,Neck,18,4,No Fall,0.5353624504201691,0.30890966659971675,1.214144,0.5353624504201691,0.30890966659971675,1.214144,0.5353624504201691,0.30890966659971675,1.214144,3.2703970588235336,19.19515144262058,217.98000000000002,3.2703970588235336,19.19515144262058,217.98000000000002,3.2703970588235336,19.19515144262058,217.98000000000002,0.3069245374999998,0.05778215762455083,0.33039999999999997,0.3069245374999998,0.05778215762455083,0.33039999999999997,0.3069245374999998,0.05778215762455083,0.33039999999999997
12,Neck,18,5,No Fall,0.48215409831932754,0.48630755655523983,1.7272759999999998,0.48215409831932754,0.48630755655523983,1.7272759999999998,0.48215409831932754,0.48630755655523983,1.7272759999999998,-0.8613676470588207,23.824724263585853,276.01000000000005,-0.8613676470588207,23.824724263585853,276.01000000000005,-0.8613676470588207,23.824724263585853,276.01000000000005,0.2621134250000001,0.11050115813188187,0.49265999999999993,0.2621134250000001,0.11050115813188187,0.49265999999999993,0.2621134250000001,0.11050115813188187,0.49265999999999993
12,Neck,18,6,No Fall,0.5199192495798323,0.38744687194815386,1.79584,0.5199192495798323,0.38744687194815386,1.79584,0.5199192495798323,0.38744687194815386,1.79584,3.0357647058823534,24.038135633695664,335.44000000000005,3.0357647058823534,24.038135633695664,335.44000000000005,3.0357647058823534,24.038135633695664,335.44000000000005,0.3364805499999997,0.04192482225243259,0.2562,0.3364805499999997,0.04192482225243259,0.2562,0.3364805499999997,0.04192482225243259,0.2562
12,Neck,19,1,No Fall,0.9634830050420183,0.04586521969042183,0.3874719999999999,0.9634830050420183,0.04586521969042183,0.3874719999999999,0.9634830050420183,0.04586521969042183,0.3874719999999999,5.606573529411773,6.471807546711966,53.27,5.606573529411773,6.471807546711966,53.27,5.606573529411773,6.471807546711966,53.27,0.18389393750000047,0.03135520811074905,0.13131999999999996,0.18389393750000047,0.03135520811074905,0.13131999999999996,0.18389393750000047,0.03135520811074905,0.13131999999999996
12,Neck,19,2,No Fall,0.9656667537815107,0.0824214105279201,0.654896,0.9656667537815107,0.0824214105279201,0.654896,0.9656667537815107,0.0824214105279201,0.654896,7.393808823529389,8.98459175121035,74.76,7.393808823529389,8.98459175121035,74.76,7.393808823529389,8.98459175121035,74.76,0.10646413749999999,0.13146972344515404,0.39592,0.10646413749999999,0.13146972344515404,0.39592,0.10646413749999999,0.13146972344515404,0.39592
12,Neck,19,3,No Fall,0.9634346663865546,0.141976894925192,1.171688,0.9634346663865546,0.141976894925192,1.171688,0.9634346663865546,0.141976894925192,1.171688,7.391250000000012,9.786147072499217,79.80000000000001,7.391250000000012,9.786147072499217,79.80000000000001,7.391250000000012,9.786147072499217,79.80000000000001,0.031199174999999992,0.1059743477465517,0.37239999999999995,0.031199174999999992,0.1059743477465517,0.37239999999999995,0.031199174999999992,0.1059743477465517,0.37239999999999995
12,Neck,19,4,No Fall,0.9673146764705878,0.1623755750064695,1.2075559999999999,0.9673146764705878,0.1623755750064695,1.2075559999999999,0.9673146764705878,0.1623755750064695,1.2075559999999999,7.3345,9.810570397990915,91.84,7.3345,9.810570397990915,91.84,7.3345,9.810570397990915,91.84,-0.0280343875,0.12567114045382172,0.38051999999999997,-0.0280343875,0.12567114045382172,0.38051999999999997,-0.0280343875,0.12567114045382172,0.38051999999999997
12,Neck,19,5,No Fall,0.9642183369747904,0.11424279858982593,0.8415559999999999,0.9642183369747904,0.11424279858982593,0.8415559999999999,0.9642183369747904,0.11424279858982593,0.8415559999999999,6.797308823529428,9.05498733487813,87.01,6.797308823529428,9.05498733487813,87.01,6.797308823529428,9.05498733487813,87.01,-0.003754275000000085,0.13641688719571893,0.39004,-0.003754275000000085,0.13641688719571893,0.39004,-0.003754275000000085,0.13641688719571893,0.39004
12,Neck,19,6,No Fall,0.9684873117647071,0.15438756884023366,1.1250840000000002,0.9684873117647071,0.15438756884023366,1.1250840000000002,0.9684873117647071,0.15438756884023366,1.1250840000000002,6.940279411764734,9.312803868419763,91.77000000000001,6.940279411764734,9.312803868419763,91.77000000000001,6.940279411764734,9.312803868419763,91.77000000000001,-0.02582781249999997,0.1307598525259577,0.38023999999999997,-0.02582781249999997,0.1307598525259577,0.38023999999999997,-0.02582781249999997,0.1307598525259577,0.38023999999999997
12,Neck,20,1,No Fall,0.9594909907563012,0.05954598175788804,0.37649199999999994,0.9594909907563012,0.05954598175788804,0.37649199999999994,0.9594909907563012,0.05954598175788804,0.37649199999999994,7.216441176470612,8.682548649041799,50.260000000000005,7.216441176470612,8.682548649041799,50.260000000000005,7.216441176470612,8.682548649041799,50.260000000000005,0.0011228875000000055,0.11013314666647375,0.36091999999999996,0.0011228875000000055,0.11013314666647375,0.36091999999999996,0.0011228875000000055,0.11013314666647375,0.36091999999999996
12,Neck,20,2,No Fall,0.9614995823529431,0.1207508440626967,0.7227279999999999,0.9614995823529431,0.1207508440626967,0.7227279999999999,0.9614995823529431,0.1207508440626967,0.7227279999999999,9.292455882352936,12.053512528564523,95.27000000000001,9.292455882352936,12.053512528564523,95.27000000000001,9.292455882352936,12.053512528564523,95.27000000000001,0.02057964999999995,0.13099816246223767,0.37198,0.02057964999999995,0.13099816246223767,0.37198,0.02057964999999995,0.13099816246223767,0.37198
12,Neck,20,3,No Fall,0.9645841831932752,0.14504177781584157,0.9955200000000001,0.9645841831932752,0.14504177781584157,0.9955200000000001,0.9645841831932752,0.14504177781584157,0.9955200000000001,8.392705882352933,11.10518333483235,76.02000000000001,8.392705882352933,11.10518333483235,76.02000000000001,8.392705882352933,11.10518333483235,76.02000000000001,0.0971705875,0.1328482372012685,0.38639999999999997,0.0971705875,0.1328482372012685,0.38639999999999997,0.0971705875,0.1328482372012685,0.38639999999999997
12,Neck,20,4,No Fall,0.9636925067226885,0.23779553406197143,1.2853919999999999,0.9636925067226885,0.23779553406197143,1.2853919999999999,0.9636925067226885,0.23779553406197143,1.2853919999999999,8.644205882352942,14.451255160324697,101.29000000000002,8.644205882352942,14.451255160324697,101.29000000000002,8.644205882352942,14.451255160324697,101.29000000000002,0.056718024999999964,0.1334131573484993,0.38765999999999995,0.056718024999999964,0.1334131573484993,0.38765999999999995,0.056718024999999964,0.1334131573484993,0.38765999999999995
12,Neck,20,5,No Fall,0.9681517092436982,0.1526510500753124,0.8600999999999999,0.9681517092436982,0.1526510500753124,0.8600999999999999,0.9681517092436982,0.1526510500753124,0.8600999999999999,7.274485294117661,11.159591676754278,87.01,7.274485294117661,11.159591676754278,87.01,7.274485294117661,11.159591676754278,87.01,0.07667204999999988,0.12967298220232024,0.37856,0.07667204999999988,0.12967298220232024,0.37856,0.07667204999999988,0.12967298220232024,0.37856
12,Neck,20,6,No Fall,0.9604315697479008,0.20227895404746074,1.11142,0.9604315697479008,0.20227895404746074,1.11142,0.9604315697479008,0.20227895404746074,1.11142,8.703764705882342,13.493144983034707,100.87,8.703764705882342,13.493144983034707,100.87,8.703764705882342,13.493144983034707,100.87,0.07721682500000011,0.12817473850436972,0.40277999999999997,0.07721682500000011,0.12817473850436972,0.40277999999999997,0.07721682500000011,0.12817473850436972,0.40277999999999997
12,Neck,21,1,No Fall,0.963660571428574,0.04031140015722874,0.300852,0.963660571428574,0.04031140015722874,0.300852,0.963660571428574,0.04031140015722874,0.300852,5.807823529411752,5.5316505470893365,40.040000000000006,5.807823529411752,5.5316505470893365,40.040000000000006,5.807823529411752,5.5316505470893365,40.040000000000006,0.16740981250000012,0.06161437387397738,0.2807,0.16740981250000012,0.06161437387397738,0.2807,0.16740981250000012,0.06161437387397738,0.2807
12,Neck,21,2,No Fall,0.9628579344537855,0.08689802464046957,0.770308,0.9628579344537855,0.08689802464046957,0.770308,0.9628579344537855,0.08689802464046957,0.770308,7.225647058823501,9.047660245422088,88.41000000000001,7.225647058823501,9.047660245422088,88.41000000000001,7.225647058823501,9.047660245422088,88.41000000000001,0.07131285000000004,0.09288420274905576,0.36638,0.07131285000000004,0.09288420274905576,0.36638,0.07131285000000004,0.09288420274905576,0.36638
12,Neck,21,3,No Fall,0.9687374630252118,0.08460229127045517,0.720532,0.9687374630252118,0.08460229127045517,0.720532,0.9687374630252118,0.08460229127045517,0.720532,6.49498529411767,8.629781711059387,73.01,6.49498529411767,8.629781711059387,73.01,6.49498529411767,8.629781711059387,73.01,-0.06828832500000001,0.09617111827200507,0.38149999999999995,-0.06828832500000001,0.09617111827200507,0.38149999999999995,-0.06828832500000001,0.09617111827200507,0.38149999999999995
12,Neck,21,4,No Fall,0.9644470613445366,0.16198234371391854,1.111664,0.9644470613445366,0.16198234371391854,1.111664,0.9644470613445366,0.16198234371391854,1.111664,6.923676470588232,11.036729718115152,99.47,6.923676470588232,11.036729718115152,99.47,6.923676470588232,11.036729718115152,99.47,0.1290884000000002,0.11531076813428925,0.39171999999999996,0.1290884000000002,0.11531076813428925,0.39171999999999996,0.1290884000000002,0.11531076813428925,0.39171999999999996
12,Neck,21,5,No Fall,0.9719033117647029,0.10605600194534777,0.795196,0.9719033117647029,0.10605600194534777,0.795196,0.9719033117647029,0.10605600194534777,0.795196,6.2929117647058845,9.586370072275919,87.29,6.2929117647058845,9.586370072275919,87.29,6.2929117647058845,9.586370072275919,87.29,0.005252537499999936,0.13764959906275567,0.38542,0.005252537499999936,0.13764959906275567,0.38542,0.005252537499999936,0.13764959906275567,0.38542
12,Neck,21,6,No Fall,0.9663782495798336,0.1457493540669167,1.042124,0.9663782495798336,0.1457493540669167,1.042124,0.9663782495798336,0.1457493540669167,1.042124,6.81510294117646,11.651633460266652,98.77000000000001,6.81510294117646,11.651633460266652,98.77000000000001,6.81510294117646,11.651633460266652,98.77000000000001,0.1340122874999999,0.11997799168523739,0.40054,0.1340122874999999,0.11997799168523739,0.40054,0.1340122874999999,0.11997799168523739,0.40054
12,Neck,22,1,No Fall,0.9566275277310952,0.25244329606772825,1.390556,0.9566275277310952,0.25244329606772825,1.390556,0.9566275277310952,0.25244329606772825,1.390556,9.055161764705886,16.82282042497467,134.33,9.055161764705886,16.82282042497467,134.33,9.055161764705886,16.82282042497467,134.33,0.07670258749999989,0.1357739360799008,0.40403999999999995,0.07670258749999989,0.1357739360799008,0.40403999999999995,0.07670258749999989,0.1357739360799008,0.40403999999999995
12,Neck,22,2,No Fall,0.9545289739495814,0.3210249271701389,1.543544,0.9545289739495814,0.3210249271701389,1.543544,0.9545289739495814,0.3210249271701389,1.543544,8.631661764705902,19.37576265202059,155.75,8.631661764705902,19.37576265202059,155.75,8.631661764705902,19.37576265202059,155.75,0.055251087499999935,0.13022535938886795,0.38514,0.055251087499999935,0.13022535938886795,0.38514,0.055251087499999935,0.13022535938886795,0.38514
12,Neck,22,3,No Fall,0.963881657983192,0.28083657632189,1.4457,0.963881657983192,0.28083657632189,1.4457,0.963881657983192,0.28083657632189,1.4457,7.853249999999987,17.355964600451482,129.71,7.853249999999987,17.355964600451482,129.71,7.853249999999987,17.355964600451482,129.71,0.07827050000000002,0.13107001814978947,0.39115999999999995,0.07827050000000002,0.13107001814978947,0.39115999999999995,0.07827050000000002,0.13107001814978947,0.39115999999999995
12,Neck,23,1,No Fall,0.9569185336134463,0.19970466846042362,2.27042,0.9569185336134463,0.19970466846042362,2.27042,0.9569185336134463,0.19970466846042362,2.27042,7.675500000000002,20.939656891239633,388.43000000000006,7.675500000000002,20.939656891239633,388.43000000000006,7.675500000000002,20.939656891239633,388.43000000000006,0.10715915000000008,0.11248046014296767,0.34775999999999996,0.10715915000000008,0.11248046014296767,0.34775999999999996,0.10715915000000008,0.11248046014296767,0.34775999999999996
12,Neck,23,2,No Fall,0.9470310487394941,0.2693215058604318,3.221044,0.9470310487394941,0.2693215058604318,3.221044,0.9470310487394941,0.2693215058604318,3.221044,8.78326470588234,28.751285210834304,421.96000000000004,8.78326470588234,28.751285210834304,421.96000000000004,8.78326470588234,28.751285210834304,421.96000000000004,0.08009041249999997,0.12716031054024005,0.37016,0.08009041249999997,0.12716031054024005,0.37016,0.08009041249999997,0.12716031054024005,0.37016
12,Neck,23,3,No Fall,0.9585313428571425,0.22361185889615298,3.662928,0.9585313428571425,0.22361185889615298,3.662928,0.9585313428571425,0.22361185889615298,3.662928,7.581867647058818,28.423039929669482,687.5400000000001,7.581867647058818,28.423039929669482,687.5400000000001,7.581867647058818,28.423039929669482,687.5400000000001,0.09371284999999992,0.11265674635564286,0.36582,0.09371284999999992,0.11265674635564286,0.36582,0.09371284999999992,0.11265674635564286,0.36582
12,Neck,24,1,No Fall,0.9615139865546232,0.9645215338143953,3.869596,0.9615139865546232,0.9645215338143953,3.869596,0.9615139865546232,0.9645215338143953,3.869596,7.462470588235273,38.427608535820795,308.14000000000004,7.462470588235273,38.427608535820795,308.14000000000004,7.462470588235273,38.427608535820795,308.14000000000004,0.04460461249999996,0.12996884619049048,0.42699999999999994,0.04460461249999996,0.12996884619049048,0.42699999999999994,0.04460461249999996,0.12996884619049048,0.42699999999999994
12,Neck,24,2,No Fall,0.9495219504201656,0.9024783290038085,4.071384,0.9495219504201656,0.9024783290038085,4.071384,0.9495219504201656,0.9024783290038085,4.071384,7.720441176470588,34.43955002951178,337.68,7.720441176470588,34.43955002951178,337.68,7.720441176470588,34.43955002951178,337.68,0.10055745000000015,0.1263064135022638,0.44505999999999996,0.10055745000000015,0.1263064135022638,0.44505999999999996,0.10055745000000015,0.1263064135022638,0.44505999999999996
12,Neck,24,3,No Fall,0.9619320159663863,1.0179188611255887,4.536448,0.9619320159663863,1.0179188611255887,4.536448,0.9619320159663863,1.0179188611255887,4.536448,5.335514705882333,42.49062344468981,395.29,5.335514705882333,42.49062344468981,395.29,5.335514705882333,42.49062344468981,395.29,0.08460733750000009,0.1321500571600926,0.42979999999999996,0.08460733750000009,0.1321500571600926,0.42979999999999996,0.08460733750000009,0.1321500571600926,0.42979999999999996
12,Neck,25,1,No Fall,0.9668775781512604,1.1053335026843751,5.204032,0.9668775781512604,1.1053335026843751,5.204032,0.9668775781512604,1.1053335026843751,5.204032,3.167926470588238,47.38524808820138,448.56000000000006,3.167926470588238,47.38524808820138,448.56000000000006,3.167926470588238,47.38524808820138,448.56000000000006,0.07862872500000001,0.13375292054463989,0.47068,0.07862872500000001,0.13375292054463989,0.47068,0.07862872500000001,0.13375292054463989,0.47068
12,Neck,25,2,No Fall,0.9631232075630244,1.1205352929652403,5.000780000000001,0.9631232075630244,1.1205352929652403,5.000780000000001,0.9631232075630244,1.1205352929652403,5.000780000000001,5.906676470588227,42.99520737772541,390.5300000000001,5.906676470588227,42.99520737772541,390.5300000000001,5.906676470588227,42.99520737772541,390.5300000000001,0.08582787499999993,0.12982732088341126,0.44128,0.08582787499999993,0.12982732088341126,0.44128,0.08582787499999993,0.12982732088341126,0.44128
12,Neck,25,3,No Fall,0.9699378815126048,1.2579133340853477,6.578972,0.9699378815126048,1.2579133340853477,6.578972,0.9699378815126048,1.2579133340853477,6.578972,1.2316029411764777,59.665190093932175,643.6500000000001,1.2316029411764777,59.665190093932175,643.6500000000001,1.2316029411764777,59.665190093932175,643.6500000000001,0.08412722499999986,0.1328715676837452,0.4757199999999999,0.08412722499999986,0.1328715676837452,0.4757199999999999,0.08412722499999986,0.1328715676837452,0.4757199999999999
12,Neck,26,1,No Fall,0.9453718999999972,0.14629535787923614,3.391844,0.9453718999999972,0.14629535787923614,3.391844,0.9453718999999972,0.14629535787923614,3.391844,5.404058823529398,6.446587688938112,167.65000000000003,5.404058823529398,6.446587688938112,167.65000000000003,5.404058823529398,6.446587688938112,167.65000000000003,0.07098411250000006,0.008106306987182909,0.05431999999999999,0.07098411250000006,0.008106306987182909,0.05431999999999999,0.07098411250000006,0.008106306987182909,0.05431999999999999
12,Neck,26,2,No Fall,0.9435390806722699,0.22349281434392188,3.833728,0.9435390806722699,0.22349281434392188,3.833728,0.9435390806722699,0.22349281434392188,3.833728,5.502514705882367,13.747510434988307,163.87,5.502514705882367,13.747510434988307,163.87,5.502514705882367,13.747510434988307,163.87,0.13250501250000016,0.13669754291143502,0.4054399999999999,0.13250501250000016,0.13669754291143502,0.4054399999999999,0.13250501250000016,0.13669754291143502,0.4054399999999999
12,Neck,26,3,No Fall,0.9143944596638652,0.1806377318065485,3.8630079999999998,0.9143944596638652,0.1806377318065485,3.8630079999999998,0.9143944596638652,0.1806377318065485,3.8630079999999998,5.274485294117643,11.515175024255582,253.82,5.274485294117643,11.515175024255582,253.82,5.274485294117643,11.515175024255582,253.82,0.006694012500000008,0.02147622814030205,0.10863999999999999,0.006694012500000008,0.02147622814030205,0.10863999999999999,0.006694012500000008,0.02147622814030205,0.10863999999999999
12,Neck,26,4,No Fall,0.9342064394957962,0.22067088879358734,3.4643119999999996,0.9342064394957962,0.22067088879358734,3.4643119999999996,0.9342064394957962,0.22067088879358734,3.4643119999999996,4.769176470588228,18.166372401519002,354.83000000000004,4.769176470588228,18.166372401519002,354.83000000000004,4.769176470588228,18.166372401519002,354.83000000000004,0.13938819999999988,0.11704189555275324,0.37603999999999993,0.13938819999999988,0.11704189555275324,0.37603999999999993,0.13938819999999988,0.11704189555275324,0.37603999999999993
12,Neck,27,1,No Fall,0.9439544445378152,0.32604476966346474,8.3265,0.9439544445378152,0.32604476966346474,8.3265,0.9439544445378152,0.32604476966346474,8.3265,5.246838235294129,23.707269180602914,889.3500000000001,5.246838235294129,23.707269180602914,889.3500000000001,5.246838235294129,23.707269180602914,889.3500000000001,0.06748017500000002,0.014505268033367224,0.15735999999999997,0.06748017500000002,0.014505268033367224,0.15735999999999997,0.06748017500000002,0.014505268033367224,0.15735999999999997
12,Neck,27,2,No Fall,0.9434701352941174,0.3952350626709662,6.89788,0.9434701352941174,0.3952350626709662,6.89788,0.9434701352941174,0.3952350626709662,6.89788,5.339955882352932,40.48653293017027,1395.17,5.339955882352932,40.48653293017027,1395.17,5.339955882352932,40.48653293017027,1395.17,0.13776008749999996,0.13834473585197804,0.40306,0.13776008749999996,0.13834473585197804,0.40306,0.13776008749999996,0.13834473585197804,0.40306
12,Neck,27,3,No Fall,0.91579751092437,0.3365820790120186,8.062736,0.91579751092437,0.3365820790120186,8.062736,0.91579751092437,0.3365820790120186,8.062736,5.395897058823529,21.26418263456434,763.98,5.395897058823529,21.26418263456434,763.98,5.395897058823529,21.26418263456434,763.98,0.015936725000000002,0.019841075813959396,0.12586,0.015936725000000002,0.019841075813959396,0.12586,0.015936725000000002,0.019841075813959396,0.12586
12,Neck,27,4,No Fall,0.9364485226890764,0.36935820157446775,8.676396,0.9364485226890764,0.36935820157446775,8.676396,0.9364485226890764,0.36935820157446775,8.676396,7.165323529411767,24.637436181326574,777.4200000000001,7.165323529411767,24.637436181326574,777.4200000000001,7.165323529411767,24.637436181326574,777.4200000000001,0.13524910000000004,0.12589004376494375,0.4095,0.13524910000000004,0.12589004376494375,0.4095,0.13524910000000004,0.12589004376494375,0.4095
12,Neck,28,1,No Fall,0.8864625084033649,0.21175666004297353,1.696532,0.8864625084033649,0.21175666004297353,1.696532,0.8864625084033649,0.21175666004297353,1.696532,5.0990294117646915,42.80865191893442,489.65000000000003,5.0990294117646915,42.80865191893442,489.65000000000003,5.0990294117646915,42.80865191893442,489.65000000000003,0.02736702500000005,0.09536293916665661,0.46101999999999993,0.02736702500000005,0.09536293916665661,0.46101999999999993,0.02736702500000005,0.09536293916665661,0.46101999999999993
12,Neck,28,2,No Fall,0.8862694100840326,0.2043950226907175,1.4957200000000002,0.8862694100840326,0.2043950226907175,1.4957200000000002,0.8862694100840326,0.2043950226907175,1.4957200000000002,5.08710294117648,37.19064761135465,446.39000000000004,5.08710294117648,37.19064761135465,446.39000000000004,5.08710294117648,37.19064761135465,446.39000000000004,0.10797736249999995,0.15694119420922756,0.69314,0.10797736249999995,0.15694119420922756,0.69314,0.10797736249999995,0.15694119420922756,0.69314
12,Neck,28,3,No Fall,0.8521297605042039,0.22322087259688886,2.492216,0.8521297605042039,0.22322087259688886,2.492216,0.8521297605042039,0.22322087259688886,2.492216,5.364264705882341,51.752008933635516,849.45,5.364264705882341,51.752008933635516,849.45,5.364264705882341,51.752008933635516,849.45,0.013983112499999995,0.07020189421434361,0.37968,0.013983112499999995,0.07020189421434361,0.37968,0.013983112499999995,0.07020189421434361,0.37968
12,Neck,28,4,No Fall,0.8818816134453774,0.22965367825692073,1.860744,0.8818816134453774,0.22965367825692073,1.860744,0.8818816134453774,0.22965367825692073,1.860744,5.72495588235294,43.01988304653807,478.31000000000006,5.72495588235294,43.01988304653807,478.31000000000006,5.72495588235294,43.01988304653807,478.31000000000006,0.11438664999999977,0.1486963827289535,0.68418,0.11438664999999977,0.1486963827289535,0.68418,0.11438664999999977,0.1486963827289535,0.68418
12,Neck,29,1,No Fall,0.8654624126050449,0.13456711145040065,1.0243120000000001,0.8654624126050449,0.13456711145040065,1.0243120000000001,0.8654624126050449,0.13456711145040065,1.0243120000000001,4.093926470588222,13.70814540843597,82.88000000000001,4.093926470588222,13.70814540843597,82.88000000000001,4.093926470588222,13.70814540843597,82.88000000000001,-0.017385987499999925,0.10206200045982347,0.37533999999999995,-0.017385987499999925,0.10206200045982347,0.37533999999999995,-0.017385987499999925,0.10206200045982347,0.37533999999999995
12,Neck,29,2,No Fall,0.28678073529411724,0.12438107212794837,0.9306159999999999,0.28678073529411724,0.12438107212794837,0.9306159999999999,0.28678073529411724,0.12438107212794837,0.9306159999999999,1.40876470588235,23.98314003708315,156.73000000000002,1.40876470588235,23.98314003708315,156.73000000000002,1.40876470588235,23.98314003708315,156.73000000000002,0.009359787499999937,0.07151067263627783,0.27496,0.009359787499999937,0.07151067263627783,0.27496,0.009359787499999937,0.07151067263627783,0.27496
12,Neck,30,1,No Fall,0.894699968907564,0.18165152155059572,1.0796999999999999,0.894699968907564,0.18165152155059572,1.0796999999999999,0.894699968907564,0.18165152155059572,1.0796999999999999,0.1646323529411748,16.254641621062262,84.0,0.1646323529411748,16.254641621062262,84.0,0.1646323529411748,16.254641621062262,84.0,0.07621783749999998,0.08109064326936719,0.37057999999999996,0.07621783749999998,0.08109064326936719,0.37057999999999996,0.07621783749999998,0.08109064326936719,0.37057999999999996
12,Neck,30,2,No Fall,0.24519016638655441,0.18063314890634505,1.106784,0.24519016638655441,0.18063314890634505,1.106784,0.24519016638655441,0.18063314890634505,1.106784,-10.659852941176451,37.844998376835605,159.88,-10.659852941176451,37.844998376835605,159.88,-10.659852941176451,37.844998376835605,159.88,0.07919948749999986,0.09277489717295966,0.38079999999999997,0.07919948749999986,0.09277489717295966,0.38079999999999997,0.07919948749999986,0.09277489717295966,0.38079999999999997
12,Neck,31,1,No Fall,0.9097961873949547,0.13061578094129345,1.096292,0.9097961873949547,0.13061578094129345,1.096292,0.9097961873949547,0.13061578094129345,1.096292,3.0202205882353006,12.476472148580184,82.74000000000001,3.0202205882353006,12.476472148580184,82.74000000000001,3.0202205882353006,12.476472148580184,82.74000000000001,-0.015277149999999946,0.0915448590098564,0.34229999999999994,-0.015277149999999946,0.0915448590098564,0.34229999999999994,-0.015277149999999946,0.0915448590098564,0.34229999999999994
12,Neck,31,2,No Fall,0.1822067436974793,0.13415878251801883,1.118008,0.1822067436974793,0.13415878251801883,1.118008,0.1822067436974793,0.13415878251801883,1.118008,4.7262205882352815,41.76102448384116,266.91,4.7262205882352815,41.76102448384116,266.91,4.7262205882352815,41.76102448384116,266.91,0.018323812499999977,0.05320572595606056,0.31864,0.018323812499999977,0.05320572595606056,0.31864,0.018323812499999977,0.05320572595606056,0.31864
12,Neck,32,1,No Fall,0.9239214806722666,0.21029743060657022,1.7587519999999999,0.9239214806722666,0.21029743060657022,1.7587519999999999,0.9239214806722666,0.21029743060657022,1.7587519999999999,7.713970588235309,12.851905855788559,122.99000000000001,7.713970588235309,12.851905855788559,122.99000000000001,7.713970588235309,12.851905855788559,122.99000000000001,0.05577223749999999,0.07484436779152064,0.30813999999999997,0.05577223749999999,0.07484436779152064,0.30813999999999997,0.05577223749999999,0.07484436779152064,0.30813999999999997
12,Neck,32,2,No Fall,0.14458014957983223,0.1124707332346484,0.942816,0.14458014957983223,0.1124707332346484,0.942816,0.14458014957983223,0.1124707332346484,0.942816,15.251073529411798,25.977203197947386,154.63000000000002,15.251073529411798,25.977203197947386,154.63000000000002,15.251073529411798,25.977203197947386,154.63000000000002,0.050813525000000095,0.06639328798911558,0.30113999999999996,0.050813525000000095,0.06639328798911558,0.30113999999999996,0.050813525000000095,0.06639328798911558,0.30113999999999996
12,Neck,33,1,No Fall,0.9267074890756323,0.3087575959873779,2.136952,0.9267074890756323,0.3087575959873779,2.136952,0.9267074890756323,0.3087575959873779,2.136952,9.129264705882358,18.224191836899237,164.15,9.129264705882358,18.224191836899237,164.15,9.129264705882358,18.224191836899237,164.15,-0.005133974999999994,0.07636300584126172,0.31542,-0.005133974999999994,0.07636300584126172,0.31542,-0.005133974999999994,0.07636300584126172,0.31542
12,Neck,33,2,No Fall,0.0913863042016805,0.13080000763849278,0.983076,0.0913863042016805,0.13080000763849278,0.983076,0.0913863042016805,0.13080000763849278,0.983076,23.86194117647054,33.63608172974011,182.21000000000004,23.86194117647054,33.63608172974011,182.21000000000004,23.86194117647054,33.63608172974011,182.21000000000004,0.022077212499999988,0.08576422412531473,0.34118,0.022077212499999988,0.08576422412531473,0.34118,0.022077212499999988,0.08576422412531473,0.34118
12,Neck,34,1,No Fall,0.9295860226890741,0.22302328320856105,2.279692,0.9295860226890741,0.22302328320856105,2.279692,0.9295860226890741,0.22302328320856105,2.279692,5.972500000000024,14.383901561579973,168.07000000000002,5.972500000000024,14.383901561579973,168.07000000000002,5.972500000000024,14.383901561579973,168.07000000000002,0.024717437500000054,0.028501162596496637,0.20845999999999998,0.024717437500000054,0.028501162596496637,0.20845999999999998,0.024717437500000054,0.028501162596496637,0.20845999999999998
12,Neck,34,2,No Fall,0.0541070512605042,0.09893307588260827,1.071404,0.0541070512605042,0.09893307588260827,1.071404,0.0541070512605042,0.09893307588260827,1.071404,6.173029411764731,42.01394832404042,342.86,6.173029411764731,42.01394832404042,342.86,6.173029411764731,42.01394832404042,342.86,-0.033860925,0.1060399742820387,0.32395999999999997,-0.033860925,0.1060399742820387,0.32395999999999997,-0.033860925,0.1060399742820387,0.32395999999999997
12,Neck,35,1,No Fall,0.9446069394957998,0.33819036745544445,1.6748159999999999,0.9446069394957998,0.33819036745544445,1.6748159999999999,0.9446069394957998,0.33819036745544445,1.6748159999999999,-0.17902941176470416,20.205612920928107,144.76000000000002,-0.17902941176470416,20.205612920928107,144.76000000000002,-0.17902941176470416,20.205612920928107,144.76000000000002,0.05866743749999994,0.07994990207755082,0.37771999999999994,0.05866743749999994,0.07994990207755082,0.37771999999999994,0.05866743749999994,0.07994990207755082,0.37771999999999994
12,Neck,35,2,No Fall,0.10725901680672292,0.20315357581056953,1.2670919999999999,0.10725901680672292,0.20315357581056953,1.2670919999999999,0.10725901680672292,0.20315357581056953,1.2670919999999999,-20.158808823529355,50.63322602391639,236.04000000000002,-20.158808823529355,50.63322602391639,236.04000000000002,-20.158808823529355,50.63322602391639,236.04000000000002,0.09895934999999996,0.08995140205291169,0.36007999999999996,0.09895934999999996,0.08995140205291169,0.36007999999999996,0.09895934999999996,0.08995140205291169,0.36007999999999996
12,Neck,36,1,No Fall,0.9512561445378143,0.5944747921456701,4.06138,0.9512561445378143,0.5944747921456701,4.06138,0.9512561445378143,0.5944747921456701,4.06138,10.137941176470543,33.250180219098795,393.54,10.137941176470543,33.250180219098795,393.54,10.137941176470543,33.250180219098795,393.54,-0.004742762500000024,0.07735905452946118,0.33487999999999996,-0.004742762500000024,0.07735905452946118,0.33487999999999996,-0.004742762500000024,0.07735905452946118,0.33487999999999996
12,Neck,36,2,No Fall,0.9365113680672292,0.574019735644357,4.036492,0.9365113680672292,0.574019735644357,4.036492,0.9365113680672292,0.574019735644357,4.036492,9.600147058823552,31.46621982676655,273.14,9.600147058823552,31.46621982676655,273.14,9.600147058823552,31.46621982676655,273.14,0.07183863749999998,0.09089096869883699,0.38864,0.07183863749999998,0.09089096869883699,0.38864,0.07183863749999998,0.09089096869883699,0.38864
12,Neck,37,1,No Fall,0.9610935478991619,0.06834761129903147,0.892552,0.9610935478991619,0.06834761129903147,0.892552,0.9610935478991619,0.06834761129903147,0.892552,4.525367647058828,6.848142093113119,80.57000000000001,4.525367647058828,6.848142093113119,80.57000000000001,4.525367647058828,6.848142093113119,80.57000000000001,0.007242725000000003,0.03774875687327718,0.20748,0.007242725000000003,0.03774875687327718,0.20748,0.007242725000000003,0.03774875687327718,0.20748
12,Neck,37,2,No Fall,0.9767027302521016,0.030789448606799396,0.49483200000000005,0.9767027302521016,0.030789448606799396,0.49483200000000005,0.9767027302521016,0.030789448606799396,0.49483200000000005,4.871941176470578,4.399727733833206,52.99000000000001,4.871941176470578,4.399727733833206,52.99000000000001,4.871941176470578,4.399727733833206,52.99000000000001,0.015206187500000013,0.016280631400965466,0.09758,0.015206187500000013,0.016280631400965466,0.09758,0.015206187500000013,0.016280631400965466,0.09758
12,Neck,38,1,No Fall,0.9478421436974792,0.04594735888177357,0.737368,0.9478421436974792,0.04594735888177357,0.737368,0.9478421436974792,0.04594735888177357,0.737368,4.468455882352939,7.567744770128496,99.68,4.468455882352939,7.567744770128496,99.68,4.468455882352939,7.567744770128496,99.68,-0.052538937499999945,0.06398708581495581,0.19963999999999998,-0.052538937499999945,0.06398708581495581,0.19963999999999998,-0.052538937499999945,0.06398708581495581,0.19963999999999998
12,Neck,38,2,No Fall,0.9642051117647087,0.051115867846956965,1.029436,0.9642051117647087,0.051115867846956965,1.029436,0.9642051117647087,0.051115867846956965,1.029436,4.7928823529411675,10.672032517425023,199.50000000000003,4.7928823529411675,10.672032517425023,199.50000000000003,4.7928823529411675,10.672032517425023,199.50000000000003,-0.04414068750000001,0.07547578409674176,0.25704,-0.04414068750000001,0.07547578409674176,0.25704,-0.04414068750000001,0.07547578409674176,0.25704
12,Neck,39,1,No Fall,0.9468223159663858,0.050904359676558555,0.5973120000000001,0.9468223159663858,0.050904359676558555,0.5973120000000001,0.9468223159663858,0.050904359676558555,0.5973120000000001,5.243294117647057,10.563410143594076,126.0,5.243294117647057,10.563410143594076,126.0,5.243294117647057,10.563410143594076,126.0,0.0061879125000000035,0.04237155752620902,0.33893999999999996,0.0061879125000000035,0.04237155752620902,0.33893999999999996,0.0061879125000000035,0.04237155752620902,0.33893999999999996
12,Neck,39,2,No Fall,0.960471911764708,0.05619511799669565,0.800808,0.960471911764708,0.05619511799669565,0.800808,0.960471911764708,0.05619511799669565,0.800808,5.727132352941183,9.213335173614333,105.21000000000001,5.727132352941183,9.213335173614333,105.21000000000001,5.727132352941183,9.213335173614333,105.21000000000001,0.0024486875000000008,0.036247703551884954,0.28447999999999996,0.0024486875000000008,0.036247703551884954,0.28447999999999996,0.0024486875000000008,0.036247703551884954,0.28447999999999996
12,Neck,40,1,No Fall,0.9549851411764697,0.048864813823048164,0.6707559999999999,0.9549851411764697,0.048864813823048164,0.6707559999999999,0.9549851411764697,0.048864813823048164,0.6707559999999999,3.976220588235293,8.235436048867,86.87,3.976220588235293,8.235436048867,86.87,3.976220588235293,8.235436048867,86.87,-0.03161138749999999,0.057797083805198025,0.19501999999999997,-0.03161138749999999,0.057797083805198025,0.19501999999999997,-0.03161138749999999,0.057797083805198025,0.19501999999999997
12,Neck,40,2,No Fall,0.9688254773109221,0.05440918195333532,1.0055239999999999,0.9688254773109221,0.05440918195333532,1.0055239999999999,0.9688254773109221,0.05440918195333532,1.0055239999999999,5.770941176470579,7.968781167107588,144.13,5.770941176470579,7.968781167107588,144.13,5.770941176470579,7.968781167107588,144.13,-0.027526187499999986,0.07190471287612839,0.2387,-0.027526187499999986,0.07190471287612839,0.2387,-0.027526187499999986,0.07190471287612839,0.2387
12,Neck,43,1,No Fall,0.9643560226890768,0.6551736932606034,3.4269800000000004,0.9643560226890768,0.6551736932606034,3.4269800000000004,0.9643560226890768,0.6551736932606034,3.4269800000000004,6.211117647058806,28.140180635183118,315.56000000000006,6.211117647058806,28.140180635183118,315.56000000000006,6.211117647058806,28.140180635183118,315.56000000000006,-0.02629978749999992,0.12181087349152293,0.3941,-0.02629978749999992,0.12181087349152293,0.3941,-0.02629978749999992,0.12181087349152293,0.3941
12,Neck,43,2,No Fall,0.9609393050420155,0.6681212011866721,4.807288,0.9609393050420155,0.6681212011866721,4.807288,0.9609393050420155,0.6681212011866721,4.807288,6.586588235294124,23.695657051451636,356.72,6.586588235294124,23.695657051451636,356.72,6.586588235294124,23.695657051451636,356.72,0.13150716249999983,0.10150665275879722,0.43945999999999996,0.13150716249999983,0.10150665275879722,0.43945999999999996,0.13150716249999983,0.10150665275879722,0.43945999999999996
12,Neck,43,3,No Fall,0.9660830915966404,0.6867424283594834,3.8083519999999997,0.9660830915966404,0.6867424283594834,3.8083519999999997,0.9660830915966404,0.6867424283594834,3.8083519999999997,5.56045588235294,31.154083520566918,410.90000000000003,5.56045588235294,31.154083520566918,410.90000000000003,5.56045588235294,31.154083520566918,410.90000000000003,-0.010733537500000065,0.1451554244155531,0.45387999999999995,-0.010733537500000065,0.1451554244155531,0.45387999999999995,-0.010733537500000065,0.1451554244155531,0.45387999999999995
12,Neck,44,1,No Fall,0.9707434915966379,0.8160197054099858,5.204032,0.9707434915966379,0.8160197054099858,5.204032,0.9707434915966379,0.8160197054099858,5.204032,4.442911764705883,37.72249020979752,419.65000000000003,4.442911764705883,37.72249020979752,419.65000000000003,4.442911764705883,37.72249020979752,419.65000000000003,0.05394689999999997,0.1038023733487608,0.50806,0.05394689999999997,0.1038023733487608,0.50806,0.05394689999999997,0.1038023733487608,0.50806
12,Neck,44,2,No Fall,0.9586307882352982,0.877166065437483,6.036804,0.9586307882352982,0.877166065437483,6.036804,0.9586307882352982,0.877166065437483,6.036804,5.520073529411764,39.47674680041078,473.97,5.520073529411764,39.47674680041078,473.97,5.520073529411764,39.47674680041078,473.97,0.13306816249999986,0.12027215953972392,0.5075,0.13306816249999986,0.12027215953972392,0.5075,0.13306816249999986,0.12027215953972392,0.5075
12,Neck,44,3,No Fall,0.9695989470588225,0.8934501691295197,5.146935999999999,0.9695989470588225,0.8934501691295197,5.146935999999999,0.9695989470588225,0.8934501691295197,5.146935999999999,3.4306176470588294,40.345477972782845,455.4200000000001,3.4306176470588294,40.345477972782845,455.4200000000001,3.4306176470588294,40.345477972782845,455.4200000000001,0.1291386250000001,0.11757074315231543,0.52304,0.1291386250000001,0.11757074315231543,0.52304,0.1291386250000001,0.11757074315231543,0.52304
12,Neck,101,1,Fall,0.4956187974789895,0.46794273938391046,5.1532800000000005,0.4956187974789895,0.46794273938391046,5.1532800000000005,0.4956187974789895,0.46794273938391046,5.1532800000000005,11.000632352941283,34.981208349501294,911.4000000000001,11.000632352941283,34.981208349501294,911.4000000000001,11.000632352941283,34.981208349501294,911.4000000000001,0.20950947500000017,0.24346984698771112,0.6405,0.20950947500000017,0.24346984698771112,0.6405,0.20950947500000017,0.24346984698771112,0.6405
12,Neck,101,2,Fall,0.3203764596638648,0.4177270528491083,4.396636,0.3203764596638648,0.4177270528491083,4.396636,0.3203764596638648,0.4177270528491083,4.396636,10.920676470588278,57.286550386860306,1648.0100000000002,10.920676470588278,57.286550386860306,1648.0100000000002,10.920676470588278,57.286550386860306,1648.0100000000002,0.3291201374999998,0.11853333282288088,0.49195999999999995,0.3291201374999998,0.11853333282288088,0.49195999999999995,0.3291201374999998,0.11853333282288088,0.49195999999999995
12,Neck,102,1,Fall,0.7003650411764721,0.3835932767994429,5.704232,0.7003650411764721,0.3835932767994429,5.704232,0.7003650411764721,0.3835932767994429,5.704232,14.30883823529413,48.9661143929827,1447.6000000000001,14.30883823529413,48.9661143929827,1447.6000000000001,14.30883823529413,48.9661143929827,1447.6000000000001,0.10762867499999987,0.18645128601602623,0.64064,0.10762867499999987,0.18645128601602623,0.64064,0.10762867499999987,0.18645128601602623,0.64064
12,Neck,102,2,Fall,0.7808678176470621,0.33995399910018015,4.603792,0.7808678176470621,0.33995399910018015,4.603792,0.7808678176470621,0.33995399910018015,4.603792,6.580102941176464,47.85716587495555,1106.49,6.580102941176464,47.85716587495555,1106.49,6.580102941176464,47.85716587495555,1106.49,0.12930277499999993,0.1526149923540654,0.5467,0.12930277499999993,0.1526149923540654,0.5467,0.12930277499999993,0.1526149923540654,0.5467
12,Neck,103,1,Fall,0.44610632773108977,0.43848957947319334,5.654456,0.44610632773108977,0.43848957947319334,5.654456,0.44610632773108977,0.43848957947319334,5.654456,15.062602941176396,36.53455714383981,1227.73,15.062602941176396,36.53455714383981,1227.73,15.062602941176396,36.53455714383981,1227.73,0.21819000000000022,0.1618958187031744,0.55468,0.21819000000000022,0.1618958187031744,0.55468,0.21819000000000022,0.1618958187031744,0.55468
12,Neck,103,2,Fall,0.41795047058823576,0.4290339298705187,3.79908,0.41795047058823576,0.4290339298705187,3.79908,0.41795047058823576,0.4290339298705187,3.79908,14.873397058823404,30.313184962206606,786.5200000000001,14.873397058823404,30.313184962206606,786.5200000000001,14.873397058823404,30.313184962206606,786.5200000000001,0.1965487125,0.1904730881323038,0.56098,0.1965487125,0.1904730881323038,0.56098,0.1965487125,0.1904730881323038,0.56098
12,Neck,104,1,Fall,0.7168889159663869,0.3590971136208177,4.369064,0.7168889159663869,0.3590971136208177,4.369064,0.7168889159663869,0.3590971136208177,4.369064,16.30788235294118,52.98065228067861,965.5100000000001,16.30788235294118,52.98065228067861,965.5100000000001,16.30788235294118,52.98065228067861,965.5100000000001,0.10765413749999996,0.21909722086667538,0.6491799999999999,0.10765413749999996,0.21909722086667538,0.6491799999999999,0.10765413749999996,0.21909722086667538,0.6491799999999999
12,Neck,104,2,Fall,0.7186973865546222,0.35880640488415777,4.418839999999999,0.7186973865546222,0.35880640488415777,4.418839999999999,0.7186973865546222,0.35880640488415777,4.418839999999999,16.277455882352957,50.29485068263177,1047.9,16.277455882352957,50.29485068263177,1047.9,16.277455882352957,50.29485068263177,1047.9,0.11104896249999972,0.18844923102481678,0.64652,0.11104896249999972,0.18844923102481678,0.64652,0.11104896249999972,0.18844923102481678,0.64652
12,Neck,105,1,Fall,0.5994679655462201,0.40153279288482546,6.024116,0.5994679655462201,0.40153279288482546,6.024116,0.5994679655462201,0.40153279288482546,6.024116,9.580279411764758,32.532485508966765,784.4200000000001,9.580279411764758,32.532485508966765,784.4200000000001,9.580279411764758,32.532485508966765,784.4200000000001,0.07875376249999999,0.14163155669023814,0.53718,0.07875376249999999,0.14163155669023814,0.53718,0.07875376249999999,0.14163155669023814,0.53718
12,Neck,105,2,Fall,0.24107328151260451,0.7070659155898739,3.3654919999999997,0.24107328151260451,0.7070659155898739,3.3654919999999997,0.24107328151260451,0.7070659155898739,3.3654919999999997,5.117058823529393,35.9652403476473,913.7800000000001,5.117058823529393,35.9652403476473,913.7800000000001,5.117058823529393,35.9652403476473,913.7800000000001,-0.09382904999999996,0.17640388471540702,0.7391999999999999,-0.09382904999999996,0.17640388471540702,0.7391999999999999,-0.09382904999999996,0.17640388471540702,0.7391999999999999
12,Neck,106,1,Fall,0.7380321823529411,0.3199832434533093,5.847704,0.7380321823529411,0.3199832434533093,5.847704,0.7380321823529411,0.3199832434533093,5.847704,-2.45286764705884,50.715520904688326,928.2700000000001,-2.45286764705884,50.715520904688326,928.2700000000001,-2.45286764705884,50.715520904688326,928.2700000000001,0.07052710000000001,0.15536133834708743,0.5420799999999999,0.07052710000000001,0.15536133834708743,0.5420799999999999,0.07052710000000001,0.15536133834708743,0.5420799999999999
12,Neck,107,1,Fall,0.3992172168067244,0.5525854166617531,5.90236,0.3992172168067244,0.5525854166617531,5.90236,0.3992172168067244,0.5525854166617531,5.90236,4.215867647058853,40.592321398350684,910.6300000000001,4.215867647058853,40.592321398350684,910.6300000000001,4.215867647058853,40.592321398350684,910.6300000000001,-0.14323504999999995,0.1761133818212944,0.5024599999999999,-0.14323504999999995,0.1761133818212944,0.5024599999999999,-0.14323504999999995,0.1761133818212944,0.5024599999999999
12,Neck,107,2,Fall,0.37343092773109376,0.6538328402564558,11.058568000000001,0.37343092773109376,0.6538328402564558,11.058568000000001,0.37343092773109376,0.6538328402564558,11.058568000000001,0.9574705882352917,41.28237961558584,817.11,0.9574705882352917,41.28237961558584,817.11,0.9574705882352917,41.28237961558584,817.11,-0.16762401250000014,0.19706222994575676,0.61642,-0.16762401250000014,0.19706222994575676,0.61642,-0.16762401250000014,0.19706222994575676,0.61642
12,Neck,107,3,Fall,0.3606916672268907,0.6068157745159963,7.43712,0.3606916672268907,0.6068157745159963,7.43712,0.3606916672268907,0.6068157745159963,7.43712,4.3101764705882335,49.049724780048386,1366.89,4.3101764705882335,49.049724780048386,1366.89,4.3101764705882335,49.049724780048386,1366.89,-0.13381191250000005,0.15698954602717471,0.61572,-0.13381191250000005,0.15698954602717471,0.61572,-0.13381191250000005,0.15698954602717471,0.61572
12,Neck,107,4,Fall,0.35721143781512493,0.656369551019461,11.308423999999999,0.35721143781512493,0.656369551019461,11.308423999999999,0.35721143781512493,0.656369551019461,11.308423999999999,-1.5568382352941197,37.7331048377503,1003.3100000000001,-1.5568382352941197,37.7331048377503,1003.3100000000001,-1.5568382352941197,37.7331048377503,1003.3100000000001,-0.1399451375,0.1920174814752582,0.56126,-0.1399451375,0.1920174814752582,0.56126,-0.1399451375,0.1920174814752582,0.56126
12,Neck,108,1,Fall,0.6983690084033617,0.5319612986973701,9.809044,0.6983690084033617,0.5319612986973701,9.809044,0.6983690084033617,0.5319612986973701,9.809044,2.0415588235294133,54.58540792057273,1248.8700000000001,2.0415588235294133,54.58540792057273,1248.8700000000001,2.0415588235294133,54.58540792057273,1248.8700000000001,-0.031679024999999944,0.19512853026050642,0.7540399999999999,-0.031679024999999944,0.19512853026050642,0.7540399999999999,-0.031679024999999944,0.19512853026050642,0.7540399999999999
12,Neck,108,2,Fall,0.6389781268907546,0.6080355485776112,14.189575999999999,0.6389781268907546,0.6080355485776112,14.189575999999999,0.6389781268907546,0.6080355485776112,14.189575999999999,0.6530882352941104,55.959549562758724,1423.66,0.6530882352941104,55.959549562758724,1423.66,0.6530882352941104,55.959549562758724,1423.66,-0.03272946250000004,0.22140372351702445,0.7742,-0.03272946250000004,0.22140372351702445,0.7742,-0.03272946250000004,0.22140372351702445,0.7742
12,Neck,108,4,Fall,0.7665470168067204,0.49194158148617323,11.985036000000001,0.7665470168067204,0.49194158148617323,11.985036000000001,0.7665470168067204,0.49194158148617323,11.985036000000001,5.7658970588235245,59.776169442997166,1260.0000000000002,5.7658970588235245,59.776169442997166,1260.0000000000002,5.7658970588235245,59.776169442997166,1260.0000000000002,-0.04797896250000018,0.17964003077984914,0.6827799999999999,-0.04797896250000018,0.17964003077984914,0.6827799999999999,-0.04797896250000018,0.17964003077984914,0.6827799999999999
12,Neck,109,1,Fall,0.4776895134453784,0.5069314836167936,4.346372000000001,0.4776895134453784,0.5069314836167936,4.346372000000001,0.4776895134453784,0.5069314836167936,4.346372000000001,5.772294117647093,38.389341537942215,738.22,5.772294117647093,38.389341537942215,738.22,5.772294117647093,38.389341537942215,738.22,-0.026485812500000004,0.13075180187486257,0.6180999999999999,-0.026485812500000004,0.13075180187486257,0.6180999999999999,-0.026485812500000004,0.13075180187486257,0.6180999999999999
12,Neck,109,2,Fall,0.6660905764705887,0.361823398137305,4.20534,0.6660905764705887,0.361823398137305,4.20534,0.6660905764705887,0.361823398137305,4.20534,7.165779411764743,37.13937627364591,713.5100000000001,7.165779411764743,37.13937627364591,713.5100000000001,7.165779411764743,37.13937627364591,713.5100000000001,-0.09292990000000004,0.18685214797465324,0.7298199999999999,-0.09292990000000004,0.18685214797465324,0.7298199999999999,-0.09292990000000004,0.18685214797465324,0.7298199999999999
12,Neck,110,1,Fall,0.7838051470588213,0.36612112514808265,2.843332,0.7838051470588213,0.36612112514808265,2.843332,0.7838051470588213,0.36612112514808265,2.843332,8.834749999999989,40.470044976861466,546.21,8.834749999999989,40.470044976861466,546.21,8.834749999999989,40.470044976861466,546.21,0.037510199999999994,0.14501956662516302,0.5163199999999999,0.037510199999999994,0.14501956662516302,0.5163199999999999,0.037510199999999994,0.14501956662516302,0.5163199999999999
12,Neck,111,1,Fall,0.6708050050420165,0.2843283835411004,2.918972,0.6708050050420165,0.2843283835411004,2.918972,0.6708050050420165,0.2843283835411004,2.918972,2.034588235294113,22.964536049030848,474.46000000000004,2.034588235294113,22.964536049030848,474.46000000000004,2.034588235294113,22.964536049030848,474.46000000000004,-0.10857166250000004,0.2511784091885934,0.6977599999999999,-0.10857166250000004,0.2511784091885934,0.6977599999999999,-0.10857166250000004,0.2511784091885934,0.6977599999999999
12,Neck,112,1,Fall,0.2654551352941182,0.6634183780346912,4.432016,0.2654551352941182,0.6634183780346912,4.432016,0.2654551352941182,0.6634183780346912,4.432016,12.661455882353088,38.3208029219845,467.46000000000004,12.661455882353088,38.3208029219845,467.46000000000004,12.661455882353088,38.3208029219845,467.46000000000004,0.25374650000000004,0.1351138501748367,0.49532,0.25374650000000004,0.1351138501748367,0.49532,0.25374650000000004,0.1351138501748367,0.49532
12,Neck,113,1,Fall,0.3991035722689086,0.5490839092594226,4.489356,0.3991035722689086,0.5490839092594226,4.489356,0.3991035722689086,0.5490839092594226,4.489356,6.012088235294113,28.737653108174698,669.76,6.012088235294113,28.737653108174698,669.76,6.012088235294113,28.737653108174698,669.76,0.26252633749999993,0.1574162229254382,0.48649999999999993,0.26252633749999993,0.1574162229254382,0.48649999999999993,0.26252633749999993,0.1574162229254382,0.48649999999999993
12,Neck,113,2,Fall,0.5413764865546219,0.40866501975162817,5.676904,0.5413764865546219,0.40866501975162817,5.676904,0.5413764865546219,0.40866501975162817,5.676904,6.014955882352937,39.096577746227865,853.5800000000002,6.014955882352937,39.096577746227865,853.5800000000002,6.014955882352937,39.096577746227865,853.5800000000002,0.1968446374999999,0.15285065196908137,0.66738,0.1968446374999999,0.15285065196908137,0.66738,0.1968446374999999,0.15285065196908137,0.66738
12,Neck,114,1,Fall,0.23248730084033545,0.6944197204229504,4.319288,0.23248730084033545,0.6944197204229504,4.319288,0.23248730084033545,0.6944197204229504,4.319288,8.717661764705978,43.20460814163514,843.01,8.717661764705978,43.20460814163514,843.01,8.717661764705978,43.20460814163514,843.01,0.2891497875000002,0.1701186047446161,0.52976,0.2891497875000002,0.1701186047446161,0.52976,0.2891497875000002,0.1701186047446161,0.52976
12,Neck,114,2,Fall,0.2679886857142817,0.6585445610571087,4.307088,0.2679886857142817,0.6585445610571087,4.307088,0.2679886857142817,0.6585445610571087,4.307088,10.412499999999879,30.594001411864493,441.84000000000003,10.412499999999879,30.594001411864493,441.84000000000003,10.412499999999879,30.594001411864493,441.84000000000003,0.2741067874999997,0.20621434208483358,0.6966399999999999,0.2741067874999997,0.20621434208483358,0.6966399999999999,0.2741067874999997,0.20621434208483358,0.6966399999999999
12,Neck,115,1,Fall,0.593076242016813,0.3221204627348486,1.985184,0.593076242016813,0.3221204627348486,1.985184,0.593076242016813,0.3221204627348486,1.985184,1.0477647058823523,33.36176083338291,670.74,1.0477647058823523,33.36176083338291,670.74,1.0477647058823523,33.36176083338291,670.74,-0.1904289625,0.155903366197361,0.3857,-0.1904289625,0.155903366197361,0.3857,-0.1904289625,0.155903366197361,0.3857
12,Neck,116,1,Fall,0.7962775966386565,0.21815077097479801,2.7337759999999998,0.7962775966386565,0.21815077097479801,2.7337759999999998,0.7962775966386565,0.21815077097479801,2.7337759999999998,5.152058823529413,52.56370246486824,760.2,5.152058823529413,52.56370246486824,760.2,5.152058823529413,52.56370246486824,760.2,0.16576962499999987,0.21700383097775278,0.6896399999999999,0.16576962499999987,0.21700383097775278,0.6896399999999999,0.16576962499999987,0.21700383097775278,0.6896399999999999
12,Neck,117,1,Fall,0.2773316302521016,0.5894846228476492,3.622912,0.2773316302521016,0.5894846228476492,3.622912,0.2773316302521016,0.5894846228476492,3.622912,8.586044117646898,27.053487573991212,393.5400000000001,8.586044117646898,27.053487573991212,393.5400000000001,8.586044117646898,27.053487573991212,393.5400000000001,0.22984911249999995,0.21020691994546206,0.5840799999999999,0.22984911249999995,0.21020691994546206,0.5840799999999999,0.22984911249999995,0.21020691994546206,0.5840799999999999
12,Neck,118,1,Fall,0.6963145386554633,0.5138986185695263,5.96336,0.6963145386554633,0.5138986185695263,5.96336,0.6963145386554633,0.5138986185695263,5.96336,6.110102941176473,43.460848225048984,553.1400000000001,6.110102941176473,43.460848225048984,553.1400000000001,6.110102941176473,43.460848225048984,553.1400000000001,0.14909107500000007,0.17319897315525035,0.6080199999999999,0.14909107500000007,0.17319897315525035,0.6080199999999999,0.14909107500000007,0.17319897315525035,0.6080199999999999
12,Neck,119,1,Fall,0.430103362184874,0.46968283360164637,3.74906,0.430103362184874,0.46968283360164637,3.74906,0.430103362184874,0.46968283360164637,3.74906,7.4524264705882315,28.13348598069544,502.18000000000006,7.4524264705882315,28.13348598069544,502.18000000000006,7.4524264705882315,28.13348598069544,502.18000000000006,0.32576704999999956,0.10205603265571012,0.4375,0.32576704999999956,0.10205603265571012,0.4375,0.32576704999999956,0.10205603265571012,0.4375
12,Neck,119,2,Fall,0.3637599672268899,0.5344200967158845,3.8691079999999998,0.3637599672268899,0.5344200967158845,3.8691079999999998,0.3637599672268899,0.5344200967158845,3.8691079999999998,7.001544117647054,29.98099538389331,553.4200000000001,7.001544117647054,29.98099538389331,553.4200000000001,7.001544117647054,29.98099538389331,553.4200000000001,0.20971807500000014,0.12082321435675783,0.4842599999999999,0.20971807500000014,0.12082321435675783,0.4842599999999999,0.20971807500000014,0.12082321435675783,0.4842599999999999
12,Neck,120,1,Fall,0.6998210647058809,0.4235437876699282,3.6700039999999996,0.6998210647058809,0.4235437876699282,3.6700039999999996,0.6998210647058809,0.4235437876699282,3.6700039999999996,8.508735294117649,38.816007819398514,580.3700000000001,8.508735294117649,38.816007819398514,580.3700000000001,8.508735294117649,38.816007819398514,580.3700000000001,0.29779942500000034,0.08917231727124775,0.40893999999999997,0.29779942500000034,0.08917231727124775,0.40893999999999997,0.29779942500000034,0.08917231727124775,0.40893999999999997
12,Neck,120,2,Fall,0.8096272672268898,0.25265819700455844,3.7353959999999997,0.8096272672268898,0.25265819700455844,3.7353959999999997,0.8096272672268898,0.25265819700455844,3.7353959999999997,12.879411764705878,32.23248602380583,552.23,12.879411764705878,32.23248602380583,552.23,12.879411764705878,32.23248602380583,552.23,0.06534167499999995,0.1440568265997854,0.5363399999999999,0.06534167499999995,0.1440568265997854,0.5363399999999999,0.06534167499999995,0.1440568265997854,0.5363399999999999
12,Neck,121,1,Fall,0.49017985294117783,0.6575199099179327,5.024936,0.49017985294117783,0.6575199099179327,5.024936,0.49017985294117783,0.6575199099179327,5.024936,12.42955882352944,41.9529137414309,1305.0100000000002,12.42955882352944,41.9529137414309,1305.0100000000002,12.42955882352944,41.9529137414309,1305.0100000000002,0.25274348749999964,0.2208393132053214,0.6371399999999999,0.25274348749999964,0.2208393132053214,0.6371399999999999,0.25274348749999964,0.2208393132053214,0.6371399999999999
12,Neck,121,2,Fall,0.5023627831932771,0.6504444919221849,4.904888,0.5023627831932771,0.6504444919221849,4.904888,0.5023627831932771,0.6504444919221849,4.904888,7.118235294117574,40.86544779090509,1284.15,7.118235294117574,40.86544779090509,1284.15,7.118235294117574,40.86544779090509,1284.15,0.1962139374999996,0.2024757395990936,0.55874,0.1962139374999996,0.2024757395990936,0.55874,0.1962139374999996,0.2024757395990936,0.55874
12,Neck,122,1,Fall,0.6270655957983151,0.5592497834681555,4.7362839999999995,0.6270655957983151,0.5592497834681555,4.7362839999999995,0.6270655957983151,0.5592497834681555,4.7362839999999995,9.12623529411766,60.95658862306494,1668.5900000000001,9.12623529411766,60.95658862306494,1668.5900000000001,9.12623529411766,60.95658862306494,1668.5900000000001,0.15230984999999997,0.1979046764962601,0.64162,0.15230984999999997,0.1979046764962601,0.64162,0.15230984999999997,0.1979046764962601,0.64162
12,Neck,122,2,Fall,0.7864745890756312,0.5546049614761228,5.95726,0.7864745890756312,0.5546049614761228,5.95726,0.7864745890756312,0.5546049614761228,5.95726,-2.123044117647067,48.556196504170316,1440.39,-2.123044117647067,48.556196504170316,1440.39,-2.123044117647067,48.556196504170316,1440.39,0.13309975000000002,0.14813300584635314,0.5285,0.13309975000000002,0.14813300584635314,0.5285,0.13309975000000002,0.14813300584635314,0.5285
12,Neck,123,1,Fall,0.49437936974790225,0.5509758573156034,3.157116,0.49437936974790225,0.5509758573156034,3.157116,0.49437936974790225,0.5509758573156034,3.157116,11.728191176470402,30.735150508257963,421.19000000000005,11.728191176470402,30.735150508257963,421.19000000000005,11.728191176470402,30.735150508257963,421.19000000000005,0.19474078749999968,0.1758370377865277,0.54138,0.19474078749999968,0.1758370377865277,0.54138,0.19474078749999968,0.1758370377865277,0.54138
12,Neck,123,2,Fall,0.47451679579830375,0.6039429090592505,5.53758,0.47451679579830375,0.6039429090592505,5.53758,0.47451679579830375,0.6039429090592505,5.53758,11.396749999999813,35.88621648142947,1011.9200000000001,11.396749999999813,35.88621648142947,1011.9200000000001,11.396749999999813,35.88621648142947,1011.9200000000001,0.2055942,0.2053325519027715,0.64428,0.2055942,0.2053325519027715,0.64428,0.2055942,0.2053325519027715,0.64428
12,Neck,124,1,Fall,0.5244422201680665,0.6011675281053409,6.7841759999999995,0.5244422201680665,0.6011675281053409,6.7841759999999995,0.5244422201680665,0.6011675281053409,6.7841759999999995,16.77399999999988,59.0284811572932,1058.96,16.77399999999988,59.0284811572932,1058.96,16.77399999999988,59.0284811572932,1058.96,0.1621960375000002,0.20704470749179116,0.5878599999999999,0.1621960375000002,0.20704470749179116,0.5878599999999999,0.1621960375000002,0.20704470749179116,0.5878599999999999
12,Neck,124,2,Fall,0.7599475857142867,0.5419447953740838,6.832243999999999,0.7599475857142867,0.5419447953740838,6.832243999999999,0.7599475857142867,0.5419447953740838,6.832243999999999,7.69574999999998,73.79305881714613,2406.95,7.69574999999998,73.79305881714613,2406.95,7.69574999999998,73.79305881714613,2406.95,0.13835832499999998,0.22117503873808836,0.6888,0.13835832499999998,0.22117503873808836,0.6888,0.13835832499999998,0.22117503873808836,0.6888
12,Neck,125,1,Fall,0.46331222352940954,0.5713339413872904,6.406708,0.46331222352940954,0.5713339413872904,6.406708,0.46331222352940954,0.5713339413872904,6.406708,21.103397058823322,47.5045025170965,1311.1000000000001,21.103397058823322,47.5045025170965,1311.1000000000001,21.103397058823322,47.5045025170965,1311.1000000000001,0.07355346250000006,0.12281617038007597,0.57638,0.07355346250000006,0.12281617038007597,0.57638,0.07355346250000006,0.12281617038007597,0.57638
12,Neck,125,2,Fall,0.49769930756302433,0.556366490169747,7.541552,0.49769930756302433,0.556366490169747,7.541552,0.49769930756302433,0.556366490169747,7.541552,10.578132352941136,49.0249143926152,779.87,10.578132352941136,49.0249143926152,779.87,10.578132352941136,49.0249143926152,779.87,-0.104482175,0.19067864086551709,0.66514,-0.104482175,0.19067864086551709,0.66514,-0.104482175,0.19067864086551709,0.66514
12,Neck,125,3,Fall,0.4381166092437002,0.7277368562152404,3.688548,0.4381166092437002,0.7277368562152404,3.688548,0.4381166092437002,0.7277368562152404,3.688548,12.192470588235262,39.645611645496246,825.72,12.192470588235262,39.645611645496246,825.72,12.192470588235262,39.645611645496246,825.72,-0.09478315000000004,0.2066934818123624,0.8023399999999999,-0.09478315000000004,0.2066934818123624,0.8023399999999999,-0.09478315000000004,0.2066934818123624,0.8023399999999999
12,Neck,125,4,Fall,0.22313594957983257,0.81770773172537,9.74536,0.22313594957983257,0.81770773172537,9.74536,0.22313594957983257,0.81770773172537,9.74536,2.1831617647058694,44.47199021570362,460.95000000000005,2.1831617647058694,44.47199021570362,460.95000000000005,2.1831617647058694,44.47199021570362,460.95000000000005,-0.03159922499999999,0.1630339237323912,0.75796,-0.03159922499999999,0.1630339237323912,0.75796,-0.03159922499999999,0.1630339237323912,0.75796
12,Neck,126,1,Fall,0.8112396151260521,0.6047279227110813,4.034052,0.8112396151260521,0.6047279227110813,4.034052,0.8112396151260521,0.6047279227110813,4.034052,8.402794117647078,41.37597615757061,703.8500000000001,8.402794117647078,41.37597615757061,703.8500000000001,8.402794117647078,41.37597615757061,703.8500000000001,-0.003789362500000047,0.17601123005446076,0.7974399999999999,-0.003789362500000047,0.17601123005446076,0.7974399999999999,-0.003789362500000047,0.17601123005446076,0.7974399999999999
12,Neck,126,2,Fall,0.7934789268907562,0.4848580804353168,3.445768,0.7934789268907562,0.4848580804353168,3.445768,0.7934789268907562,0.4848580804353168,3.445768,7.713176470588248,48.64358560102592,1240.1200000000001,7.713176470588248,48.64358560102592,1240.1200000000001,7.713176470588248,48.64358560102592,1240.1200000000001,0.034167874999999986,0.15010850407074172,0.7100799999999999,0.034167874999999986,0.15010850407074172,0.7100799999999999,0.034167874999999986,0.15010850407074172,0.7100799999999999
12,Neck,126,4,Fall,0.6080475899159655,0.7679004033406674,8.127396000000001,0.6080475899159655,0.7679004033406674,8.127396000000001,0.6080475899159655,0.7679004033406674,8.127396000000001,-2.513426470588237,50.04033722690478,1197.0700000000002,-2.513426470588237,50.04033722690478,1197.0700000000002,-2.513426470588237,50.04033722690478,1197.0700000000002,0.02148081250000002,0.17716559354400524,0.7763,0.02148081250000002,0.17716559354400524,0.7763,0.02148081250000002,0.17716559354400524,0.7763
12,Neck,127,1,Fall,0.009147436974789992,0.1444310808511909,2.238212,0.009147436974789992,0.1444310808511909,2.238212,0.009147436974789992,0.1444310808511909,2.238212,6.906088235294106,28.32748341698277,642.6700000000001,6.906088235294106,28.32748341698277,642.6700000000001,6.906088235294106,28.32748341698277,642.6700000000001,-0.2784868624999994,0.12577175437486016,0.8148,-0.2784868624999994,0.12577175437486016,0.8148,-0.2784868624999994,0.12577175437486016,0.8148
12,Neck,127,2,Fall,0.08564446134453811,0.1024873335431866,1.52256,0.08564446134453811,0.1024873335431866,1.52256,0.08564446134453811,0.1024873335431866,1.52256,7.832279411764714,15.67306801671619,289.24,7.832279411764714,15.67306801671619,289.24,7.832279411764714,15.67306801671619,289.24,0.05082761250000004,0.3260004964806278,0.72086,0.05082761250000004,0.3260004964806278,0.72086,0.05082761250000004,0.3260004964806278,0.72086
12,Neck,127,3,Fall,0.2799794915966381,0.19158929762231788,1.9351639999999999,0.2799794915966381,0.19158929762231788,1.9351639999999999,0.2799794915966381,0.19158929762231788,1.9351639999999999,5.297411764705882,17.584233731443337,298.90000000000003,5.297411764705882,17.584233731443337,298.90000000000003,5.297411764705882,17.584233731443337,298.90000000000003,-0.23163314999999943,0.13902108919190123,0.7981399999999998,-0.23163314999999943,0.13902108919190123,0.7981399999999998,-0.23163314999999943,0.13902108919190123,0.7981399999999998
12,Neck,128,2,Fall,0.3696556428571437,0.3996755833935107,2.142564,0.3696556428571437,0.3996755833935107,2.142564,0.3696556428571437,0.3996755833935107,2.142564,1.2005588235294093,38.6099180037005,619.99,1.2005588235294093,38.6099180037005,619.99,1.2005588235294093,38.6099180037005,619.99,-0.05116527500000037,0.2640365515975706,0.7273,-0.05116527500000037,0.2640365515975706,0.7273,-0.05116527500000037,0.2640365515975706,0.7273
12,Neck,128,4,Fall,0.35502281932773105,0.48266220064052306,2.042524,0.35502281932773105,0.48266220064052306,2.042524,0.35502281932773105,0.48266220064052306,2.042524,8.500676470588244,38.923117804812996,499.80000000000007,8.500676470588244,38.923117804812996,499.80000000000007,8.500676470588244,38.923117804812996,499.80000000000007,-0.1432931500000002,0.22092053978668397,0.7288399999999999,-0.1432931500000002,0.22092053978668397,0.7288399999999999,-0.1432931500000002,0.22092053978668397,0.7288399999999999
12,Neck,129,1,Fall,0.5397909991596619,0.2429375499961756,2.007144,0.5397909991596619,0.2429375499961756,2.007144,0.5397909991596619,0.2429375499961756,2.007144,0.22220588235293565,28.33329102706046,484.75000000000006,0.22220588235293565,28.33329102706046,484.75000000000006,0.22220588235293565,28.33329102706046,484.75000000000006,0.060148200000000145,0.30996003485895746,0.69804,0.060148200000000145,0.30996003485895746,0.69804,0.060148200000000145,0.30996003485895746,0.69804
12,Neck,130,1,Fall,0.2889354705882369,0.6565338780941278,7.4105240000000006,0.2889354705882369,0.6565338780941278,7.4105240000000006,0.2889354705882369,0.6565338780941278,7.4105240000000006,10.552088235293951,31.403370742299764,516.74,10.552088235293951,31.403370742299764,516.74,10.552088235293951,31.403370742299764,516.74,0.3284647625000004,0.03514491596614671,0.22274,0.3284647625000004,0.03514491596614671,0.22274,0.3284647625000004,0.03514491596614671,0.22274
12,Neck,131,1,Fall,0.17271242689075503,0.6161190653277338,3.9159559999999995,0.17271242689075503,0.6161190653277338,3.9159559999999995,0.17271242689075503,0.6161190653277338,3.9159559999999995,8.125338235294132,31.3104162099331,394.66,8.125338235294132,31.3104162099331,394.66,8.125338235294132,31.3104162099331,394.66,0.3401529249999996,0.07339278201040207,0.37925999999999993,0.3401529249999996,0.07339278201040207,0.37925999999999993,0.3401529249999996,0.07339278201040207,0.37925999999999993
12,Neck,131,2,Fall,0.4822650773109235,0.27504481682781745,4.194116,0.4822650773109235,0.27504481682781745,4.194116,0.4822650773109235,0.27504481682781745,4.194116,6.405147058823536,31.39784249469261,492.5200000000001,6.405147058823536,31.39784249469261,492.5200000000001,6.405147058823536,31.39784249469261,492.5200000000001,0.11553447499999966,0.08519088599072279,0.51786,0.11553447499999966,0.08519088599072279,0.51786,0.11553447499999966,0.08519088599072279,0.51786
12,Neck,132,1,Fall,0.5871345857142849,0.32910223411625067,2.66448,0.5871345857142849,0.32910223411625067,2.66448,0.5871345857142849,0.32910223411625067,2.66448,1.3406323529411752,27.056422707135546,537.88,1.3406323529411752,27.056422707135546,537.88,1.3406323529411752,27.056422707135546,537.88,-0.019580050000000043,0.3026279108158241,0.6815199999999999,-0.019580050000000043,0.3026279108158241,0.6815199999999999,-0.019580050000000043,0.3026279108158241,0.6815199999999999
12,Neck,133,1,Fall,0.21545584453781508,0.5951281626753294,3.514576,0.21545584453781508,0.5951281626753294,3.514576,0.21545584453781508,0.5951281626753294,3.514576,8.97088235294098,30.889221543839405,370.37000000000006,8.97088235294098,30.889221543839405,370.37000000000006,8.97088235294098,30.889221543839405,370.37000000000006,0.24669382500000023,0.19600255634347638,0.5355,0.24669382500000023,0.19600255634347638,0.5355,0.24669382500000023,0.19600255634347638,0.5355
12,Neck,134,1,Fall,0.21043380168067108,0.6038217791432079,4.4225,0.21043380168067108,0.6038217791432079,4.4225,0.21043380168067108,0.6038217791432079,4.4225,4.643397058823535,31.73843239637253,765.73,4.643397058823535,31.73843239637253,765.73,4.643397058823535,31.73843239637253,765.73,0.32173959999999974,0.09238207333141314,0.4179,0.32173959999999974,0.09238207333141314,0.4179,0.32173959999999974,0.09238207333141314,0.4179
12,Neck,134,2,Fall,0.5399716924369738,0.3703598348621796,3.167608,0.5399716924369738,0.3703598348621796,3.167608,0.5399716924369738,0.3703598348621796,3.167608,6.132617647058826,23.632529312075206,483.98,6.132617647058826,23.632529312075206,483.98,6.132617647058826,23.632529312075206,483.98,0.1229332125,0.05889689314551077,0.29301999999999995,0.1229332125,0.05889689314551077,0.29301999999999995,0.1229332125,0.05889689314551077,0.29301999999999995
12,Neck,135,1,Fall,0.24941080252100625,0.6410172005953473,5.385568,0.24941080252100625,0.6410172005953473,5.385568,0.24941080252100625,0.6410172005953473,5.385568,8.518735294117379,26.31335416224236,422.1,8.518735294117379,26.31335416224236,422.1,8.518735294117379,26.31335416224236,422.1,0.20880125000000008,0.2247460077441544,0.6348999999999999,0.20880125000000008,0.2247460077441544,0.6348999999999999,0.20880125000000008,0.2247460077441544,0.6348999999999999
12,Neck,135,2,Fall,0.8643774327731065,0.17455509415192516,5.281136,0.8643774327731065,0.17455509415192516,5.281136,0.8643774327731065,0.17455509415192516,5.281136,6.143705882352946,13.913079693501658,296.1,6.143705882352946,13.913079693501658,296.1,6.143705882352946,13.913079693501658,296.1,0.14521421250000016,0.05486924998007264,0.24065999999999999,0.14521421250000016,0.05486924998007264,0.24065999999999999,0.14521421250000016,0.05486924998007264,0.24065999999999999
13,Neck,13,1,No Fall,0.9596203722689068,0.10910207998144794,0.861564,0.9596203722689068,0.10910207998144794,0.861564,0.9596203722689068,0.10910207998144794,0.861564,5.699941176470591,16.406690350292266,245.84000000000003,5.699941176470591,16.406690350292266,245.84000000000003,5.699941176470591,16.406690350292266,245.84000000000003,0.06305713749999999,0.16078479728025852,0.57022,0.06305713749999999,0.16078479728025852,0.57022,0.06305713749999999,0.16078479728025852,0.57022
13,Neck,13,2,No Fall,0.9542742092436979,0.06670978465284179,1.36396,0.9542742092436979,0.06670978465284179,1.36396,0.9542742092436979,0.06670978465284179,1.36396,5.2767205882352926,19.431191508161582,310.94000000000005,5.2767205882352926,19.431191508161582,310.94000000000005,5.2767205882352926,19.431191508161582,310.94000000000005,0.14081698750000007,0.05219132332647788,0.30632,0.14081698750000007,0.05219132332647788,0.30632,0.14081698750000007,0.05219132332647788,0.30632
13,Neck,13,3,No Fall,0.9636167436974821,0.11181083621136813,0.770796,0.9636167436974821,0.11181083621136813,0.770796,0.9636167436974821,0.11181083621136813,0.770796,7.096441176470591,13.696884244784712,106.61,7.096441176470591,13.696884244784712,106.61,7.096441176470591,13.696884244784712,106.61,-0.09619557499999992,0.10465528175595809,0.41496,-0.09619557499999992,0.10465528175595809,0.41496,-0.09619557499999992,0.10465528175595809,0.41496
13,Neck,13,4,No Fall,0.9437807226890785,0.036051255122609656,0.37527199999999994,0.9437807226890785,0.036051255122609656,0.37527199999999994,0.9437807226890785,0.036051255122609656,0.37527199999999994,6.1435,11.261662982850911,96.18,6.1435,11.261662982850911,96.18,6.1435,11.261662982850911,96.18,-0.14896034999999982,0.0516354592725429,0.2933,-0.14896034999999982,0.0516354592725429,0.2933,-0.14896034999999982,0.0516354592725429,0.2933
13,Neck,13,5,No Fall,0.9295466033613473,0.11591461633481637,0.9635559999999999,0.9295466033613473,0.11591461633481637,0.9635559999999999,0.9295466033613473,0.11591461633481637,0.9635559999999999,4.528985294117638,18.225912510070575,189.56,4.528985294117638,18.225912510070575,189.56,4.528985294117638,18.225912510070575,189.56,0.01763195000000001,0.1148483939316978,0.53704,0.01763195000000001,0.1148483939316978,0.53704,0.01763195000000001,0.1148483939316978,0.53704
13,Neck,13,6,No Fall,0.9422369100840339,0.052279223244425396,0.7629879999999999,0.9422369100840339,0.052279223244425396,0.7629879999999999,0.9422369100840339,0.052279223244425396,0.7629879999999999,5.0270441176470655,18.606025986413346,286.37,5.0270441176470655,18.606025986413346,286.37,5.0270441176470655,18.606025986413346,286.37,0.13441049999999993,0.058455042226706846,0.32494,0.13441049999999993,0.058455042226706846,0.32494,0.13441049999999993,0.058455042226706846,0.32494
13,Neck,13,7,No Fall,0.947074312605042,0.10418619732952487,0.837896,0.947074312605042,0.10418619732952487,0.837896,0.947074312605042,0.10418619732952487,0.837896,7.5209852941176205,15.510595325862868,100.03000000000002,7.5209852941176205,15.510595325862868,100.03000000000002,7.5209852941176205,15.510595325862868,100.03000000000002,-0.07504848749999991,0.07703334803288489,0.36666,-0.07504848749999991,0.07703334803288489,0.36666,-0.07504848749999991,0.07703334803288489,0.36666
13,Neck,13,8,No Fall,0.962207079831934,0.025450662457893295,0.37771200000000005,0.962207079831934,0.025450662457893295,0.37771200000000005,0.962207079831934,0.025450662457893295,0.37771200000000005,5.500191176470585,10.572225244095947,160.51,5.500191176470585,10.572225244095947,160.51,5.500191176470585,10.572225244095947,160.51,-0.1546365625000002,0.02917546371071594,0.18522,-0.1546365625000002,0.02917546371071594,0.18522,-0.1546365625000002,0.02917546371071594,0.18522
13,Neck,13,9,No Fall,0.9332616571428568,0.1283360821674655,0.942816,0.9332616571428568,0.1283360821674655,0.942816,0.9332616571428568,0.1283360821674655,0.942816,4.9840441176470565,19.26357641857498,192.43,4.9840441176470565,19.26357641857498,192.43,4.9840441176470565,19.26357641857498,192.43,0.030616949999999987,0.12303308387595385,0.5626599999999999,0.030616949999999987,0.12303308387595385,0.5626599999999999,0.030616949999999987,0.12303308387595385,0.5626599999999999
13,Neck,13,10,No Fall,0.9298832823529426,0.07729117030366331,1.3002760000000002,0.9298832823529426,0.07729117030366331,1.3002760000000002,0.9298832823529426,0.07729117030366331,1.3002760000000002,5.123161764705864,22.077384496879187,377.02000000000004,5.123161764705864,22.077384496879187,377.02000000000004,5.123161764705864,22.077384496879187,377.02000000000004,0.11805946249999978,0.07160812119689662,0.37212,0.11805946249999978,0.07160812119689662,0.37212,0.11805946249999978,0.07160812119689662,0.37212
13,Neck,13,11,No Fall,0.9511439352941201,0.10010770328535343,0.8349679999999999,0.9511439352941201,0.10010770328535343,0.8349679999999999,0.9511439352941201,0.10010770328535343,0.8349679999999999,6.8561323529411675,12.86454672700944,75.53,6.8561323529411675,12.86454672700944,75.53,6.8561323529411675,12.86454672700944,75.53,-0.08681872499999996,0.0653082445302784,0.32536,-0.08681872499999996,0.0653082445302784,0.32536,-0.08681872499999996,0.0653082445302784,0.32536
13,Neck,13,12,No Fall,0.9532894436974764,0.019417926462069628,0.20496000000000014,0.9532894436974764,0.019417926462069628,0.20496000000000014,0.9532894436974764,0.019417926462069628,0.20496000000000014,5.795117647058843,9.573727080233239,89.32000000000001,5.795117647058843,9.573727080233239,89.32000000000001,5.795117647058843,9.573727080233239,89.32000000000001,-0.18024711250000014,0.03129237770970031,0.18773999999999996,-0.18024711250000014,0.03129237770970031,0.18773999999999996,-0.18024711250000014,0.03129237770970031,0.18773999999999996
13,Neck,13,13,No Fall,0.9340932050420184,0.11640208818733024,1.01382,0.9340932050420184,0.11640208818733024,1.01382,0.9340932050420184,0.11640208818733024,1.01382,4.9268088235294245,19.258082135905283,208.39000000000004,4.9268088235294245,19.258082135905283,208.39000000000004,4.9268088235294245,19.258082135905283,208.39000000000004,0.04544487499999999,0.11685664969780751,0.5594399999999999,0.04544487499999999,0.11685664969780751,0.5594399999999999,0.04544487499999999,0.11685664969780751,0.5594399999999999
13,Neck,13,14,No Fall,0.9286590789915955,0.139967876615955,2.98534,0.9286590789915955,0.139967876615955,2.98534,0.9286590789915955,0.139967876615955,2.98534,4.173852941176441,25.815212669198004,417.27000000000004,4.173852941176441,25.815212669198004,417.27000000000004,4.173852941176441,25.815212669198004,417.27000000000004,0.10605463749999994,0.06281326557703688,0.34985999999999995,0.10605463749999994,0.06281326557703688,0.34985999999999995,0.10605463749999994,0.06281326557703688,0.34985999999999995
13,Neck,13,15,No Fall,0.9473866941176475,0.10156003802520999,0.788852,0.9473866941176475,0.10156003802520999,0.788852,0.9473866941176475,0.10156003802520999,0.788852,7.87960294117648,15.405833924911379,105.91000000000001,7.87960294117648,15.405833924911379,105.91000000000001,7.87960294117648,15.405833924911379,105.91000000000001,-0.07838696249999991,0.097080585383021,0.4038999999999999,-0.07838696249999991,0.097080585383021,0.4038999999999999,-0.07838696249999991,0.097080585383021,0.4038999999999999
13,Neck,13,16,No Fall,0.9492828201680681,0.020284103405083156,0.2501000000000001,0.9492828201680681,0.020284103405083156,0.2501000000000001,0.9492828201680681,0.020284103405083156,0.2501000000000001,6.317941176470571,9.095584614043165,85.82000000000001,6.317941176470571,9.095584614043165,85.82000000000001,6.317941176470571,9.095584614043165,85.82000000000001,-0.16632839999999977,0.04681222740199891,0.24261999999999997,-0.16632839999999977,0.04681222740199891,0.24261999999999997,-0.16632839999999977,0.04681222740199891,0.24261999999999997
13,Neck,14,1,No Fall,0.9582240873949576,0.0990034970705452,0.8086160000000001,0.9582240873949576,0.0990034970705452,0.8086160000000001,0.9582240873949576,0.0990034970705452,0.8086160000000001,6.077279411764698,18.027039206850617,189.91000000000003,6.077279411764698,18.027039206850617,189.91000000000003,6.077279411764698,18.027039206850617,189.91000000000003,0.1785390249999999,0.06786304877411153,0.53606,0.1785390249999999,0.06786304877411153,0.53606,0.1785390249999999,0.06786304877411153,0.53606
13,Neck,14,2,No Fall,0.9525391949579842,0.05084086451582799,0.578036,0.9525391949579842,0.05084086451582799,0.578036,0.9525391949579842,0.05084086451582799,0.578036,5.5451470588235034,17.523361821242847,202.16000000000003,5.5451470588235034,17.523361821242847,202.16000000000003,5.5451470588235034,17.523361821242847,202.16000000000003,0.1473282124999999,0.0492233191564002,0.308,0.1473282124999999,0.0492233191564002,0.308,0.1473282124999999,0.0492233191564002,0.308
13,Neck,14,3,No Fall,0.9568985932773127,0.10824871410853337,0.789584,0.9568985932773127,0.10824871410853337,0.789584,0.9568985932773127,0.10824871410853337,0.789584,8.646044117647056,13.99177103496331,131.95000000000002,8.646044117647056,13.99177103496331,131.95000000000002,8.646044117647056,13.99177103496331,131.95000000000002,-0.03283411250000015,0.15125606299900377,0.42238,-0.03283411250000015,0.15125606299900377,0.42238,-0.03283411250000015,0.15125606299900377,0.42238
13,Neck,14,4,No Fall,0.9391429285714267,0.01947720352527269,0.2081320000000001,0.9391429285714267,0.01947720352527269,0.2081320000000001,0.9391429285714267,0.01947720352527269,0.2081320000000001,5.106926470588226,9.7412780405803,113.89000000000001,5.106926470588226,9.7412780405803,113.89000000000001,5.106926470588226,9.7412780405803,113.89000000000001,-0.14468002500000024,0.03618354749319943,0.24219999999999997,-0.14468002500000024,0.03618354749319943,0.24219999999999997,-0.14468002500000024,0.03618354749319943,0.24219999999999997
13,Neck,14,5,No Fall,0.9250963201680653,0.1226681212094748,0.8881600000000001,0.9250963201680653,0.1226681212094748,0.8881600000000001,0.9250963201680653,0.1226681212094748,0.8881600000000001,8.424220588235302,22.51488087354271,223.44000000000003,8.424220588235302,22.51488087354271,223.44000000000003,8.424220588235302,22.51488087354271,223.44000000000003,0.0991484374999998,0.1122474011658015,0.57456,0.0991484374999998,0.1122474011658015,0.57456,0.0991484374999998,0.1122474011658015,0.57456
13,Neck,14,6,No Fall,0.9403817924369792,0.045189963964418406,0.49117200000000005,0.9403817924369792,0.045189963964418406,0.49117200000000005,0.9403817924369792,0.045189963964418406,0.49117200000000005,5.663794117647044,17.271061192434146,195.02000000000004,5.663794117647044,17.271061192434146,195.02000000000004,5.663794117647044,17.271061192434146,195.02000000000004,0.11755975000000005,0.05866990253828967,0.33236,0.11755975000000005,0.05866990253828967,0.33236,0.11755975000000005,0.05866990253828967,0.33236
13,Neck,14,7,No Fall,0.9391898319327724,0.1003935956181135,0.7319999999999999,0.9391898319327724,0.1003935956181135,0.7319999999999999,0.9391898319327724,0.1003935956181135,0.7319999999999999,9.172352941176449,13.873874485656911,106.82000000000001,9.172352941176449,13.873874485656911,106.82000000000001,9.172352941176449,13.873874485656911,106.82000000000001,-0.005121725000000057,0.13064557153564582,0.36091999999999996,-0.005121725000000057,0.13064557153564582,0.36091999999999996,-0.005121725000000057,0.13064557153564582,0.36091999999999996
13,Neck,14,8,No Fall,0.9645559386554643,0.015630352238951366,0.21057199999999998,0.9645559386554643,0.015630352238951366,0.21057199999999998,0.9645559386554643,0.015630352238951366,0.21057199999999998,4.953514705882351,8.382026816029985,91.77000000000001,4.953514705882351,8.382026816029985,91.77000000000001,4.953514705882351,8.382026816029985,91.77000000000001,-0.17078075000000015,0.032648557159779386,0.19432,-0.17078075000000015,0.032648557159779386,0.19432,-0.17078075000000015,0.032648557159779386,0.19432
13,Neck,14,9,No Fall,0.9313569193277338,0.12911168882158272,0.894016,0.9313569193277338,0.12911168882158272,0.894016,0.9313569193277338,0.12911168882158272,0.894016,7.0488970588235444,20.837288641321337,179.62,7.0488970588235444,20.837288641321337,179.62,7.0488970588235444,20.837288641321337,179.62,0.08510661249999997,0.11429794075819268,0.56728,0.08510661249999997,0.11429794075819268,0.56728,0.08510661249999997,0.11429794075819268,0.56728
13,Neck,14,10,No Fall,0.9453788714285724,0.0541766184244906,0.7285840000000001,0.9453788714285724,0.0541766184244906,0.7285840000000001,0.9453788714285724,0.0541766184244906,0.7285840000000001,5.585705882352948,20.47237765640685,289.8,5.585705882352948,20.47237765640685,289.8,5.585705882352948,20.47237765640685,289.8,0.12228684999999967,0.05079066385948365,0.32353999999999994,0.12228684999999967,0.05079066385948365,0.32353999999999994,0.12228684999999967,0.05079066385948365,0.32353999999999994
13,Neck,14,11,No Fall,0.9425197142857148,0.11409890016020814,0.8823040000000001,0.9425197142857148,0.11409890016020814,0.8823040000000001,0.9425197142857148,0.11409890016020814,0.8823040000000001,8.505044117647037,13.735231991296887,115.29,8.505044117647037,13.735231991296887,115.29,8.505044117647037,13.735231991296887,115.29,-0.034886425,0.12182100573636115,0.39676,-0.034886425,0.12182100573636115,0.39676,-0.034886425,0.12182100573636115,0.39676
13,Neck,14,12,No Fall,0.9574442613445372,0.015838222752126478,0.18300000000000005,0.9574442613445372,0.015838222752126478,0.18300000000000005,0.9574442613445372,0.015838222752126478,0.18300000000000005,5.628632352941182,8.76965932093716,93.10000000000001,5.628632352941182,8.76965932093716,93.10000000000001,5.628632352941182,8.76965932093716,93.10000000000001,-0.17688903750000004,0.03158902182738649,0.21797999999999998,-0.17688903750000004,0.03158902182738649,0.21797999999999998,-0.17688903750000004,0.03158902182738649,0.21797999999999998
13,Neck,14,13,No Fall,0.9357913630252102,0.10511014221423169,0.9762439999999999,0.9357913630252102,0.10511014221423169,0.9762439999999999,0.9357913630252102,0.10511014221423169,0.9762439999999999,8.243558823529401,20.636108472173113,203.0,8.243558823529401,20.636108472173113,203.0,8.243558823529401,20.636108472173113,203.0,0.08812317500000004,0.11309533105354387,0.5947199999999999,0.08812317500000004,0.11309533105354387,0.5947199999999999,0.08812317500000004,0.11309533105354387,0.5947199999999999
13,Neck,14,14,No Fall,0.9398639588235309,0.04872007528119085,0.6419640000000001,0.9398639588235309,0.04872007528119085,0.6419640000000001,0.9398639588235309,0.04872007528119085,0.6419640000000001,5.821073529411739,17.503022017544296,202.65000000000003,5.821073529411739,17.503022017544296,202.65000000000003,5.821073529411739,17.503022017544296,202.65000000000003,0.12580583749999996,0.0554875836483762,0.33375999999999995,0.12580583749999996,0.0554875836483762,0.33375999999999995,0.12580583749999996,0.0554875836483762,0.33375999999999995
13,Neck,14,15,No Fall,0.940785417647058,0.11299842377978779,0.819352,0.940785417647058,0.11299842377978779,0.819352,0.940785417647058,0.11299842377978779,0.819352,4.735088235294109,13.841043184559627,132.58,4.735088235294109,13.841043184559627,132.58,4.735088235294109,13.841043184559627,132.58,-0.02587847500000005,0.12962507012313296,0.40137999999999996,-0.02587847500000005,0.12962507012313296,0.40137999999999996,-0.02587847500000005,0.12962507012313296,0.40137999999999996
13,Neck,14,16,No Fall,0.9512956663865546,0.01542102544776166,0.18324399999999996,0.9512956663865546,0.01542102544776166,0.18324399999999996,0.9512956663865546,0.01542102544776166,0.18324399999999996,5.179455882352941,9.10454397830538,101.43,5.179455882352941,9.10454397830538,101.43,5.179455882352941,9.10454397830538,101.43,-0.15801222500000017,0.0407022534504767,0.23519999999999996,-0.15801222500000017,0.0407022534504767,0.23519999999999996,-0.15801222500000017,0.0407022534504767,0.23519999999999996
13,Neck,15,1,No Fall,0.9510505899159659,0.19860165941315805,6.009475999999999,0.9510505899159659,0.19860165941315805,6.009475999999999,0.9510505899159659,0.19860165941315805,6.009475999999999,5.33575,18.88464587727739,259.98,5.33575,18.88464587727739,259.98,5.33575,18.88464587727739,259.98,0.13271571249999997,0.04627237620186529,0.29946,0.13271571249999997,0.04627237620186529,0.29946,0.13271571249999997,0.04627237620186529,0.29946
13,Neck,15,2,No Fall,0.9344065605042023,0.16502649215219256,4.891468,0.9344065605042023,0.16502649215219256,4.891468,0.9344065605042023,0.16502649215219256,4.891468,5.227470588235286,21.081739863009172,281.40000000000003,5.227470588235286,21.081739863009172,281.40000000000003,5.227470588235286,21.081739863009172,281.40000000000003,0.10788469999999988,0.06027515306250105,0.37015999999999993,0.10788469999999988,0.06027515306250105,0.37015999999999993,0.10788469999999988,0.06027515306250105,0.37015999999999993
13,Neck,15,3,No Fall,0.9373868974789905,0.15711943625590302,4.325144,0.9373868974789905,0.15711943625590302,4.325144,0.9373868974789905,0.15711943625590302,4.325144,5.563970588235257,19.391718908072242,288.05,5.563970588235257,19.391718908072242,288.05,5.563970588235257,19.391718908072242,288.05,0.10300753749999991,0.05168840025708657,0.3136,0.10300753749999991,0.05168840025708657,0.3136,0.10300753749999991,0.05168840025708657,0.3136
13,Neck,15,4,No Fall,0.928586289075629,0.14004588808073942,2.98534,0.928586289075629,0.14004588808073942,2.98534,0.928586289075629,0.14004588808073942,2.98534,4.1418088235293835,25.907595941928545,417.27000000000004,4.1418088235293835,25.907595941928545,417.27000000000004,4.1418088235293835,25.907595941928545,417.27000000000004,0.10617809999999993,0.06296494446940316,0.34985999999999995,0.10617809999999993,0.06296494446940316,0.34985999999999995,0.10617809999999993,0.06296494446940316,0.34985999999999995
13,Neck,16,1,No Fall,0.3759864689075607,0.5788139279614167,2.51564,0.3759864689075607,0.5788139279614167,2.51564,0.3759864689075607,0.5788139279614167,2.51564,3.8696176470588193,33.59468575113316,365.33000000000004,3.8696176470588193,33.59468575113316,365.33000000000004,3.8696176470588193,33.59468575113316,365.33000000000004,-0.15230328750000002,0.22498264954172384,0.8637999999999999,-0.15230328750000002,0.22498264954172384,0.8637999999999999,-0.15230328750000002,0.22498264954172384,0.8637999999999999
13,Neck,16,2,No Fall,0.48241726974789956,0.5306895929311202,1.479616,0.48241726974789956,0.5306895929311202,1.479616,0.48241726974789956,0.5306895929311202,1.479616,0.8568970588235314,22.83604423216668,228.48000000000002,0.8568970588235314,22.83604423216668,228.48000000000002,0.8568970588235314,22.83604423216668,228.48000000000002,-0.03729215000000013,0.27127435340469774,0.83944,-0.03729215000000013,0.27127435340469774,0.83944,-0.03729215000000013,0.27127435340469774,0.83944
13,Neck,16,3,No Fall,0.40168064285714233,0.5800701750605319,2.355576,0.40168064285714233,0.5800701750605319,2.355576,0.40168064285714233,0.5800701750605319,2.355576,2.988382352941172,31.482169150086257,360.43000000000006,2.988382352941172,31.482169150086257,360.43000000000006,2.988382352941172,31.482169150086257,360.43000000000006,-0.16761447500000004,0.2207364414201494,0.8520399999999999,-0.16761447500000004,0.2207364414201494,0.8520399999999999,-0.16761447500000004,0.2207364414201494,0.8520399999999999
13,Neck,16,4,No Fall,0.3625248966386565,0.6068158659934031,1.9027120000000002,0.3625248966386565,0.6068158659934031,1.9027120000000002,0.3625248966386565,0.6068158659934031,1.9027120000000002,3.6946470588235294,24.11537938329814,353.71000000000004,3.6946470588235294,24.11537938329814,353.71000000000004,3.6946470588235294,24.11537938329814,353.71000000000004,-0.042710675000000003,0.2854518962789088,0.84812,-0.042710675000000003,0.2854518962789088,0.84812,-0.042710675000000003,0.2854518962789088,0.84812
13,Neck,16,5,No Fall,0.35051707226890666,0.6073415943450536,1.8185319999999998,0.35051707226890666,0.6073415943450536,1.8185319999999998,0.35051707226890666,0.6073415943450536,1.8185319999999998,4.691088235294106,23.890561013936168,286.86,4.691088235294106,23.890561013936168,286.86,4.691088235294106,23.890561013936168,286.86,-0.1727702374999999,0.21371363719506906,0.8482599999999999,-0.1727702374999999,0.21371363719506906,0.8482599999999999,-0.1727702374999999,0.21371363719506906,0.8482599999999999
13,Neck,16,6,No Fall,0.40572530168067306,0.5499907817450698,2.036668,0.40572530168067306,0.5499907817450698,2.036668,0.40572530168067306,0.5499907817450698,2.036668,1.7951323529411738,31.29553991008358,440.09000000000003,1.7951323529411738,31.29553991008358,440.09000000000003,1.7951323529411738,31.29553991008358,440.09000000000003,-0.06991276249999996,0.28094491870197463,0.8831199999999999,-0.06991276249999996,0.28094491870197463,0.8831199999999999,-0.06991276249999996,0.28094491870197463,0.8831199999999999
13,Neck,16,7,No Fall,0.45085330672269014,0.5178315286737718,1.838052,0.45085330672269014,0.5178315286737718,1.838052,0.45085330672269014,0.5178315286737718,1.838052,6.18967647058822,21.769401830127467,322.14000000000004,6.18967647058822,21.769401830127467,322.14000000000004,6.18967647058822,21.769401830127467,322.14000000000004,-0.16686739999999986,0.21331097351960085,0.8246,-0.16686739999999986,0.21331097351960085,0.8246,-0.16686739999999986,0.21331097351960085,0.8246
13,Neck,17,1,No Fall,-0.20178036218487405,0.11777351614795452,0.98942,-0.20178036218487405,0.11777351614795452,0.98942,-0.20178036218487405,0.11777351614795452,0.98942,5.4621323529411745,11.741314854961946,156.45000000000002,5.4621323529411745,11.741314854961946,156.45000000000002,5.4621323529411745,11.741314854961946,156.45000000000002,-0.17806328750000006,0.16565057062129068,0.47725999999999996,-0.17806328750000006,0.16565057062129068,0.47725999999999996,-0.17806328750000006,0.16565057062129068,0.47725999999999996
13,Neck,17,2,No Fall,-0.1734645722689078,0.12097480435135638,1.09922,-0.1734645722689078,0.12097480435135638,1.09922,-0.1734645722689078,0.12097480435135638,1.09922,4.918249999999971,14.064083936413228,209.37000000000003,4.918249999999971,14.064083936413228,209.37000000000003,4.918249999999971,14.064083936413228,209.37000000000003,-0.22259142499999945,0.13194908172880568,0.48719999999999997,-0.22259142499999945,0.13194908172880568,0.48719999999999997,-0.22259142499999945,0.13194908172880568,0.48719999999999997
13,Neck,17,3,No Fall,-0.34418711764705917,0.09532839713875575,0.871568,-0.34418711764705917,0.09532839713875575,0.871568,-0.34418711764705917,0.09532839713875575,0.871568,3.9647058823529457,11.974685803919536,185.22000000000003,3.9647058823529457,11.974685803919536,185.22000000000003,3.9647058823529457,11.974685803919536,185.22000000000003,-0.2537276874999996,0.11144143019936696,0.36483999999999994,-0.2537276874999996,0.11144143019936696,0.36483999999999994,-0.2537276874999996,0.11144143019936696,0.36483999999999994
13,Neck,17,4,No Fall,-0.15649421848739514,0.16277006099751026,1.072868,-0.15649421848739514,0.16277006099751026,1.072868,-0.15649421848739514,0.16277006099751026,1.072868,5.448367647058785,15.567706403575153,199.36,5.448367647058785,15.567706403575153,199.36,5.448367647058785,15.567706403575153,199.36,-0.23191026250000032,0.11983543244059232,0.31836,-0.23191026250000032,0.11983543244059232,0.31836,-0.23191026250000032,0.11983543244059232,0.31836
13,Neck,17,5,No Fall,-0.1733996764705892,0.1531570033873391,0.69906,-0.1733996764705892,0.1531570033873391,0.69906,-0.1733996764705892,0.1531570033873391,0.69906,5.493308823529422,6.370187029245438,76.65,5.493308823529422,6.370187029245438,76.65,5.493308823529422,6.370187029245438,76.65,-0.20156456249999963,0.1609078173349052,0.378,-0.20156456249999963,0.1609078173349052,0.378,-0.20156456249999963,0.1609078173349052,0.378
13,Neck,17,6,No Fall,-0.26819716218487394,0.09635749411977705,1.087752,-0.26819716218487394,0.09635749411977705,1.087752,-0.26819716218487394,0.09635749411977705,1.087752,5.111014705882349,10.583795173620388,159.25000000000003,5.111014705882349,10.583795173620388,159.25000000000003,5.111014705882349,10.583795173620388,159.25000000000003,-0.2103919999999999,0.15140623927965477,0.44561999999999996,-0.2103919999999999,0.15140623927965477,0.44561999999999996,-0.2103919999999999,0.15140623927965477,0.44561999999999996
13,Neck,17,7,No Fall,0.018585828571428514,0.37330383338306977,1.555012,0.018585828571428514,0.37330383338306977,1.555012,0.018585828571428514,0.37330383338306977,1.555012,5.963647058823518,19.95986599276289,152.95000000000002,5.963647058823518,19.95986599276289,152.95000000000002,5.963647058823518,19.95986599276289,152.95000000000002,-0.11545747499999981,0.19930531298861645,0.6566,-0.11545747499999981,0.19930531298861645,0.6566,-0.11545747499999981,0.19930531298861645,0.6566
13,Neck,17,8,No Fall,-0.2026462546218489,0.3638933027339688,2.0754639999999998,-0.2026462546218489,0.3638933027339688,2.0754639999999998,-0.2026462546218489,0.3638933027339688,2.0754639999999998,8.586794117646889,21.901157838396937,215.04000000000002,8.586794117646889,21.901157838396937,215.04000000000002,8.586794117646889,21.901157838396937,215.04000000000002,0.06182531250000016,0.3512018722180065,0.8010799999999999,0.06182531250000016,0.3512018722180065,0.8010799999999999,0.06182531250000016,0.3512018722180065,0.8010799999999999
13,Neck,18,1,No Fall,0.48997609243697365,0.5487451172799543,1.85684,0.48997609243697365,0.5487451172799543,1.85684,0.48997609243697365,0.5487451172799543,1.85684,9.337647058823531,30.77813580092761,283.22,9.337647058823531,30.77813580092761,283.22,9.337647058823531,30.77813580092761,283.22,0.08871196250000009,0.13569416957973846,0.53592,0.08871196250000009,0.13569416957973846,0.53592,0.08871196250000009,0.13569416957973846,0.53592
13,Neck,18,2,No Fall,0.4923345369747905,0.487267730215965,1.362984,0.4923345369747905,0.487267730215965,1.362984,0.4923345369747905,0.487267730215965,1.362984,8.977176470588335,24.902830230487815,235.62,8.977176470588335,24.902830230487815,235.62,8.977176470588335,24.902830230487815,235.62,0.08753578749999999,0.17038466175570446,0.58576,0.08753578749999999,0.17038466175570446,0.58576,0.08753578749999999,0.17038466175570446,0.58576
13,Neck,18,3,No Fall,0.35673630420168073,0.6671797559205336,2.5922560000000003,0.35673630420168073,0.6671797559205336,2.5922560000000003,0.35673630420168073,0.6671797559205336,2.5922560000000003,9.932117647058831,30.827935042044647,405.72,9.932117647058831,30.827935042044647,405.72,9.932117647058831,30.827935042044647,405.72,0.024674124999999845,0.18176130619098235,0.6981799999999999,0.024674124999999845,0.18176130619098235,0.6981799999999999,0.024674124999999845,0.18176130619098235,0.6981799999999999
13,Neck,18,4,No Fall,0.5140631983193293,0.49002094224215215,1.717028,0.5140631983193293,0.49002094224215215,1.717028,0.5140631983193293,0.49002094224215215,1.717028,8.651867647058832,29.574719160568254,444.01000000000005,8.651867647058832,29.574719160568254,444.01000000000005,8.651867647058832,29.574719160568254,444.01000000000005,0.04720047500000007,0.15684814003733075,0.64932,0.04720047500000007,0.15684814003733075,0.64932,0.04720047500000007,0.15684814003733075,0.64932
13,Neck,18,5,No Fall,0.5327723084033619,0.4760181565097172,1.5750199999999999,0.5327723084033619,0.4760181565097172,1.5750199999999999,0.5327723084033619,0.4760181565097172,1.5750199999999999,9.448926470588209,26.224915195572603,243.67000000000002,9.448926470588209,26.224915195572603,243.67000000000002,9.448926470588209,26.224915195572603,243.67000000000002,0.0674473625,0.13458640124161156,0.5689599999999999,0.0674473625,0.13458640124161156,0.5689599999999999,0.0674473625,0.13458640124161156,0.5689599999999999
13,Neck,18,6,No Fall,0.4052706722689072,0.5922829813757904,1.4415519999999997,0.4052706722689072,0.5922829813757904,1.4415519999999997,0.4052706722689072,0.5922829813757904,1.4415519999999997,8.643500000000053,23.91591466838137,202.09000000000003,8.643500000000053,23.91591466838137,202.09000000000003,8.643500000000053,23.91591466838137,202.09000000000003,0.08681758750000002,0.1441094836052455,0.5658799999999999,0.08681758750000002,0.1441094836052455,0.5658799999999999,0.08681758750000002,0.1441094836052455,0.5658799999999999
13,Neck,18,7,No Fall,0.43083823277310934,0.6110232462218671,1.882704,0.43083823277310934,0.6110232462218671,1.882704,0.43083823277310934,0.6110232462218671,1.882704,9.912514705882392,25.25079684548582,243.39000000000004,9.912514705882392,25.25079684548582,243.39000000000004,9.912514705882392,25.25079684548582,243.39000000000004,0.05063056250000002,0.15041908014603259,0.5765199999999999,0.05063056250000002,0.15041908014603259,0.5765199999999999,0.05063056250000002,0.15041908014603259,0.5765199999999999
13,Neck,18,8,No Fall,0.3737208571428574,0.6380536916594793,1.750212,0.3737208571428574,0.6380536916594793,1.750212,0.3737208571428574,0.6380536916594793,1.750212,7.527485294117644,22.824723166869887,253.19,7.527485294117644,22.824723166869887,253.19,7.527485294117644,22.824723166869887,253.19,0.2494651249999998,0.12223875778338347,0.3781399999999999,0.2494651249999998,0.12223875778338347,0.3781399999999999,0.2494651249999998,0.12223875778338347,0.3781399999999999
13,Neck,19,2,No Fall,0.9693971857142846,0.21117505997979297,1.31516,0.9693971857142846,0.21117505997979297,1.31516,0.9693971857142846,0.21117505997979297,1.31516,5.888132352941172,6.559386004542742,58.52000000000001,5.888132352941172,6.559386004542742,58.52000000000001,5.888132352941172,6.559386004542742,58.52000000000001,0.07998952499999998,0.025008847330542393,0.10962,0.07998952499999998,0.025008847330542393,0.10962,0.07998952499999998,0.025008847330542393,0.10962
13,Neck,19,4,No Fall,0.9741583638655487,0.30620210270053866,1.791936,0.9741583638655487,0.30620210270053866,1.791936,0.9741583638655487,0.30620210270053866,1.791936,5.586470588235317,7.824675753162369,73.22,5.586470588235317,7.824675753162369,73.22,5.586470588235317,7.824675753162369,73.22,-0.10888596249999996,0.05741564842554832,0.20706,-0.10888596249999996,0.05741564842554832,0.20706,-0.10888596249999996,0.05741564842554832,0.20706
13,Neck,19,5,No Fall,0.9687229050420181,0.19511342507683135,1.240008,0.9687229050420181,0.19511342507683135,1.240008,0.9687229050420181,0.19511342507683135,1.240008,5.897176470588219,7.631413306786417,79.38000000000001,5.897176470588219,7.631413306786417,79.38000000000001,5.897176470588219,7.631413306786417,79.38000000000001,-0.05742091250000003,0.0402885697866281,0.18732,-0.05742091250000003,0.0402885697866281,0.18732,-0.05742091250000003,0.0402885697866281,0.18732
13,Neck,20,1,No Fall,0.9732448504201704,0.17511292474884096,0.8142280000000001,0.9732448504201704,0.17511292474884096,0.8142280000000001,0.9732448504201704,0.17511292474884096,0.8142280000000001,5.719455882352925,6.528715333864697,43.61,5.719455882352925,6.528715333864697,43.61,5.719455882352925,6.528715333864697,43.61,-0.021504787500000018,0.04548679121392472,0.18466,-0.021504787500000018,0.04548679121392472,0.18466,-0.021504787500000018,0.04548679121392472,0.18466
13,Neck,20,2,No Fall,0.9767657806722703,0.28501647579804745,1.233176,0.9767657806722703,0.28501647579804745,1.233176,0.9767657806722703,0.28501647579804745,1.233176,5.650323529411755,8.940460456800283,55.370000000000005,5.650323529411755,8.940460456800283,55.370000000000005,5.650323529411755,8.940460456800283,55.370000000000005,0.062171812500000014,0.04336155373633262,0.20677999999999996,0.062171812500000014,0.04336155373633262,0.20677999999999996,0.062171812500000014,0.04336155373633262,0.20677999999999996
13,Neck,20,4,No Fall,0.9775168495798354,0.43369844342945907,1.791936,0.9775168495798354,0.43369844342945907,1.791936,0.9775168495798354,0.43369844342945907,1.791936,5.802249999999992,11.855173326807023,76.23000000000002,5.802249999999992,11.855173326807023,76.23000000000002,5.802249999999992,11.855173326807023,76.23000000000002,0.023262662499999996,0.06207098985052697,0.23506,0.023262662499999996,0.06207098985052697,0.23506,0.023262662499999996,0.06207098985052697,0.23506
13,Neck,20,6,No Fall,0.975071159663867,0.3570053413691994,1.4898639999999999,0.975071159663867,0.3570053413691994,1.4898639999999999,0.975071159663867,0.3570053413691994,1.4898639999999999,5.365088235294132,10.344491850947868,71.75000000000001,5.365088235294132,10.344491850947868,71.75000000000001,5.365088235294132,10.344491850947868,71.75000000000001,-0.018760175000000018,0.03921370804681842,0.22749999999999998,-0.018760175000000018,0.03921370804681842,0.22749999999999998,-0.018760175000000018,0.03921370804681842,0.22749999999999998
13,Neck,21,4,No Fall,0.9704804739495835,0.28492630440511985,1.65676,0.9704804739495835,0.28492630440511985,1.65676,0.9704804739495835,0.28492630440511985,1.65676,5.050647058823533,9.152225612604733,75.60000000000001,5.050647058823533,9.152225612604733,75.60000000000001,5.050647058823533,9.152225612604733,75.60000000000001,0.11246226250000019,0.023578222494307924,0.16086,0.11246226250000019,0.023578222494307924,0.16086,0.11246226250000019,0.023578222494307924,0.16086
13,Neck,21,5,No Fall,0.9718496932773121,0.1733778661217859,1.02846,0.9718496932773121,0.1733778661217859,1.02846,0.9718496932773121,0.1733778661217859,1.02846,5.314808823529418,6.677254054752593,51.730000000000004,5.314808823529418,6.677254054752593,51.730000000000004,5.314808823529418,6.677254054752593,51.730000000000004,-0.10226370000000003,0.035676577739246366,0.16379999999999997,-0.10226370000000003,0.035676577739246366,0.16379999999999997,-0.10226370000000003,0.035676577739246366,0.16379999999999997
13,Neck,21,6,No Fall,0.9708586739495801,0.2549859788720225,1.6716440000000001,0.9708586739495801,0.2549859788720225,1.6716440000000001,0.9708586739495801,0.2549859788720225,1.6716440000000001,5.136455882352946,7.920068982641215,62.790000000000006,5.136455882352946,7.920068982641215,62.790000000000006,5.136455882352946,7.920068982641215,62.790000000000006,0.10155171249999985,0.028940645495019342,0.18214,0.10155171249999985,0.028940645495019342,0.18214,0.10155171249999985,0.028940645495019342,0.18214
13,Neck,22,1,No Fall,0.9714804126050388,0.4520433484270091,1.821704,0.9714804126050388,0.4520433484270091,1.821704,0.9714804126050388,0.4520433484270091,1.821704,6.480573529411776,14.315215205154301,94.5,6.480573529411776,14.315215205154301,94.5,6.480573529411776,14.315215205154301,94.5,-0.01798028750000001,0.04147793439973399,0.19838,-0.01798028750000001,0.04147793439973399,0.19838,-0.01798028750000001,0.04147793439973399,0.19838
13,Neck,22,3,No Fall,0.9697808193277301,0.43805519602899506,1.9019799999999998,0.9697808193277301,0.43805519602899506,1.9019799999999998,0.9697808193277301,0.43805519602899506,1.9019799999999998,5.12275000000001,11.862215786908587,72.24000000000001,5.12275000000001,11.862215786908587,72.24000000000001,5.12275000000001,11.862215786908587,72.24000000000001,0.1779355375000003,0.04268597521594397,0.18941999999999998,0.1779355375000003,0.04268597521594397,0.18941999999999998,0.1779355375000003,0.04268597521594397,0.18941999999999998
13,Neck,23,1,No Fall,0.9502136084033622,0.32686186139484985,3.485052,0.9502136084033622,0.32686186139484985,3.485052,0.9502136084033622,0.32686186139484985,3.485052,6.2631617647058855,48.055749530046995,707.4200000000001,6.2631617647058855,48.055749530046995,707.4200000000001,6.2631617647058855,48.055749530046995,707.4200000000001,0.16788756249999998,0.08042623035203755,0.41985999999999996,0.16788756249999998,0.08042623035203755,0.41985999999999996,0.16788756249999998,0.08042623035203755,0.41985999999999996
13,Neck,24,2,No Fall,0.9698613495798365,1.2826368378921242,4.895128,0.9698613495798365,1.2826368378921242,4.895128,0.9698613495798365,1.2826368378921242,4.895128,8.270441176470566,35.30936189301907,201.53000000000003,8.270441176470566,35.30936189301907,201.53000000000003,8.270441176470566,35.30936189301907,201.53000000000003,0.15860976250000006,0.06863506924962191,0.32647999999999994,0.15860976250000006,0.06863506924962191,0.32647999999999994,0.15860976250000006,0.06863506924962191,0.32647999999999994
13,Neck,24,3,No Fall,0.9757570764705884,1.3270183984693251,4.934412,0.9757570764705884,1.3270183984693251,4.934412,0.9757570764705884,1.3270183984693251,4.934412,8.383294117647047,41.90180100388081,225.33,8.383294117647047,41.90180100388081,225.33,8.383294117647047,41.90180100388081,225.33,0.08373207500000002,0.08679142628158529,0.36623999999999995,0.08373207500000002,0.08679142628158529,0.36623999999999995,0.08373207500000002,0.08679142628158529,0.36623999999999995
13,Neck,26,1,No Fall,0.9651583008403384,0.12605931651547977,2.042768,0.9651583008403384,0.12605931651547977,2.042768,0.9651583008403384,0.12605931651547977,2.042768,5.628441176470581,4.683067962096932,80.71000000000001,5.628441176470581,4.683067962096932,80.71000000000001,5.628441176470581,4.683067962096932,80.71000000000001,0.13055944999999983,0.011695992533698988,0.08651999999999999,0.13055944999999983,0.011695992533698988,0.08651999999999999,0.13055944999999983,0.011695992533698988,0.08651999999999999
13,Neck,26,2,No Fall,0.9633944268907569,0.2098062995101454,3.2208,0.9633944268907569,0.2098062995101454,3.2208,0.9633944268907569,0.2098062995101454,3.2208,4.993441176470589,12.495442516377153,190.26000000000002,4.993441176470589,12.495442516377153,190.26000000000002,4.993441176470589,12.495442516377153,190.26000000000002,0.06806205000000004,0.13135344380638583,0.39521999999999996,0.06806205000000004,0.13135344380638583,0.39521999999999996,0.06806205000000004,0.13135344380638583,0.39521999999999996
13,Neck,26,3,No Fall,0.9648564789915961,0.181090853505291,3.05,0.9648564789915961,0.181090853505291,3.05,0.9648564789915961,0.181090853505291,3.05,5.58836764705884,6.730302904295687,140.63000000000002,5.58836764705884,6.730302904295687,140.63000000000002,5.58836764705884,6.730302904295687,140.63000000000002,0.11631786249999987,0.01183646652905871,0.09548,0.11631786249999987,0.01183646652905871,0.09548,0.11631786249999987,0.01183646652905871,0.09548
13,Neck,26,4,No Fall,0.9735732764705912,0.22379046513371972,3.470656,0.9735732764705912,0.22379046513371972,3.470656,0.9735732764705912,0.22379046513371972,3.470656,5.985735294117643,12.424602964297861,230.44000000000003,5.985735294117643,12.424602964297861,230.44000000000003,5.985735294117643,12.424602964297861,230.44000000000003,0.06523492499999994,0.1381616558862034,0.39801999999999993,0.06523492499999994,0.1381616558862034,0.39801999999999993,0.06523492499999994,0.1381616558862034,0.39801999999999993
13,Neck,27,1,No Fall,0.9630512890756311,0.3633553562797369,7.7870159999999995,0.9630512890756311,0.3633553562797369,7.7870159999999995,0.9630512890756311,0.3633553562797369,7.7870159999999995,5.584794117647055,22.418119351710743,640.5,5.584794117647055,22.418119351710743,640.5,5.584794117647055,22.418119351710743,640.5,0.14537643750000012,0.025717741355849484,0.25732,0.14537643750000012,0.025717741355849484,0.25732,0.14537643750000012,0.025717741355849484,0.25732
13,Neck,27,2,No Fall,0.9682854991596619,0.3980888854059685,8.213284,0.9682854991596619,0.3980888854059685,8.213284,0.9682854991596619,0.3980888854059685,8.213284,5.035176470588249,23.546364308038456,693.3500000000001,5.035176470588249,23.546364308038456,693.3500000000001,5.035176470588249,23.546364308038456,693.3500000000001,0.04996477500000004,0.1365691316001374,0.37995999999999996,0.04996477500000004,0.1365691316001374,0.37995999999999996,0.04996477500000004,0.1365691316001374,0.37995999999999996
13,Neck,27,3,No Fall,0.9673567100840351,0.3977150187601156,8.37896,0.9673567100840351,0.3977150187601156,8.37896,0.9673567100840351,0.3977150187601156,8.37896,5.5179852941176515,19.654724631288737,647.57,5.5179852941176515,19.654724631288737,647.57,5.5179852941176515,19.654724631288737,647.57,0.12340317499999998,0.016293408940540655,0.15525999999999998,0.12340317499999998,0.016293408940540655,0.15525999999999998,0.12340317499999998,0.016293408940540655,0.15525999999999998
13,Neck,27,4,No Fall,0.9702615403361351,0.4297136777854053,8.31674,0.9702615403361351,0.4297136777854053,8.31674,0.9702615403361351,0.4297136777854053,8.31674,5.617617647058839,21.76800037438541,487.69000000000005,5.617617647058839,21.76800037438541,487.69000000000005,5.617617647058839,21.76800037438541,487.69000000000005,0.03852686249999999,0.14164529172575294,0.3851399999999999,0.03852686249999999,0.14164529172575294,0.3851399999999999,0.03852686249999999,0.14164529172575294,0.3851399999999999
13,Neck,28,1,No Fall,0.8713623428571429,0.21156823124138918,1.022116,0.8713623428571429,0.21156823124138918,1.022116,0.8713623428571429,0.21156823124138918,1.022116,5.744735294117645,19.6705141063556,161.49,5.744735294117645,19.6705141063556,161.49,5.744735294117645,19.6705141063556,161.49,0.18851682499999955,0.06495133850547577,0.2655799999999999,0.18851682499999955,0.06495133850547577,0.2655799999999999,0.18851682499999955,0.06495133850547577,0.2655799999999999
13,Neck,28,2,No Fall,0.884701299999998,0.27449347753777903,1.569164,0.884701299999998,0.27449347753777903,1.569164,0.884701299999998,0.27449347753777903,1.569164,4.974029411764686,26.445397670212454,217.21000000000004,4.974029411764686,26.445397670212454,217.21000000000004,4.974029411764686,26.445397670212454,217.21000000000004,0.07415651249999994,0.15120333217517193,0.5005,0.07415651249999994,0.15120333217517193,0.5005,0.07415651249999994,0.15120333217517193,0.5005
13,Neck,28,3,No Fall,0.8845608462184893,0.2529079672276137,1.266116,0.8845608462184893,0.2529079672276137,1.266116,0.8845608462184893,0.2529079672276137,1.266116,5.917102941176472,27.726724819307783,239.75000000000003,5.917102941176472,27.726724819307783,239.75000000000003,5.917102941176472,27.726724819307783,239.75000000000003,0.16540667500000011,0.06526397855061032,0.32816,0.16540667500000011,0.06526397855061032,0.32816,0.16540667500000011,0.06526397855061032,0.32816
13,Neck,28,4,No Fall,0.8926217655462194,0.27599429945320286,1.62992,0.8926217655462194,0.27599429945320286,1.62992,0.8926217655462194,0.27599429945320286,1.62992,3.7770294117646905,30.257785126264572,291.34000000000003,3.7770294117646905,30.257785126264572,291.34000000000003,3.7770294117646905,30.257785126264572,291.34000000000003,0.07868131249999982,0.1652693456600818,0.5835199999999999,0.07868131249999982,0.1652693456600818,0.5835199999999999,0.07868131249999982,0.1652693456600818,0.5835199999999999
13,Neck,29,1,No Fall,0.9626974890756292,0.1655096245870426,1.1058080000000001,0.9626974890756292,0.1655096245870426,1.1058080000000001,0.9626974890756292,0.1655096245870426,1.1058080000000001,7.336838235294127,8.566390446732326,71.82000000000001,7.336838235294127,8.566390446732326,71.82000000000001,7.336838235294127,8.566390446732326,71.82000000000001,-0.027145124999999878,0.07634555108004297,0.30043999999999993,-0.027145124999999878,0.07634555108004297,0.30043999999999993,-0.027145124999999878,0.07634555108004297,0.30043999999999993
13,Neck,29,2,No Fall,0.9546973647058811,0.19110568957775867,1.2502559999999998,0.9546973647058811,0.19110568957775867,1.2502559999999998,0.9546973647058811,0.19110568957775867,1.2502559999999998,7.752691176470595,10.855472775695594,74.9,7.752691176470595,10.855472775695594,74.9,7.752691176470595,10.855472775695594,74.9,-0.004864999999999997,0.07479303641004718,0.26852,-0.004864999999999997,0.07479303641004718,0.26852,-0.004864999999999997,0.07479303641004718,0.26852
13,Neck,30,1,No Fall,0.9566054857142863,0.2597296445810006,1.19072,0.9566054857142863,0.2597296445810006,1.19072,0.9566054857142863,0.2597296445810006,1.19072,8.97216176470586,13.1617028178915,91.28,8.97216176470586,13.1617028178915,91.28,8.97216176470586,13.1617028178915,91.28,0.06313886249999999,0.09311832016808194,0.4074,0.06313886249999999,0.09311832016808194,0.4074,0.06313886249999999,0.09311832016808194,0.4074
13,Neck,30,2,No Fall,0.9509288462184914,0.255564368540642,1.250988,0.9509288462184914,0.255564368540642,1.250988,0.9509288462184914,0.255564368540642,1.250988,10.791485294117651,14.532720162671994,87.29,10.791485294117651,14.532720162671994,87.29,10.791485294117651,14.532720162671994,87.29,0.03691397499999996,0.10471208214810632,0.40291999999999994,0.03691397499999996,0.10471208214810632,0.40291999999999994,0.03691397499999996,0.10471208214810632,0.40291999999999994
13,Neck,31,1,No Fall,0.9574516941176497,0.15083422430139343,0.946232,0.9574516941176497,0.15083422430139343,0.946232,0.9574516941176497,0.15083422430139343,0.946232,8.525205882352973,11.86793577495091,96.39000000000001,8.525205882352973,11.86793577495091,96.39000000000001,8.525205882352973,11.86793577495091,96.39000000000001,-0.0362478375,0.0910406116765075,0.36497999999999997,-0.0362478375,0.0910406116765075,0.36497999999999997,-0.0362478375,0.0910406116765075,0.36497999999999997
13,Neck,31,2,No Fall,0.9550479352941174,0.16178454614599427,1.105564,0.9550479352941174,0.16178454614599427,1.105564,0.9550479352941174,0.16178454614599427,1.105564,8.316823529411758,11.113879518873038,95.20000000000002,8.316823529411758,11.113879518873038,95.20000000000002,8.316823529411758,11.113879518873038,95.20000000000002,0.1157246125,0.07311719479769625,0.39368,0.1157246125,0.07311719479769625,0.39368,0.1157246125,0.07311719479769625,0.39368
13,Neck,32,1,No Fall,0.9625033655462187,0.27239717335754166,2.400716,0.9625033655462187,0.27239717335754166,2.400716,0.9625033655462187,0.27239717335754166,2.400716,3.7239411764705856,9.8268481359669,87.57000000000001,3.7239411764705856,9.8268481359669,87.57000000000001,3.7239411764705856,9.8268481359669,87.57000000000001,-0.04172411250000002,0.0873379018182891,0.35812,-0.04172411250000002,0.0873379018182891,0.35812,-0.04172411250000002,0.0873379018182891,0.35812
13,Neck,32,2,No Fall,0.9592727235294102,0.24380989849705278,1.9900639999999998,0.9592727235294102,0.24380989849705278,1.9900639999999998,0.9592727235294102,0.24380989849705278,1.9900639999999998,3.7575294117647298,10.559372855678955,102.06,3.7575294117647298,10.559372855678955,102.06,3.7575294117647298,10.559372855678955,102.06,0.05252747500000007,0.1166110620009417,0.35882,0.05252747500000007,0.1166110620009417,0.35882,0.05252747500000007,0.1166110620009417,0.35882
13,Neck,33,1,No Fall,0.9657345714285706,0.37247276784703803,2.2960399999999996,0.9657345714285706,0.37247276784703803,2.2960399999999996,0.9657345714285706,0.37247276784703803,2.2960399999999996,1.984808823529421,12.734707352113999,97.44000000000001,1.984808823529421,12.734707352113999,97.44000000000001,1.984808823529421,12.734707352113999,97.44000000000001,-0.026556949999999996,0.08560849924021181,0.37995999999999996,-0.026556949999999996,0.08560849924021181,0.37995999999999996,-0.026556949999999996,0.08560849924021181,0.37995999999999996
13,Neck,33,2,No Fall,0.9716484445378152,0.35474428201279196,2.202588,0.9716484445378152,0.35474428201279196,2.202588,0.9716484445378152,0.35474428201279196,2.202588,5.5917794117647,14.719593909049163,101.99000000000001,5.5917794117647,14.719593909049163,101.99000000000001,5.5917794117647,14.719593909049163,101.99000000000001,-0.0030952249999999897,0.09411911183286313,0.45149999999999996,-0.0030952249999999897,0.09411911183286313,0.45149999999999996,-0.0030952249999999897,0.09411911183286313,0.45149999999999996
13,Neck,34,1,No Fall,0.9690206260504195,0.2615929926087659,2.023736,0.9690206260504195,0.2615929926087659,2.023736,0.9690206260504195,0.2615929926087659,2.023736,2.773617647058829,10.499167922524835,81.34,2.773617647058829,10.499167922524835,81.34,2.773617647058829,10.499167922524835,81.34,0.029472712499999994,0.08814226902221818,0.40908,0.029472712499999994,0.08814226902221818,0.40908,0.029472712499999994,0.08814226902221818,0.40908
13,Neck,34,2,No Fall,0.9686602647058845,0.2533463262656587,1.9463880000000002,0.9686602647058845,0.2533463262656587,1.9463880000000002,0.9686602647058845,0.2533463262656587,1.9463880000000002,3.8414705882352935,8.798888916584646,62.72000000000001,3.8414705882352935,8.798888916584646,62.72000000000001,3.8414705882352935,8.798888916584646,62.72000000000001,0.0011601625000000244,0.0841772548323955,0.33137999999999995,0.0011601625000000244,0.0841772548323955,0.33137999999999995,0.0011601625000000244,0.0841772548323955,0.33137999999999995
13,Neck,35,1,No Fall,0.9604518689075601,0.9820119151240427,4.634048,0.9604518689075601,0.9820119151240427,4.634048,0.9604518689075601,0.9820119151240427,4.634048,9.943941176470597,39.1878669617616,312.34000000000003,9.943941176470597,39.1878669617616,312.34000000000003,9.943941176470597,39.1878669617616,312.34000000000003,0.03296580000000004,0.09754218810031441,0.39718,0.03296580000000004,0.09754218810031441,0.39718,0.03296580000000004,0.09754218810031441,0.39718
13,Neck,35,2,No Fall,0.9557065302521017,1.0570730802854178,5.48024,0.9557065302521017,1.0570730802854178,5.48024,0.9557065302521017,1.0570730802854178,5.48024,10.87357352941176,45.04251917165965,452.97,10.87357352941176,45.04251917165965,452.97,10.87357352941176,45.04251917165965,452.97,0.028476962499999946,0.10719582137891047,0.48929999999999996,0.028476962499999946,0.10719582137891047,0.48929999999999996,0.028476962499999946,0.10719582137891047,0.48929999999999996
13,Neck,36,1,No Fall,0.9797226915966365,0.5598887613729736,3.9740279999999997,0.9797226915966365,0.5598887613729736,3.9740279999999997,0.9797226915966365,0.5598887613729736,3.9740279999999997,-1.919,25.502343619317585,207.97000000000003,-1.919,25.502343619317585,207.97000000000003,-1.919,25.502343619317585,207.97000000000003,0.013777750000000004,0.09863328588826237,0.39718,0.013777750000000004,0.09863328588826237,0.39718,0.013777750000000004,0.09863328588826237,0.39718
13,Neck,36,2,No Fall,0.983843267226888,0.7206813417209054,5.1159479999999995,0.983843267226888,0.7206813417209054,5.1159479999999995,0.983843267226888,0.7206813417209054,5.1159479999999995,-2.800338235294118,29.99026414605592,247.66000000000003,-2.800338235294118,29.99026414605592,247.66000000000003,-2.800338235294118,29.99026414605592,247.66000000000003,0.010477075000000004,0.09506246169339864,0.40277999999999997,0.010477075000000004,0.09506246169339864,0.40277999999999997,0.010477075000000004,0.09506246169339864,0.40277999999999997
13,Neck,37,1,No Fall,0.9656175436974798,0.03183828268326604,0.3491639999999999,0.9656175436974798,0.03183828268326604,0.3491639999999999,0.9656175436974798,0.03183828268326604,0.3491639999999999,6.323441176470598,6.052957443123526,47.53,6.323441176470598,6.052957443123526,47.53,6.323441176470598,6.052957443123526,47.53,-0.033632199999999994,0.028982235384627086,0.14462,-0.033632199999999994,0.028982235384627086,0.14462,-0.033632199999999994,0.028982235384627086,0.14462
13,Neck,37,2,No Fall,0.9680754336134497,0.0428777083323076,0.4675039999999999,0.9680754336134497,0.0428777083323076,0.4675039999999999,0.9680754336134497,0.0428777083323076,0.4675039999999999,6.316794117647075,8.80932767124609,67.13000000000001,6.316794117647075,8.80932767124609,67.13000000000001,6.316794117647075,8.80932767124609,67.13000000000001,-0.030986900000000005,0.04369669540861781,0.25536,-0.030986900000000005,0.04369669540861781,0.25536,-0.030986900000000005,0.04369669540861781,0.25536
13,Neck,38,1,No Fall,0.9558934773109234,0.03761938639657367,0.37283200000000005,0.9558934773109234,0.03761938639657367,0.37283200000000005,0.9558934773109234,0.03761938639657367,0.37283200000000005,5.6600000000000135,6.067570274460071,58.03,5.6600000000000135,6.067570274460071,58.03,5.6600000000000135,6.067570274460071,58.03,-0.019910187499999996,0.04331492733800071,0.17906,-0.019910187499999996,0.04331492733800071,0.17906,-0.019910187499999996,0.04331492733800071,0.17906
13,Neck,38,2,No Fall,0.9630511865546212,0.0364071788885501,0.403332,0.9630511865546212,0.0364071788885501,0.403332,0.9630511865546212,0.0364071788885501,0.403332,5.337867647058827,5.7261769103053926,52.78,5.337867647058827,5.7261769103053926,52.78,5.337867647058827,5.7261769103053926,52.78,-0.04253296249999999,0.04415000241131553,0.19054,-0.04253296249999999,0.04415000241131553,0.19054,-0.04253296249999999,0.04415000241131553,0.19054
13,Neck,39,1,No Fall,0.9530976781512597,0.03624893474220633,0.550952,0.9530976781512597,0.03624893474220633,0.550952,0.9530976781512597,0.03624893474220633,0.550952,7.13747058823527,6.930439084938288,74.62,7.13747058823527,6.930439084938288,74.62,7.13747058823527,6.930439084938288,74.62,-0.0060836999999999905,0.04530543095597182,0.23197999999999996,-0.0060836999999999905,0.04530543095597182,0.23197999999999996,-0.0060836999999999905,0.04530543095597182,0.23197999999999996
13,Neck,39,2,No Fall,0.9644123067226915,0.05412448040806285,0.8454599999999999,0.9644123067226915,0.05412448040806285,0.8454599999999999,0.9644123067226915,0.05412448040806285,0.8454599999999999,5.355926470588233,10.063363966862028,136.78000000000003,5.355926470588233,10.063363966862028,136.78000000000003,5.355926470588233,10.063363966862028,136.78000000000003,-0.018095787499999988,0.024417126992368372,0.12823999999999997,-0.018095787499999988,0.024417126992368372,0.12823999999999997,-0.018095787499999988,0.024417126992368372,0.12823999999999997
13,Neck,40,1,No Fall,0.9638052285714294,0.037190932297002946,0.6258600000000001,0.9638052285714294,0.037190932297002946,0.6258600000000001,0.9638052285714294,0.037190932297002946,0.6258600000000001,5.67954411764705,4.949487286390083,51.730000000000004,5.67954411764705,4.949487286390083,51.730000000000004,5.67954411764705,4.949487286390083,51.730000000000004,-0.04460006249999992,0.02705928322686252,0.13047999999999998,-0.04460006249999992,0.02705928322686252,0.13047999999999998,-0.04460006249999992,0.02705928322686252,0.13047999999999998
13,Neck,40,2,No Fall,0.974156262184876,0.034579015313064856,0.535092,0.974156262184876,0.034579015313064856,0.535092,0.974156262184876,0.034579015313064856,0.535092,5.079558823529436,4.21288488435904,39.13,5.079558823529436,4.21288488435904,39.13,5.079558823529436,4.21288488435904,39.13,-0.04366013750000003,0.05500818416776259,0.19445999999999997,-0.04366013750000003,0.05500818416776259,0.19445999999999997,-0.04366013750000003,0.05500818416776259,0.19445999999999997
13,Neck,43,2,No Fall,0.9705509571428564,0.8540094638917048,4.7687360000000005,0.9705509571428564,0.8540094638917048,4.7687360000000005,0.9705509571428564,0.8540094638917048,4.7687360000000005,6.983117647058825,23.32378508047008,210.63,6.983117647058825,23.32378508047008,210.63,6.983117647058825,23.32378508047008,210.63,-0.002750737500000018,0.06712822871853467,0.27355999999999997,-0.002750737500000018,0.06712822871853467,0.27355999999999997,-0.002750737500000018,0.06712822871853467,0.27355999999999997
13,Neck,44,1,No Fall,0.9653847697479006,0.868735867083009,5.256736,0.9653847697479006,0.868735867083009,5.256736,0.9653847697479006,0.868735867083009,5.256736,5.462455882352932,23.673279936156746,203.56000000000003,5.462455882352932,23.673279936156746,203.56000000000003,5.462455882352932,23.673279936156746,203.56000000000003,0.14566641250000012,0.03228028104695092,0.16884,0.14566641250000012,0.03228028104695092,0.16884,0.14566641250000012,0.03228028104695092,0.16884
13,Neck,101,1,Fall,0.511856997478991,0.45590621862745206,4.73116,0.511856997478991,0.45590621862745206,4.73116,0.511856997478991,0.45590621862745206,4.73116,9.660529411764713,42.83774590756691,1312.71,9.660529411764713,42.83774590756691,1312.71,9.660529411764713,42.83774590756691,1312.71,0.28355144999999987,0.2153366198381025,0.6703199999999999,0.28355144999999987,0.2153366198381025,0.6703199999999999,0.28355144999999987,0.2153366198381025,0.6703199999999999
13,Neck,102,1,Fall,0.7638979252100864,0.3634223515492071,3.583628,0.7638979252100864,0.3634223515492071,3.583628,0.7638979252100864,0.3634223515492071,3.583628,6.677088235294124,41.74786586491129,537.8800000000001,6.677088235294124,41.74786586491129,537.8800000000001,6.677088235294124,41.74786586491129,537.8800000000001,0.13408622500000003,0.21972244308387376,0.6517,0.13408622500000003,0.21972244308387376,0.6517,0.13408622500000003,0.21972244308387376,0.6517
13,Neck,102,2,Fall,0.6980078268907549,0.27004518068369554,3.91986,0.6980078268907549,0.27004518068369554,3.91986,0.6980078268907549,0.27004518068369554,3.91986,-3.7898235294117604,44.58715370284153,842.8000000000001,-3.7898235294117604,44.58715370284153,842.8000000000001,-3.7898235294117604,44.58715370284153,842.8000000000001,0.09343389999999979,0.19922604376338712,0.6384,0.09343389999999979,0.19922604376338712,0.6384,0.09343389999999979,0.19922604376338712,0.6384
13,Neck,103,1,Fall,0.5081790563025221,0.4540433593808892,3.053904,0.5081790563025221,0.4540433593808892,3.053904,0.5081790563025221,0.4540433593808892,3.053904,8.192882352941291,35.38022038402229,535.1500000000001,8.192882352941291,35.38022038402229,535.1500000000001,8.192882352941291,35.38022038402229,535.1500000000001,0.3063499250000001,0.13924364638523373,0.38499999999999995,0.3063499250000001,0.13924364638523373,0.38499999999999995,0.3063499250000001,0.13924364638523373,0.38499999999999995
13,Neck,103,2,Fall,0.6217823806722658,0.3466566582549822,2.402912,0.6217823806722658,0.3466566582549822,2.402912,0.6217823806722658,0.3466566582549822,2.402912,7.486220588235267,28.715092516010397,473.83000000000004,7.486220588235267,28.715092516010397,473.83000000000004,7.486220588235267,28.715092516010397,473.83000000000004,0.2635513125000002,0.20822498410200427,0.6267799999999999,0.2635513125000002,0.20822498410200427,0.6267799999999999,0.2635513125000002,0.20822498410200427,0.6267799999999999
13,Neck,104,1,Fall,0.6977045697478983,0.38569539955883664,2.7701320000000003,0.6977045697478983,0.38569539955883664,2.7701320000000003,0.6977045697478983,0.38569539955883664,2.7701320000000003,3.273779411764704,51.038020465059994,571.97,3.273779411764704,51.038020465059994,571.97,3.273779411764704,51.038020465059994,571.97,0.17171498750000003,0.17876691310583218,0.63266,0.17171498750000003,0.17876691310583218,0.63266,0.17171498750000003,0.17876691310583218,0.63266
13,Neck,104,2,Fall,0.6299548941176466,0.34022231190089414,2.414624,0.6299548941176466,0.34022231190089414,2.414624,0.6299548941176466,0.34022231190089414,2.414624,-5.020602941176442,48.14014518152458,941.4300000000001,-5.020602941176442,48.14014518152458,941.4300000000001,-5.020602941176442,48.14014518152458,941.4300000000001,0.08458467500000007,0.1893788171493447,0.7259,0.08458467500000007,0.1893788171493447,0.7259,0.08458467500000007,0.1893788171493447,0.7259
13,Neck,105,1,Fall,0.5898840453781543,0.4091350892581709,8.177416000000001,0.5898840453781543,0.4091350892581709,8.177416000000001,0.5898840453781543,0.4091350892581709,8.177416000000001,5.314617647058828,38.36858000614829,1205.89,5.314617647058828,38.36858000614829,1205.89,5.314617647058828,38.36858000614829,1205.89,0.10229966250000004,0.11508465682502571,0.5977999999999999,0.10229966250000004,0.11508465682502571,0.5977999999999999,0.10229966250000004,0.11508465682502571,0.5977999999999999
13,Neck,105,2,Fall,0.5498224235294079,0.4239050605588376,5.2752799999999995,0.5498224235294079,0.4239050605588376,5.2752799999999995,0.5498224235294079,0.4239050605588376,5.2752799999999995,7.860573529411782,25.850324523799905,729.8200000000002,7.860573529411782,25.850324523799905,729.8200000000002,7.860573529411782,25.850324523799905,729.8200000000002,0.15084098750000005,0.10507375758893614,0.40908,0.15084098750000005,0.10507375758893614,0.40908,0.15084098750000005,0.10507375758893614,0.40908
13,Neck,105,3,Fall,0.5784437773109242,0.4004489285422721,4.85316,0.5784437773109242,0.4004489285422721,4.85316,0.5784437773109242,0.4004489285422721,4.85316,6.296485294117636,26.25687854403147,520.94,6.296485294117636,26.25687854403147,520.94,6.296485294117636,26.25687854403147,520.94,0.06825752499999997,0.09588546125938455,0.40922,0.06825752499999997,0.09588546125938455,0.40922,0.06825752499999997,0.09588546125938455,0.40922
13,Neck,105,4,Fall,0.094794102521009,0.5511426797316622,4.089684,0.094794102521009,0.5511426797316622,4.089684,0.094794102521009,0.5511426797316622,4.089684,13.575382352940975,33.78977606195837,597.24,13.575382352940975,33.78977606195837,597.24,13.575382352940975,33.78977606195837,597.24,0.29425479999999965,0.07178173412370387,0.32115999999999995,0.29425479999999965,0.07178173412370387,0.32115999999999995,0.29425479999999965,0.07178173412370387,0.32115999999999995
13,Neck,106,1,Fall,0.6970241378151241,0.42290120440673945,3.791272,0.6970241378151241,0.42290120440673945,3.791272,0.6970241378151241,0.42290120440673945,3.791272,9.181352941176458,43.11197119556361,627.3400000000001,9.181352941176458,43.11197119556361,627.3400000000001,9.181352941176458,43.11197119556361,627.3400000000001,0.03556262500000004,0.15811129984466948,0.62972,0.03556262500000004,0.15811129984466948,0.62972,0.03556262500000004,0.15811129984466948,0.62972
13,Neck,106,2,Fall,0.7190097168067221,0.4413592889828347,6.540176000000001,0.7190097168067221,0.4413592889828347,6.540176000000001,0.7190097168067221,0.4413592889828347,6.540176000000001,3.9073823529411724,42.259483473797665,814.8700000000001,3.9073823529411724,42.259483473797665,814.8700000000001,3.9073823529411724,42.259483473797665,814.8700000000001,0.0055890624999999925,0.1578950975371384,0.6868399999999999,0.0055890624999999925,0.1578950975371384,0.6868399999999999,0.0055890624999999925,0.1578950975371384,0.6868399999999999
13,Neck,106,3,Fall,0.8201850344537832,0.36440571725372134,4.300988,0.8201850344537832,0.36440571725372134,4.300988,0.8201850344537832,0.36440571725372134,4.300988,2.761397058823522,46.214175908345304,819.6300000000001,2.761397058823522,46.214175908345304,819.6300000000001,2.761397058823522,46.214175908345304,819.6300000000001,0.05953902499999992,0.16153553903408135,0.6028399999999999,0.05953902499999992,0.16153553903408135,0.6028399999999999,0.05953902499999992,0.16153553903408135,0.6028399999999999
13,Neck,107,1,Fall,0.4918937478991622,0.5037499768455345,8.188151999999999,0.4918937478991622,0.5037499768455345,8.188151999999999,0.4918937478991622,0.5037499768455345,8.188151999999999,3.481500000000011,37.741915831756465,1069.95,3.481500000000011,37.741915831756465,1069.95,3.481500000000011,37.741915831756465,1069.95,0.04195327499999991,0.13664463483949307,0.43833999999999995,0.04195327499999991,0.13664463483949307,0.43833999999999995,0.04195327499999991,0.13664463483949307,0.43833999999999995
13,Neck,107,2,Fall,0.39795015966386543,0.6133412478265526,9.926652,0.39795015966386543,0.6133412478265526,9.926652,0.39795015966386543,0.6133412478265526,9.926652,0.864911764705879,47.19963426016687,985.95,0.864911764705879,47.19963426016687,985.95,0.864911764705879,47.19963426016687,985.95,-0.1402086,0.24521498659660299,0.6630399999999999,-0.1402086,0.24521498659660299,0.6630399999999999,-0.1402086,0.24521498659660299,0.6630399999999999
13,Neck,107,3,Fall,0.5794463815126069,0.41323539696702477,5.607851999999999,0.5794463815126069,0.41323539696702477,5.607851999999999,0.5794463815126069,0.41323539696702477,5.607851999999999,3.916073529411763,30.373314409580274,803.1800000000001,3.916073529411763,30.373314409580274,803.1800000000001,3.916073529411763,30.373314409580274,803.1800000000001,0.09883335000000003,0.0879839355044106,0.44282,0.09883335000000003,0.0879839355044106,0.44282,0.09883335000000003,0.0879839355044106,0.44282
13,Neck,107,4,Fall,0.39739900672268713,0.6133577913702747,7.913896,0.39739900672268713,0.6133577913702747,7.913896,0.39739900672268713,0.6133577913702747,7.913896,-0.4488088235294107,42.5481376987508,1013.74,-0.4488088235294107,42.5481376987508,1013.74,-0.4488088235294107,42.5481376987508,1013.74,-0.12270194999999992,0.26404834362679713,0.67452,-0.12270194999999992,0.26404834362679713,0.67452,-0.12270194999999992,0.26404834362679713,0.67452
13,Neck,108,1,Fall,0.767578275630253,0.3440151437121412,4.5976919999999994,0.767578275630253,0.3440151437121412,4.5976919999999994,0.767578275630253,0.3440151437121412,4.5976919999999994,7.084426470588197,38.16866459950039,503.09000000000003,7.084426470588197,38.16866459950039,503.09000000000003,7.084426470588197,38.16866459950039,503.09000000000003,0.08556686250000002,0.17021498869265558,0.6285999999999999,0.08556686250000002,0.17021498869265558,0.6285999999999999,0.08556686250000002,0.17021498869265558,0.6285999999999999
13,Neck,108,2,Fall,0.7224440680672267,0.44244685988785143,9.611647999999999,0.7224440680672267,0.44244685988785143,9.611647999999999,0.7224440680672267,0.44244685988785143,9.611647999999999,-2.3413088235294146,44.55607697742236,449.68,-2.3413088235294146,44.55607697742236,449.68,-2.3413088235294146,44.55607697742236,449.68,0.0037651250000000007,0.19115060374362974,0.7657999999999999,0.0037651250000000007,0.19115060374362974,0.7657999999999999,0.0037651250000000007,0.19115060374362974,0.7657999999999999
13,Neck,109,1,Fall,0.4768356672268889,0.49194686531022697,6.659491999999999,0.4768356672268889,0.49194686531022697,6.659491999999999,0.4768356672268889,0.49194686531022697,6.659491999999999,12.116661764705857,21.8081980140731,438.27,12.116661764705857,21.8081980140731,438.27,12.116661764705857,21.8081980140731,438.27,0.10696104999999986,0.09044712580011013,0.36385999999999996,0.10696104999999986,0.09044712580011013,0.36385999999999996,0.10696104999999986,0.09044712580011013,0.36385999999999996
13,Neck,109,2,Fall,0.6318678336134445,0.3626013624471551,5.4107,0.6318678336134445,0.3626013624471551,5.4107,0.6318678336134445,0.3626013624471551,5.4107,8.740617647058825,37.76379780845507,1215.48,8.740617647058825,37.76379780845507,1215.48,8.740617647058825,37.76379780845507,1215.48,0.11862051249999997,0.09506995776548337,0.41076,0.11862051249999997,0.09506995776548337,0.41076,0.11862051249999997,0.09506995776548337,0.41076
13,Neck,109,3,Fall,0.7566695277310932,0.22327947609659032,5.028352,0.7566695277310932,0.22327947609659032,5.028352,0.7566695277310932,0.22327947609659032,5.028352,12.463132352941145,39.986698337273054,577.01,12.463132352941145,39.986698337273054,577.01,12.463132352941145,39.986698337273054,577.01,-0.012017424999999915,0.12622057996667504,0.49966,-0.012017424999999915,0.12622057996667504,0.49966,-0.012017424999999915,0.12622057996667504,0.49966
13,Neck,109,4,Fall,-0.30688807815125985,0.6442892275934723,4.057475999999999,-0.30688807815125985,0.6442892275934723,4.057475999999999,-0.30688807815125985,0.6442892275934723,4.057475999999999,17.599382352941255,55.01477622670695,790.3000000000001,17.599382352941255,55.01477622670695,790.3000000000001,17.599382352941255,55.01477622670695,790.3000000000001,0.04419205000000005,0.0915029201120961,0.5079199999999999,0.04419205000000005,0.0915029201120961,0.5079199999999999,0.04419205000000005,0.0915029201120961,0.5079199999999999
13,Neck,110,1,Fall,0.6666563899159675,0.3787581000895445,5.225504,0.6666563899159675,0.3787581000895445,5.225504,0.6666563899159675,0.3787581000895445,5.225504,21.679999999999986,40.941316038727635,759.0100000000001,21.679999999999986,40.941316038727635,759.0100000000001,21.679999999999986,40.941316038727635,759.0100000000001,0.04800774999999993,0.18037364497429575,0.6081599999999999,0.04800774999999993,0.18037364497429575,0.6081599999999999,0.04800774999999993,0.18037364497429575,0.6081599999999999
13,Neck,110,2,Fall,0.8036786394957998,0.21805793813092414,3.044632,0.8036786394957998,0.21805793813092414,3.044632,0.8036786394957998,0.21805793813092414,3.044632,-2.6787941176470564,41.591810059451426,383.74,-2.6787941176470564,41.591810059451426,383.74,-2.6787941176470564,41.591810059451426,383.74,0.06132621249999994,0.12933442390527414,0.5558,0.06132621249999994,0.12933442390527414,0.5558,0.06132621249999994,0.12933442390527414,0.5558
13,Neck,110,3,Fall,0.759937077310925,0.41517539930876046,4.442019999999999,0.759937077310925,0.41517539930876046,4.442019999999999,0.759937077310925,0.41517539930876046,4.442019999999999,4.143044117647071,31.305639638325346,420.70000000000005,4.143044117647071,31.305639638325346,420.70000000000005,4.143044117647071,31.305639638325346,420.70000000000005,0.00918146250000001,0.13535610469992032,0.5998999999999999,0.00918146250000001,0.13535610469992032,0.5998999999999999,0.00918146250000001,0.13535610469992032,0.5998999999999999
13,Neck,110,4,Fall,0.8164174899159667,0.36094054026852557,3.234708,0.8164174899159667,0.36094054026852557,3.234708,0.8164174899159667,0.36094054026852557,3.234708,8.907911764705895,39.53751067448127,581.28,8.907911764705895,39.53751067448127,581.28,8.907911764705895,39.53751067448127,581.28,0.029304624999999973,0.14078677091936082,0.58758,0.029304624999999973,0.14078677091936082,0.58758,0.029304624999999973,0.14078677091936082,0.58758
13,Neck,111,1,Fall,0.5903342151260507,0.36337881348264817,2.004948,0.5903342151260507,0.36337881348264817,2.004948,0.5903342151260507,0.36337881348264817,2.004948,5.2363382352941015,27.79183249765152,457.31000000000006,5.2363382352941015,27.79183249765152,457.31000000000006,5.2363382352941015,27.79183249765152,457.31000000000006,0.07360027499999998,0.15639671226780788,0.5056799999999999,0.07360027499999998,0.15639671226780788,0.5056799999999999,0.07360027499999998,0.15639671226780788,0.5056799999999999
13,Neck,113,1,Fall,0.43729849159663964,0.5783245519531962,4.658692,0.43729849159663964,0.5783245519531962,4.658692,0.43729849159663964,0.5783245519531962,4.658692,-0.4565147058823497,26.37565697600652,460.46000000000004,-0.4565147058823497,26.37565697600652,460.46000000000004,-0.4565147058823497,26.37565697600652,460.46000000000004,-0.1409212875,0.22470611256201184,0.6428799999999999,-0.1409212875,0.22470611256201184,0.6428799999999999,-0.1409212875,0.22470611256201184,0.6428799999999999
13,Neck,113,2,Fall,0.6241950588235311,0.34479230153497104,2.721088,0.6241950588235311,0.34479230153497104,2.721088,0.6241950588235311,0.34479230153497104,2.721088,2.300514705882351,24.36402526804237,463.4000000000001,2.300514705882351,24.36402526804237,463.4000000000001,2.300514705882351,24.36402526804237,463.4000000000001,0.041617625,0.09969519465479607,0.4879,0.041617625,0.09969519465479607,0.4879,0.041617625,0.09969519465479607,0.4879
13,Neck,114,1,Fall,0.5516533974789917,0.4068624791857542,2.506856,0.5516533974789917,0.4068624791857542,2.506856,0.5516533974789917,0.4068624791857542,2.506856,10.472220588235267,29.98223459144684,442.47,10.472220588235267,29.98223459144684,442.47,10.472220588235267,29.98223459144684,442.47,0.27918301249999994,0.21770844047104046,0.64428,0.27918301249999994,0.21770844047104046,0.64428,0.27918301249999994,0.21770844047104046,0.64428
13,Neck,114,2,Fall,0.5378905159663881,0.4179309717551,2.576396,0.5378905159663881,0.4179309717551,2.576396,0.5378905159663881,0.4179309717551,2.576396,6.992029411764697,20.076994577949698,489.7900000000001,6.992029411764697,20.076994577949698,489.7900000000001,6.992029411764697,20.076994577949698,489.7900000000001,0.23832550000000002,0.22295929900406197,0.6251,0.23832550000000002,0.22295929900406197,0.6251,0.23832550000000002,0.22295929900406197,0.6251
13,Neck,115,1,Fall,0.5079577134453775,0.44438589709349,3.362076,0.5079577134453775,0.44438589709349,3.362076,0.5079577134453775,0.44438589709349,3.362076,9.844529411764688,32.97709484471204,584.5,9.844529411764688,32.97709484471204,584.5,9.844529411764688,32.97709484471204,584.5,0.24503806249999993,0.10423617751018506,0.31122,0.24503806249999993,0.10423617751018506,0.31122,0.24503806249999993,0.10423617751018506,0.31122
13,Neck,116,1,Fall,0.7666728100840331,0.32332248536364555,2.104988,0.7666728100840331,0.32332248536364555,2.104988,0.7666728100840331,0.32332248536364555,2.104988,4.6598970588235415,33.42846123405772,326.83000000000004,4.6598970588235415,33.42846123405772,326.83000000000004,4.6598970588235415,33.42846123405772,326.83000000000004,0.18476640000000008,0.19153087688814302,0.6729799999999999,0.18476640000000008,0.19153087688814302,0.6729799999999999,0.18476640000000008,0.19153087688814302,0.6729799999999999
13,Neck,117,1,Fall,0.3646045352941165,0.6020821813885713,8.584408,0.3646045352941165,0.6020821813885713,8.584408,0.3646045352941165,0.6020821813885713,8.584408,2.983970588235304,48.07040567824446,1034.88,2.983970588235304,48.07040567824446,1034.88,2.983970588235304,48.07040567824446,1034.88,-0.09097549999999999,0.2540973932678988,0.7711199999999999,-0.09097549999999999,0.2540973932678988,0.7711199999999999,-0.09097549999999999,0.2540973932678988,0.7711199999999999
13,Neck,118,1,Fall,0.7794406739495802,0.4053791172881101,4.677236000000001,0.7794406739495802,0.4053791172881101,4.677236000000001,0.7794406739495802,0.4053791172881101,4.677236000000001,5.5012205882352925,48.12421491593537,1072.4700000000003,5.5012205882352925,48.12421491593537,1072.4700000000003,5.5012205882352925,48.12421491593537,1072.4700000000003,0.0844362750000002,0.1919141293607106,0.7957599999999999,0.0844362750000002,0.1919141293607106,0.7957599999999999,0.0844362750000002,0.1919141293607106,0.7957599999999999
13,Neck,119,1,Fall,0.5287205243697486,0.437996808895765,2.282864,0.5287205243697486,0.437996808895765,2.282864,0.5287205243697486,0.437996808895765,2.282864,5.4645147058823635,27.850812791015354,635.6000000000001,5.4645147058823635,27.850812791015354,635.6000000000001,5.4645147058823635,27.850812791015354,635.6000000000001,0.03311279999999994,0.12925150240696043,0.5437599999999999,0.03311279999999994,0.12925150240696043,0.5437599999999999,0.03311279999999994,0.12925150240696043,0.5437599999999999
13,Neck,119,2,Fall,0.4259386512605044,0.5338336911163201,5.983124,0.4259386512605044,0.5338336911163201,5.983124,0.4259386512605044,0.5338336911163201,5.983124,3.553749999999998,39.24357840475554,1013.0400000000002,3.553749999999998,39.24357840475554,1013.0400000000002,3.553749999999998,39.24357840475554,1013.0400000000002,0.05697387499999997,0.13078564553175376,0.49126,0.05697387499999997,0.13078564553175376,0.49126,0.05697387499999997,0.13078564553175376,0.49126
13,Neck,120,2,Fall,0.8168262924369742,0.3738034332592177,3.595828,0.8168262924369742,0.3738034332592177,3.595828,0.8168262924369742,0.3738034332592177,3.595828,5.525279411764706,39.42740792571031,622.58,5.525279411764706,39.42740792571031,622.58,5.525279411764706,39.42740792571031,622.58,0.12159752500000019,0.14266169379048946,0.57988,0.12159752500000019,0.14266169379048946,0.57988,0.12159752500000019,0.14266169379048946,0.57988
13,Neck,121,1,Fall,0.4968057344537809,0.6763517625161256,4.813388,0.4968057344537809,0.6763517625161256,4.813388,0.4968057344537809,0.6763517625161256,4.813388,7.703323529411827,39.35916527463668,668.5000000000001,7.703323529411827,39.35916527463668,668.5000000000001,7.703323529411827,39.35916527463668,668.5000000000001,0.2764661375,0.19989422387738787,0.6712999999999999,0.2764661375,0.19989422387738787,0.6712999999999999,0.2764661375,0.19989422387738787,0.6712999999999999
13,Neck,121,2,Fall,0.5014396840336116,0.5290889772439983,3.7942,0.5014396840336116,0.5290889772439983,3.7942,0.5014396840336116,0.5290889772439983,3.7942,8.698352941176127,41.86663475555211,650.51,8.698352941176127,41.86663475555211,650.51,8.698352941176127,41.86663475555211,650.51,0.29506636249999996,0.17378293309518522,0.56868,0.29506636249999996,0.17378293309518522,0.56868,0.29506636249999996,0.17378293309518522,0.56868
13,Neck,122,2,Fall,0.8025140008403367,0.5374242168062431,3.8552,0.8025140008403367,0.5374242168062431,3.8552,0.8025140008403367,0.5374242168062431,3.8552,3.8235882352940984,50.239820937583985,775.46,3.8235882352940984,50.239820937583985,775.46,3.8235882352940984,50.239820937583985,775.46,0.12746737500000002,0.19851884602286698,0.6199199999999999,0.12746737500000002,0.19851884602286698,0.6199199999999999,0.12746737500000002,0.19851884602286698,0.6199199999999999
13,Neck,123,1,Fall,0.5169168193277291,0.6780493354454606,4.556944,0.5169168193277291,0.6780493354454606,4.556944,0.5169168193277291,0.6780493354454606,4.556944,7.558294117647053,37.71540634323423,601.72,7.558294117647053,37.71540634323423,601.72,7.558294117647053,37.71540634323423,601.72,0.30134098750000005,0.17070991535284274,0.5935999999999999,0.30134098750000005,0.17070991535284274,0.5935999999999999,0.30134098750000005,0.17070991535284274,0.5935999999999999
13,Neck,123,2,Fall,0.6507994655462211,0.485939897863065,3.6417,0.6507994655462211,0.485939897863065,3.6417,0.6507994655462211,0.485939897863065,3.6417,8.454720588235212,32.67346997847968,620.1300000000001,8.454720588235212,32.67346997847968,620.1300000000001,8.454720588235212,32.67346997847968,620.1300000000001,0.2462052249999995,0.2050557758567337,0.67228,0.2462052249999995,0.2050557758567337,0.67228,0.2462052249999995,0.2050557758567337,0.67228
13,Neck,124,1,Fall,0.7038895084033583,0.4722836240550498,5.595408,0.7038895084033583,0.4722836240550498,5.595408,0.7038895084033583,0.4722836240550498,5.595408,6.033132352941175,57.9146383016103,908.2500000000001,6.033132352941175,57.9146383016103,908.2500000000001,6.033132352941175,57.9146383016103,908.2500000000001,0.10409428750000015,0.1991519182162152,0.64442,0.10409428750000015,0.1991519182162152,0.64442,0.10409428750000015,0.1991519182162152,0.64442
13,Neck,124,2,Fall,0.7976394857142854,0.5012478069298126,3.641944,0.7976394857142854,0.5012478069298126,3.641944,0.7976394857142854,0.5012478069298126,3.641944,3.1020882352941297,51.295088223174574,675.2900000000001,3.1020882352941297,51.295088223174574,675.2900000000001,3.1020882352941297,51.295088223174574,675.2900000000001,0.09459764999999995,0.19496343624227877,0.6032599999999999,0.09459764999999995,0.19496343624227877,0.6032599999999999,0.09459764999999995,0.19496343624227877,0.6032599999999999
13,Neck,125,1,Fall,0.5185626403361352,0.547965334579988,4.666011999999999,0.5185626403361352,0.547965334579988,4.666011999999999,0.5185626403361352,0.547965334579988,4.666011999999999,9.364749999999994,29.0518552930113,516.1100000000001,9.364749999999994,29.0518552930113,516.1100000000001,9.364749999999994,29.0518552930113,516.1100000000001,0.08025018750000008,0.0999785157782691,0.4295199999999999,0.08025018750000008,0.0999785157782691,0.4295199999999999,0.08025018750000008,0.0999785157782691,0.4295199999999999
13,Neck,125,2,Fall,0.5977433571428579,0.5131343622945859,4.473008,0.5977433571428579,0.5131343622945859,4.473008,0.5977433571428579,0.5131343622945859,4.473008,10.013720588235191,30.915250267436065,825.58,10.013720588235191,30.915250267436065,825.58,10.013720588235191,30.915250267436065,825.58,0.13269068750000015,0.1162040556569424,0.40362,0.13269068750000015,0.1162040556569424,0.40362,0.13269068750000015,0.1162040556569424,0.40362
13,Neck,125,3,Fall,0.5429555663865558,0.4554353672795482,3.749792,0.5429555663865558,0.4554353672795482,3.749792,0.5429555663865558,0.4554353672795482,3.749792,17.40299999999993,46.822976068926394,370.58000000000004,17.40299999999993,46.822976068926394,370.58000000000004,17.40299999999993,46.822976068926394,370.58000000000004,0.07186794999999997,0.07720120501703653,0.39913999999999994,0.07186794999999997,0.07720120501703653,0.39913999999999994,0.07186794999999997,0.07720120501703653,0.39913999999999994
13,Neck,125,4,Fall,-0.22963957478991598,0.6497141673149477,4.077972,-0.22963957478991598,0.6497141673149477,4.077972,-0.22963957478991598,0.6497141673149477,4.077972,33.40407352941179,42.89033225505002,296.73,33.40407352941179,42.89033225505002,296.73,33.40407352941179,42.89033225505002,296.73,-0.024567025000000065,0.1329249910529556,0.44814,-0.024567025000000065,0.1329249910529556,0.44814,-0.024567025000000065,0.1329249910529556,0.44814
13,Neck,126,3,Fall,0.8347391731092424,0.38742107248540264,3.2879,0.8347391731092424,0.38742107248540264,3.2879,0.8347391731092424,0.38742107248540264,3.2879,-0.306808823529418,37.326305483839725,472.71000000000004,-0.306808823529418,37.326305483839725,472.71000000000004,-0.306808823529418,37.326305483839725,472.71000000000004,0.09267903750000006,0.14952206551165073,0.5931799999999999,0.09267903750000006,0.14952206551165073,0.5931799999999999,0.09267903750000006,0.14952206551165073,0.5931799999999999
13,Neck,127,1,Fall,0.12341781428571422,0.1421438161980124,1.07116,0.12341781428571422,0.1421438161980124,1.07116,0.12341781428571422,0.1421438161980124,1.07116,5.217764705882333,13.674627892441583,257.25000000000006,5.217764705882333,13.674627892441583,257.25000000000006,5.217764705882333,13.674627892441583,257.25000000000006,-0.2285282124999994,0.15488254294988826,0.5851999999999999,-0.2285282124999994,0.15488254294988826,0.5851999999999999,-0.2285282124999994,0.15488254294988826,0.5851999999999999
13,Neck,127,2,Fall,0.2053791058823526,0.2632001050907661,1.346148,0.2053791058823526,0.2632001050907661,1.346148,0.2053791058823526,0.2632001050907661,1.346148,7.646794117647011,15.182839347398795,264.32000000000005,7.646794117647011,15.182839347398795,264.32000000000005,7.646794117647011,15.182839347398795,264.32000000000005,-0.04236548750000038,0.3162160082199301,0.7015399999999999,-0.04236548750000038,0.3162160082199301,0.7015399999999999,-0.04236548750000038,0.3162160082199301,0.7015399999999999
13,Neck,127,3,Fall,0.21534148235294137,0.27613535271505163,1.9232079999999998,0.21534148235294137,0.27613535271505163,1.9232079999999998,0.21534148235294137,0.27613535271505163,1.9232079999999998,5.094529411764716,16.226715899313895,362.95000000000005,5.094529411764716,16.226715899313895,362.95000000000005,5.094529411764716,16.226715899313895,362.95000000000005,-0.07770691249999974,0.2958678267043692,0.6734,-0.07770691249999974,0.2958678267043692,0.6734,-0.07770691249999974,0.2958678267043692,0.6734
13,Neck,127,4,Fall,0.2988984621848741,0.3043037769581902,3.0307239999999998,0.2988984621848741,0.3043037769581902,3.0307239999999998,0.2988984621848741,0.3043037769581902,3.0307239999999998,11.422779411764626,23.550276669945994,276.64000000000004,11.422779411764626,23.550276669945994,276.64000000000004,11.422779411764626,23.550276669945994,276.64000000000004,-0.058169562499999806,0.30787368560537726,0.69104,-0.058169562499999806,0.30787368560537726,0.69104,-0.058169562499999806,0.30787368560537726,0.69104
13,Neck,128,1,Fall,0.29040931260504166,0.43579624085341284,2.8628519999999997,0.29040931260504166,0.43579624085341284,2.8628519999999997,0.29040931260504166,0.43579624085341284,2.8628519999999997,5.451441176470596,37.07255673986362,466.27000000000004,5.451441176470596,37.07255673986362,466.27000000000004,5.451441176470596,37.07255673986362,466.27000000000004,-0.12345742500000019,0.2650044407361425,0.8309,-0.12345742500000019,0.2650044407361425,0.8309,-0.12345742500000019,0.2650044407361425,0.8309
13,Neck,129,1,Fall,0.4753874042016839,0.48532099913513554,3.623156,0.4753874042016839,0.48532099913513554,3.623156,0.4753874042016839,0.48532099913513554,3.623156,9.753823529411786,29.46669364376314,551.46,9.753823529411786,29.46669364376314,551.46,9.753823529411786,29.46669364376314,551.46,0.23325496249999997,0.10079371718894023,0.33166,0.23325496249999997,0.10079371718894023,0.33166,0.23325496249999997,0.10079371718894023,0.33166
13,Neck,130,1,Fall,0.2984949394957973,0.6645426706179863,10.630104,0.2984949394957973,0.6645426706179863,10.630104,0.2984949394957973,0.6645426706179863,10.630104,0.2924705882352932,45.96391029972521,954.3800000000001,0.2924705882352932,45.96391029972521,954.3800000000001,0.2924705882352932,45.96391029972521,954.3800000000001,-0.1251142374999999,0.269342815154945,0.63462,-0.1251142374999999,0.269342815154945,0.63462,-0.1251142374999999,0.269342815154945,0.63462
13,Neck,131,1,Fall,0.6170182806722634,0.3513560300790218,4.136288,0.6170182806722634,0.3513560300790218,4.136288,0.6170182806722634,0.3513560300790218,4.136288,6.394852941176466,22.90908584070859,452.48,6.394852941176466,22.90908584070859,452.48,6.394852941176466,22.90908584070859,452.48,0.23263703749999984,0.06339274716573937,0.25886,0.23263703749999984,0.06339274716573937,0.25886,0.23263703749999984,0.06339274716573937,0.25886
13,Neck,131,2,Fall,0.46013740420167765,0.4534547296694277,1.783884,0.46013740420167765,0.4534547296694277,1.783884,0.46013740420167765,0.4534547296694277,1.783884,6.033897058823463,13.921821642367568,269.43000000000006,6.033897058823463,13.921821642367568,269.43000000000006,6.033897058823463,13.921821642367568,269.43000000000006,0.25121241250000037,0.11112021418684555,0.33642,0.25121241250000037,0.11112021418684555,0.33642,0.25121241250000037,0.11112021418684555,0.33642
13,Neck,132,1,Fall,0.5824460949579812,0.3497797617400041,1.7772959999999998,0.5824460949579812,0.3497797617400041,1.7772959999999998,0.5824460949579812,0.3497797617400041,1.7772959999999998,8.864382352941128,25.490091478071044,416.08000000000004,8.864382352941128,25.490091478071044,416.08000000000004,8.864382352941128,25.490091478071044,416.08000000000004,0.3242207500000003,0.18218289032835308,0.47459999999999997,0.3242207500000003,0.18218289032835308,0.47459999999999997,0.3242207500000003,0.18218289032835308,0.47459999999999997
13,Neck,133,1,Fall,0.39113446050420353,0.570014183776184,4.307576,0.39113446050420353,0.570014183776184,4.307576,0.39113446050420353,0.570014183776184,4.307576,3.441411764705874,21.184725180802374,383.95000000000005,3.441411764705874,21.184725180802374,383.95000000000005,3.441411764705874,21.184725180802374,383.95000000000005,-0.08400980000000001,0.23500055641616568,0.62118,-0.08400980000000001,0.23500055641616568,0.62118,-0.08400980000000001,0.23500055641616568,0.62118
13,Neck,134,1,Fall,0.5908447184873943,0.36577640681556056,2.145248,0.5908447184873943,0.36577640681556056,2.145248,0.5908447184873943,0.36577640681556056,2.145248,5.60591176470587,19.341925512920675,304.08000000000004,5.60591176470587,19.341925512920675,304.08000000000004,5.60591176470587,19.341925512920675,304.08000000000004,0.16718170000000004,0.050634210635341785,0.33011999999999997,0.16718170000000004,0.050634210635341785,0.33011999999999997,0.16718170000000004,0.050634210635341785,0.33011999999999997
13,Neck,134,2,Fall,0.4988279100840359,0.4730033132668864,3.68684,0.4988279100840359,0.4730033132668864,3.68684,0.4988279100840359,0.4730033132668864,3.68684,5.591985294117638,24.410042848717616,472.01000000000005,5.591985294117638,24.410042848717616,472.01000000000005,5.591985294117638,24.410042848717616,472.01000000000005,0.1025573500000001,0.0753537969692042,0.40613999999999995,0.1025573500000001,0.0753537969692042,0.40613999999999995,0.1025573500000001,0.0753537969692042,0.40613999999999995
13,Neck,135,2,Fall,0.9040221016806708,0.11134882335082284,2.002264,0.9040221016806708,0.11134882335082284,2.002264,0.9040221016806708,0.11134882335082284,2.002264,4.429147058823521,23.284456636402314,333.13,4.429147058823521,23.284456636402314,333.13,4.429147058823521,23.284456636402314,333.13,0.19774877499999996,0.04200450910009349,0.2583,0.19774877499999996,0.04200450910009349,0.2583,0.19774877499999996,0.04200450910009349,0.2583
14,Neck,13,1,No Fall,0.9745088831932742,0.1040314014925509,0.8779119999999999,0.9745088831932742,0.1040314014925509,0.8779119999999999,0.9745088831932742,0.1040314014925509,0.8779119999999999,4.860352941176454,19.93345385428337,159.74,4.860352941176454,19.93345385428337,159.74,4.860352941176454,19.93345385428337,159.74,0.06570497499999994,0.09180437733060474,0.38373999999999997,0.06570497499999994,0.09180437733060474,0.38373999999999997,0.06570497499999994,0.09180437733060474,0.38373999999999997
14,Neck,13,2,No Fall,0.966656799159664,0.04606567931455586,0.756644,0.966656799159664,0.04606567931455586,0.756644,0.966656799159664,0.04606567931455586,0.756644,5.232279411764694,15.687906441732697,211.96000000000004,5.232279411764694,15.687906441732697,211.96000000000004,5.232279411764694,15.687906441732697,211.96000000000004,0.0022761375000000038,0.035562391541327475,0.24065999999999996,0.0022761375000000038,0.035562391541327475,0.24065999999999996,0.0022761375000000038,0.035562391541327475,0.24065999999999996
14,Neck,13,3,No Fall,0.9565686806722691,0.09948180795294885,0.9755119999999999,0.9565686806722691,0.09948180795294885,0.9755119999999999,0.9565686806722691,0.09948180795294885,0.9755119999999999,5.866455882352936,22.463858595407903,206.08,5.866455882352936,22.463858595407903,206.08,5.866455882352936,22.463858595407903,206.08,0.0514827250000001,0.09332733467316878,0.35307999999999995,0.0514827250000001,0.09332733467316878,0.35307999999999995,0.0514827250000001,0.09332733467316878,0.35307999999999995
14,Neck,13,4,No Fall,0.9566078436974815,0.03427478614248059,0.5182559999999999,0.9566078436974815,0.03427478614248059,0.5182559999999999,0.9566078436974815,0.03427478614248059,0.5182559999999999,5.20488235294116,15.234477365355481,177.8,5.20488235294116,15.234477365355481,177.8,5.20488235294116,15.234477365355481,177.8,-0.007758537500000003,0.04252359381720406,0.27355999999999997,-0.007758537500000003,0.04252359381720406,0.27355999999999997,-0.007758537500000003,0.04252359381720406,0.27355999999999997
14,Neck,13,5,No Fall,0.9668715294117642,0.1296429151896929,0.9886879999999999,0.9668715294117642,0.1296429151896929,0.9886879999999999,0.9668715294117642,0.1296429151896929,0.9886879999999999,5.707617647058807,26.455617011936507,259.07000000000005,5.707617647058807,26.455617011936507,259.07000000000005,5.707617647058807,26.455617011936507,259.07000000000005,0.07152013749999997,0.09426271089565037,0.36078,0.07152013749999997,0.09426271089565037,0.36078,0.07152013749999997,0.09426271089565037,0.36078
14,Neck,13,6,No Fall,0.9537183915966356,0.059698789466320255,1.0889719999999998,0.9537183915966356,0.059698789466320255,1.0889719999999998,0.9537183915966356,0.059698789466320255,1.0889719999999998,5.69073529411761,15.251985159934478,248.50000000000003,5.69073529411761,15.251985159934478,248.50000000000003,5.69073529411761,15.251985159934478,248.50000000000003,-0.009610037499999988,0.03407326043867342,0.24528,-0.009610037499999988,0.03407326043867342,0.24528,-0.009610037499999988,0.03407326043867342,0.24528
14,Neck,13,7,No Fall,0.9609446361344602,0.10735972343624271,0.9462320000000001,0.9609446361344602,0.10735972343624271,0.9462320000000001,0.9609446361344602,0.10735972343624271,0.9462320000000001,5.406455882352936,20.74716050218166,210.35000000000002,5.406455882352936,20.74716050218166,210.35000000000002,5.406455882352936,20.74716050218166,210.35000000000002,0.050360974999999926,0.09710055169133243,0.38065999999999994,0.050360974999999926,0.09710055169133243,0.38065999999999994,0.050360974999999926,0.09710055169133243,0.38065999999999994
14,Neck,13,8,No Fall,0.9478034932773114,0.04859902203945861,0.9193920000000001,0.9478034932773114,0.04859902203945861,0.9193920000000001,0.9478034932773114,0.04859902203945861,0.9193920000000001,4.988691176470576,15.710083219406176,217.98000000000002,4.988691176470576,15.710083219406176,217.98000000000002,4.988691176470576,15.710083219406176,217.98000000000002,-0.010320887499999992,0.04395220695565249,0.29007999999999995,-0.010320887499999992,0.04395220695565249,0.29007999999999995,-0.010320887499999992,0.04395220695565249,0.29007999999999995
14,Neck,13,9,No Fall,0.9606445571428598,0.1331098481429508,1.2395199999999997,0.9606445571428598,0.1331098481429508,1.2395199999999997,0.9606445571428598,0.1331098481429508,1.2395199999999997,4.757661764705858,26.53584601118246,274.96000000000004,4.757661764705858,26.53584601118246,274.96000000000004,4.757661764705858,26.53584601118246,274.96000000000004,0.07760856250000005,0.09993486608960012,0.37589999999999996,0.07760856250000005,0.09993486608960012,0.37589999999999996,0.07760856250000005,0.09993486608960012,0.37589999999999996
14,Neck,13,10,No Fall,0.9605141504201696,0.08792816006233778,1.572092,0.9605141504201696,0.08792816006233778,1.572092,0.9605141504201696,0.08792816006233778,1.572092,8.007955882352901,26.273530414935426,328.09000000000003,8.007955882352901,26.273530414935426,328.09000000000003,8.007955882352901,26.273530414935426,328.09000000000003,0.008330087500000003,0.05009560567115212,0.35882,0.008330087500000003,0.05009560567115212,0.35882,0.008330087500000003,0.05009560567115212,0.35882
14,Neck,13,11,No Fall,0.969352178991596,0.11459857744830494,1.07116,0.969352178991596,0.11459857744830494,1.07116,0.969352178991596,0.11459857744830494,1.07116,4.662191176470589,22.470894360229753,232.19,4.662191176470589,22.470894360229753,232.19,4.662191176470589,22.470894360229753,232.19,0.07064294999999989,0.10270315937515535,0.38373999999999997,0.07064294999999989,0.10270315937515535,0.38373999999999997,0.07064294999999989,0.10270315937515535,0.38373999999999997
14,Neck,13,12,No Fall,0.9629567134453804,0.039043904564730794,0.6871039999999999,0.9629567134453804,0.039043904564730794,0.6871039999999999,0.9629567134453804,0.039043904564730794,0.6871039999999999,5.361058823529406,14.347300446554497,188.65000000000003,5.361058823529406,14.347300446554497,188.65000000000003,5.361058823529406,14.347300446554497,188.65000000000003,0.002736387499999996,0.036686042894940346,0.24737999999999996,0.002736387499999996,0.036686042894940346,0.24737999999999996,0.002736387499999996,0.036686042894940346,0.24737999999999996
14,Neck,14,1,No Fall,0.9712305689075634,0.10477784969316684,0.996252,0.9712305689075634,0.10477784969316684,0.996252,0.9712305689075634,0.10477784969316684,0.996252,5.704308823529422,23.15964129102934,217.42000000000002,5.704308823529422,23.15964129102934,217.42000000000002,5.704308823529422,23.15964129102934,217.42000000000002,0.07564103750000008,0.08792266811467812,0.32186,0.07564103750000008,0.08792266811467812,0.32186,0.07564103750000008,0.08792266811467812,0.32186
14,Neck,14,2,No Fall,0.9544968336134427,0.03675708389464491,0.355264,0.9544968336134427,0.03675708389464491,0.355264,0.9544968336134427,0.03675708389464491,0.355264,5.344014705882345,19.29052415036982,220.57,5.344014705882345,19.29052415036982,220.57,5.344014705882345,19.29052415036982,220.57,-0.006489174999999999,0.0465181029386141,0.31821999999999995,-0.006489174999999999,0.0465181029386141,0.31821999999999995,-0.006489174999999999,0.0465181029386141,0.31821999999999995
14,Neck,14,3,No Fall,0.9557358000000012,0.10786312443554566,0.999912,0.9557358000000012,0.10786312443554566,0.999912,0.9557358000000012,0.10786312443554566,0.999912,7.015088235294118,23.691125837467517,215.39000000000001,7.015088235294118,23.691125837467517,215.39000000000001,7.015088235294118,23.691125837467517,215.39000000000001,0.07332185000000001,0.10199821018958459,0.39549999999999996,0.07332185000000001,0.10199821018958459,0.39549999999999996,0.07332185000000001,0.10199821018958459,0.39549999999999996
14,Neck,14,4,No Fall,0.9578926369747894,0.030759939825531768,0.4077240000000001,0.9578926369747894,0.030759939825531768,0.4077240000000001,0.9578926369747894,0.030759939825531768,0.4077240000000001,5.722308823529409,17.355536230539066,207.41000000000003,5.722308823529409,17.355536230539066,207.41000000000003,5.722308823529409,17.355536230539066,207.41000000000003,-0.005026525000000001,0.0442225647486095,0.29945999999999995,-0.005026525000000001,0.0442225647486095,0.29945999999999995,-0.005026525000000001,0.0442225647486095,0.29945999999999995
14,Neck,14,5,No Fall,0.9589058521008403,0.09815982376421696,0.8784,0.9589058521008403,0.09815982376421696,0.8784,0.9589058521008403,0.09815982376421696,0.8784,5.3420588235294115,26.965984148118885,348.39000000000004,5.3420588235294115,26.965984148118885,348.39000000000004,5.3420588235294115,26.965984148118885,348.39000000000004,0.044431624999999995,0.08119937567488204,0.37688,0.044431624999999995,0.08119937567488204,0.37688,0.044431624999999995,0.08119937567488204,0.37688
14,Neck,14,6,No Fall,0.9428524974789928,0.04559880146791537,0.44212799999999997,0.9428524974789928,0.04559880146791537,0.44212799999999997,0.9428524974789928,0.04559880146791537,0.44212799999999997,5.769779411764706,24.31457593617785,313.67,5.769779411764706,24.31457593617785,313.67,5.769779411764706,24.31457593617785,313.67,-0.008355462500000015,0.05731062514497341,0.36526,-0.008355462500000015,0.05731062514497341,0.36526,-0.008355462500000015,0.05731062514497341,0.36526
14,Neck,14,7,No Fall,0.9547969126050412,0.10630650572148165,1.0011320000000001,0.9547969126050412,0.10630650572148165,1.0011320000000001,0.9547969126050412,0.10630650572148165,1.0011320000000001,7.078088235294114,24.380900017203317,240.59000000000003,7.078088235294114,24.380900017203317,240.59000000000003,7.078088235294114,24.380900017203317,240.59000000000003,0.08684602500000009,0.10510186912947093,0.32605999999999996,0.08684602500000009,0.10510186912947093,0.32605999999999996,0.08684602500000009,0.10510186912947093,0.32605999999999996
14,Neck,14,8,No Fall,0.9377452596638667,0.03346259006683279,0.446032,0.9377452596638667,0.03346259006683279,0.446032,0.9377452596638667,0.03346259006683279,0.446032,5.732411764705873,18.660243999971204,243.74,5.732411764705873,18.660243999971204,243.74,5.732411764705873,18.660243999971204,243.74,-0.004133499999999991,0.05146274963383628,0.32424,-0.004133499999999991,0.05146274963383628,0.32424,-0.004133499999999991,0.05146274963383628,0.32424
14,Neck,14,9,No Fall,0.9625051596638645,0.13194840583239056,1.219512,0.9625051596638645,0.13194840583239056,1.219512,0.9625051596638645,0.13194840583239056,1.219512,5.789264705882368,27.438801273833423,283.36,5.789264705882368,27.438801273833423,283.36,5.789264705882368,27.438801273833423,283.36,0.08790958749999998,0.10212883210091207,0.39605999999999997,0.08790958749999998,0.10212883210091207,0.39605999999999997,0.08790958749999998,0.10212883210091207,0.39605999999999997
14,Neck,14,10,No Fall,0.9424612773109209,0.20077251938088955,3.850564,0.9424612773109209,0.20077251938088955,3.850564,0.9424612773109209,0.20077251938088955,3.850564,3.275294117647058,29.955019428917538,372.12000000000006,3.275294117647058,29.955019428917538,372.12000000000006,3.275294117647058,29.955019428917538,372.12000000000006,0.01716155000000001,0.07802894110122442,0.38037999999999994,0.01716155000000001,0.07802894110122442,0.38037999999999994,0.01716155000000001,0.07802894110122442,0.38037999999999994
14,Neck,14,11,No Fall,0.9662283126050434,0.05724527979958905,0.7156520000000001,0.9662283126050434,0.05724527979958905,0.7156520000000001,0.9662283126050434,0.05724527979958905,0.7156520000000001,5.59354411764705,18.087858700880254,191.31,5.59354411764705,18.087858700880254,191.31,5.59354411764705,18.087858700880254,191.31,0.057529762499999935,0.08661766688487381,0.33796,0.057529762499999935,0.08661766688487381,0.33796,0.057529762499999935,0.08661766688487381,0.33796
14,Neck,14,12,No Fall,0.9581845142857178,0.05848927289572666,0.722972,0.9581845142857178,0.05848927289572666,0.722972,0.9581845142857178,0.05848927289572666,0.722972,6.1699705882353015,19.691449283072192,211.54000000000002,6.1699705882353015,19.691449283072192,211.54000000000002,6.1699705882353015,19.691449283072192,211.54000000000002,0.02502578749999998,0.0743827190839128,0.3885,0.02502578749999998,0.0743827190839128,0.3885,0.02502578749999998,0.0743827190839128,0.3885
14,Neck,15,1,No Fall,0.9523250285714342,0.20270823877281113,3.886188,0.9523250285714342,0.20270823877281113,3.886188,0.9523250285714342,0.20270823877281113,3.886188,5.384249999999984,23.28398593708565,332.36,5.384249999999984,23.28398593708565,332.36,5.384249999999984,23.28398593708565,332.36,0.02123765000000001,0.05888528519915317,0.37254,0.02123765000000001,0.05888528519915317,0.37254,0.02123765000000001,0.05888528519915317,0.37254
14,Neck,15,2,No Fall,0.9377094285714285,0.22472421534800174,4.719691999999999,0.9377094285714285,0.22472421534800174,4.719691999999999,0.9377094285714285,0.22472421534800174,4.719691999999999,5.287985294117637,23.693253926157343,422.73,5.287985294117637,23.693253926157343,422.73,5.287985294117637,23.693253926157343,422.73,0.0018119500000000073,0.05168946144005069,0.33642,0.0018119500000000073,0.05168946144005069,0.33642,0.0018119500000000073,0.05168946144005069,0.33642
14,Neck,15,3,No Fall,0.9420939957983202,0.20026919681235053,3.850564,0.9420939957983202,0.20026919681235053,3.850564,0.9420939957983202,0.20026919681235053,3.850564,6.053455882352924,33.0821541364111,372.12000000000006,6.053455882352924,33.0821541364111,372.12000000000006,6.053455882352924,33.0821541364111,372.12000000000006,0.032404837500000006,0.0717037476635058,0.35811999999999994,0.032404837500000006,0.0717037476635058,0.35811999999999994,0.032404837500000006,0.0717037476635058,0.35811999999999994
14,Neck,16,1,No Fall,0.5379587949579828,0.45158489364042725,1.757288,0.5379587949579828,0.45158489364042725,1.757288,0.5379587949579828,0.45158489364042725,1.757288,2.984352941176467,31.10468389627619,314.58000000000004,2.984352941176467,31.10468389627619,314.58000000000004,2.984352941176467,31.10468389627619,314.58000000000004,-0.04010658750000003,0.14770051312991977,0.43889999999999996,-0.04010658750000003,0.14770051312991977,0.43889999999999996,-0.04010658750000003,0.14770051312991977,0.43889999999999996
14,Neck,16,2,No Fall,0.534110668907561,0.44665157041386716,1.7180039999999999,0.534110668907561,0.44665157041386716,1.7180039999999999,0.534110668907561,0.44665157041386716,1.7180039999999999,4.036352941176466,21.11873373723494,276.15000000000003,4.036352941176466,21.11873373723494,276.15000000000003,4.036352941176466,21.11873373723494,276.15000000000003,-0.09695848749999994,0.08331159637630937,0.38737999999999995,-0.09695848749999994,0.08331159637630937,0.38737999999999995,-0.09695848749999994,0.08331159637630937,0.38737999999999995
14,Neck,16,3,No Fall,0.5226486151260484,0.4567814055433176,1.856596,0.5226486151260484,0.4567814055433176,1.856596,0.5226486151260484,0.4567814055433176,1.856596,2.7814558823529367,28.952976058672686,283.08000000000004,2.7814558823529367,28.952976058672686,283.08000000000004,2.7814558823529367,28.952976058672686,283.08000000000004,-0.03833602499999995,0.1635358260648218,0.5426399999999999,-0.03833602499999995,0.1635358260648218,0.5426399999999999,-0.03833602499999995,0.1635358260648218,0.5426399999999999
14,Neck,16,4,No Fall,0.5050406831932761,0.48098517603857377,2.152568,0.5050406831932761,0.48098517603857377,2.152568,0.5050406831932761,0.48098517603857377,2.152568,4.577897058823523,19.424074326131976,314.44000000000005,4.577897058823523,19.424074326131976,314.44000000000005,4.577897058823523,19.424074326131976,314.44000000000005,-0.09165056249999992,0.07457052573404097,0.33852,-0.09165056249999992,0.07457052573404097,0.33852,-0.09165056249999992,0.07457052573404097,0.33852
14,Neck,16,5,No Fall,0.5034534529411767,0.4922912952104802,1.89588,0.5034534529411767,0.4922912952104802,1.89588,0.5034534529411767,0.4922912952104802,1.89588,1.1643529411764755,29.912225021167696,341.6,1.1643529411764755,29.912225021167696,341.6,1.1643529411764755,29.912225021167696,341.6,-0.021444412500000044,0.1792101750865837,0.54572,-0.021444412500000044,0.1792101750865837,0.54572,-0.021444412500000044,0.1792101750865837,0.54572
14,Neck,16,6,No Fall,0.5311204386554611,0.47627118134648905,1.8817279999999998,0.5311204386554611,0.47627118134648905,1.8817279999999998,0.5311204386554611,0.47627118134648905,1.8817279999999998,4.2196323529411774,21.678621948872753,216.3,4.2196323529411774,21.678621948872753,216.3,4.2196323529411774,21.678621948872753,216.3,-0.07747757499999999,0.1020231971052986,0.44561999999999996,-0.07747757499999999,0.1020231971052986,0.44561999999999996,-0.07747757499999999,0.1020231971052986,0.44561999999999996
14,Neck,17,1,No Fall,0.3789536319327724,0.343239807124138,1.635044,0.3789536319327724,0.343239807124138,1.635044,0.3789536319327724,0.343239807124138,1.635044,7.767705882352838,21.24440240354034,366.94,7.767705882352838,21.24440240354034,366.94,7.767705882352838,21.24440240354034,366.94,0.03609480000000005,0.23060181910236155,0.52752,0.03609480000000005,0.23060181910236155,0.52752,0.03609480000000005,0.23060181910236155,0.52752
14,Neck,17,2,No Fall,0.41484659579831984,0.38422915851541317,1.50792,0.41484659579831984,0.38422915851541317,1.50792,0.41484659579831984,0.38422915851541317,1.50792,8.069088235294155,19.573810461613636,303.87,8.069088235294155,19.573810461613636,303.87,8.069088235294155,19.573810461613636,303.87,0.020103212499999964,0.20419709634144212,0.4757199999999999,0.020103212499999964,0.20419709634144212,0.4757199999999999,0.020103212499999964,0.20419709634144212,0.4757199999999999
14,Neck,17,3,No Fall,0.3758018798319334,0.35395585362983606,1.600396,0.3758018798319334,0.35395585362983606,1.600396,0.3758018798319334,0.35395585362983606,1.600396,7.065352941176513,22.00214007054247,329.70000000000005,7.065352941176513,22.00214007054247,329.70000000000005,7.065352941176513,22.00214007054247,329.70000000000005,0.02745128750000006,0.2210690236523515,0.5481,0.02745128750000006,0.2210690236523515,0.5481,0.02745128750000006,0.2210690236523515,0.5481
14,Neck,17,4,No Fall,0.36063774117647057,0.3885978405707321,1.141188,0.36063774117647057,0.3885978405707321,1.141188,0.36063774117647057,0.3885978405707321,1.141188,6.947676470588214,13.186892542357064,199.50000000000003,6.947676470588214,13.186892542357064,199.50000000000003,6.947676470588214,13.186892542357064,199.50000000000003,0.05171075000000006,0.21416523817654087,0.48412,0.05171075000000006,0.21416523817654087,0.48412,0.05171075000000006,0.21416523817654087,0.48412
14,Neck,17,5,No Fall,0.38214290672268936,0.38566578618987357,1.353224,0.38214290672268936,0.38566578618987357,1.353224,0.38214290672268936,0.38566578618987357,1.353224,6.2260882352940925,14.38020118947676,174.86,6.2260882352940925,14.38020118947676,174.86,6.2260882352940925,14.38020118947676,174.86,-0.033821462499999816,0.15293268063633494,0.36526,-0.033821462499999816,0.15293268063633494,0.36526,-0.033821462499999816,0.15293268063633494,0.36526
14,Neck,17,6,No Fall,0.37667894705882404,0.39399696188916056,1.324676,0.37667894705882404,0.39399696188916056,1.324676,0.37667894705882404,0.39399696188916056,1.324676,7.781867647058659,14.099111693866671,190.96000000000004,7.781867647058659,14.099111693866671,190.96000000000004,7.781867647058659,14.099111693866671,190.96000000000004,0.007122674999999606,0.19722174458634206,0.4557,0.007122674999999606,0.19722174458634206,0.4557,0.007122674999999606,0.19722174458634206,0.4557
14,Neck,18,1,No Fall,0.848347042857144,0.16012632634606014,1.005036,0.848347042857144,0.16012632634606014,1.005036,0.848347042857144,0.16012632634606014,1.005036,4.665500000000001,25.600524567351243,266.56000000000006,4.665500000000001,25.600524567351243,266.56000000000006,4.665500000000001,25.600524567351243,266.56000000000006,0.1933845375000002,0.11625207943686196,0.43987999999999994,0.1933845375000002,0.11625207943686196,0.43987999999999994,0.1933845375000002,0.11625207943686196,0.43987999999999994
14,Neck,18,2,No Fall,0.8673280386554636,0.10313338021256493,0.6922280000000001,0.8673280386554636,0.10313338021256493,0.6922280000000001,0.8673280386554636,0.10313338021256493,0.6922280000000001,5.024338235294115,20.663575253063225,218.89000000000004,5.024338235294115,20.663575253063225,218.89000000000004,5.024338235294115,20.663575253063225,218.89000000000004,0.13045952499999994,0.10318475604685834,0.40628,0.13045952499999994,0.10318475604685834,0.40628,0.13045952499999994,0.10318475604685834,0.40628
14,Neck,18,3,No Fall,0.8423655571428567,0.19933959852186883,1.3595679999999999,0.8423655571428567,0.19933959852186883,1.3595679999999999,0.8423655571428567,0.19933959852186883,1.3595679999999999,6.183558823529391,25.951152589460868,226.52000000000004,6.183558823529391,25.951152589460868,226.52000000000004,6.183558823529391,25.951152589460868,226.52000000000004,0.21547548750000034,0.0881842396744832,0.4088,0.21547548750000034,0.0881842396744832,0.4088,0.21547548750000034,0.0881842396744832,0.4088
14,Neck,18,4,No Fall,0.8468235294117654,0.12574033203864957,0.992836,0.8468235294117654,0.12574033203864957,0.992836,0.8468235294117654,0.12574033203864957,0.992836,3.8349264705882398,18.214254265609107,226.03000000000003,3.8349264705882398,18.214254265609107,226.03000000000003,3.8349264705882398,18.214254265609107,226.03000000000003,0.12056756249999999,0.13464942996603232,0.39227999999999996,0.12056756249999999,0.13464942996603232,0.39227999999999996,0.12056756249999999,0.13464942996603232,0.39227999999999996
14,Neck,18,5,No Fall,0.8665205831932786,0.18178476073658478,1.388116,0.8665205831932786,0.18178476073658478,1.388116,0.8665205831932786,0.18178476073658478,1.388116,5.410308823529418,24.320168598100974,202.79000000000002,5.410308823529418,24.320168598100974,202.79000000000002,5.410308823529418,24.320168598100974,202.79000000000002,0.16193388749999996,0.09502798713194349,0.427,0.16193388749999996,0.09502798713194349,0.427,0.16193388749999996,0.09502798713194349,0.427
14,Neck,18,6,No Fall,0.8469669563025223,0.1560685592063531,0.950868,0.8469669563025223,0.1560685592063531,0.950868,0.8469669563025223,0.1560685592063531,0.950868,5.234455882352953,24.245224236868047,257.04,5.234455882352953,24.245224236868047,257.04,5.234455882352953,24.245224236868047,257.04,0.11581578750000002,0.1158209429324786,0.51198,0.11581578750000002,0.1158209429324786,0.51198,0.11581578750000002,0.1158209429324786,0.51198
14,Neck,19,1,No Fall,0.9616870932773115,0.1411669103420865,1.011136,0.9616870932773115,0.1411669103420865,1.011136,0.9616870932773115,0.1411669103420865,1.011136,6.322647058823535,16.713606688847786,165.06,6.322647058823535,16.713606688847786,165.06,6.322647058823535,16.713606688847786,165.06,0.2951723250000004,0.01634345621173703,0.10751999999999998,0.2951723250000004,0.01634345621173703,0.10751999999999998,0.2951723250000004,0.01634345621173703,0.10751999999999998
14,Neck,19,2,No Fall,0.973874124369747,0.19441300805463782,1.3085719999999998,0.973874124369747,0.19441300805463782,1.3085719999999998,0.973874124369747,0.19441300805463782,1.3085719999999998,5.864441176470575,20.66316122971905,195.09000000000003,5.864441176470575,20.66316122971905,195.09000000000003,5.864441176470575,20.66316122971905,195.09000000000003,-0.03693357500000005,0.09808040197716299,0.4669,-0.03693357500000005,0.09808040197716299,0.4669,-0.03693357500000005,0.09808040197716299,0.4669
14,Neck,19,3,No Fall,0.967190421008403,0.16134880890687242,1.0409039999999998,0.967190421008403,0.16134880890687242,1.0409039999999998,0.967190421008403,0.16134880890687242,1.0409039999999998,5.8678235294117504,21.4734975504241,227.5,5.8678235294117504,21.4734975504241,227.5,5.8678235294117504,21.4734975504241,227.5,-0.06233106250000002,0.019133302443909178,0.10583999999999999,-0.06233106250000002,0.019133302443909178,0.10583999999999999,-0.06233106250000002,0.019133302443909178,0.10583999999999999
14,Neck,19,4,No Fall,0.9792728294117655,0.3051246635201922,1.678232,0.9792728294117655,0.3051246635201922,1.678232,0.9792728294117655,0.3051246635201922,1.678232,6.471014705882364,37.067052988203656,308.42,6.471014705882364,37.067052988203656,308.42,6.471014705882364,37.067052988203656,308.42,0.2975588000000002,0.02420575191098153,0.19334,0.2975588000000002,0.02420575191098153,0.19334,0.2975588000000002,0.02420575191098153,0.19334
14,Neck,19,5,No Fall,0.965507538655463,0.1516622601343098,1.466196,0.965507538655463,0.1516622601343098,1.466196,0.965507538655463,0.1516622601343098,1.466196,6.606720588235286,22.154025367620047,213.43,6.606720588235286,22.154025367620047,213.43,6.606720588235286,22.154025367620047,213.43,0.2813948375000004,0.03453117838307749,0.1729,0.2813948375000004,0.03453117838307749,0.1729,0.2813948375000004,0.03453117838307749,0.1729
14,Neck,19,6,No Fall,0.9770138302521029,0.2624928772650928,1.588684,0.9770138302521029,0.2624928772650928,1.588684,0.9770138302521029,0.2624928772650928,1.588684,5.937852941176464,31.77126547144244,311.71000000000004,5.937852941176464,31.77126547144244,311.71000000000004,5.937852941176464,31.77126547144244,311.71000000000004,-0.02122041249999987,0.1206709272401827,0.48229999999999995,-0.02122041249999987,0.1206709272401827,0.48229999999999995,-0.02122041249999987,0.1206709272401827,0.48229999999999995
14,Neck,20,1,No Fall,0.9749686386554667,0.19206039328567193,1.1006839999999998,0.9749686386554667,0.19206039328567193,1.1006839999999998,0.9749686386554667,0.19206039328567193,1.1006839999999998,6.995911764705875,24.067956192525813,190.61,6.995911764705875,24.067956192525813,190.61,6.995911764705875,24.067956192525813,190.61,0.22791186250000042,0.12980871272267436,0.41747999999999996,0.22791186250000042,0.12980871272267436,0.41747999999999996,0.22791186250000042,0.12980871272267436,0.41747999999999996
14,Neck,20,2,No Fall,0.9786737991596675,0.32365986163048593,1.5523280000000002,0.9786737991596675,0.32365986163048593,1.5523280000000002,0.9786737991596675,0.32365986163048593,1.5523280000000002,6.385632352941169,35.2399969855091,290.22,6.385632352941169,35.2399969855091,290.22,6.385632352941169,35.2399969855091,290.22,0.1795431749999999,0.15735865264069526,0.45724,0.1795431749999999,0.15735865264069526,0.45724,0.1795431749999999,0.15735865264069526,0.45724
14,Neck,20,3,No Fall,0.9730725638655435,0.20852522219687916,1.1031239999999998,0.9730725638655435,0.20852522219687916,1.1031239999999998,0.9730725638655435,0.20852522219687916,1.1031239999999998,6.12107352941176,29.339557695522824,229.04000000000002,6.12107352941176,29.339557695522824,229.04000000000002,6.12107352941176,29.339557695522824,229.04000000000002,-0.004400812499999882,0.12297488032657085,0.49993999999999994,-0.004400812499999882,0.12297488032657085,0.49993999999999994,-0.004400812499999882,0.12297488032657085,0.49993999999999994
14,Neck,20,4,No Fall,0.9874063336134477,0.4048313252322343,1.75436,0.9874063336134477,0.4048313252322343,1.75436,0.9874063336134477,0.4048313252322343,1.75436,6.172823529411757,49.78661988711357,292.53000000000003,6.172823529411757,49.78661988711357,292.53000000000003,6.172823529411757,49.78661988711357,292.53000000000003,0.10744816250000029,0.15675611861447572,0.42447999999999997,0.10744816250000029,0.15675611861447572,0.42447999999999997,0.10744816250000029,0.15675611861447572,0.42447999999999997
14,Neck,20,5,No Fall,0.9811367638655453,0.20706023600422888,1.466196,0.9811367638655453,0.20706023600422888,1.466196,0.9811367638655453,0.20706023600422888,1.466196,7.634558823529421,31.230863321431926,225.96000000000004,7.634558823529421,31.230863321431926,225.96000000000004,7.634558823529421,31.230863321431926,225.96000000000004,0.2108574999999999,0.14873518802168967,0.45863999999999994,0.2108574999999999,0.14873518802168967,0.45863999999999994,0.2108574999999999,0.14873518802168967,0.45863999999999994
14,Neck,20,6,No Fall,0.9890554352941199,0.3878916589126624,1.871236,0.9890554352941199,0.3878916589126624,1.871236,0.9890554352941199,0.3878916589126624,1.871236,5.807470588235291,48.3229941771207,325.92,5.807470588235291,48.3229941771207,325.92,5.807470588235291,48.3229941771207,325.92,0.1785993999999997,0.15981911140214383,0.46536,0.1785993999999997,0.15981911140214383,0.46536,0.1785993999999997,0.15981911140214383,0.46536
14,Neck,21,1,No Fall,0.9747864588235284,0.1383827952414683,1.0140639999999999,0.9747864588235284,0.1383827952414683,1.0140639999999999,0.9747864588235284,0.1383827952414683,1.0140639999999999,5.8391911764705995,18.658372864604882,190.47000000000003,5.8391911764705995,18.658372864604882,190.47000000000003,5.8391911764705995,18.658372864604882,190.47000000000003,0.009120999999999943,0.1473972818734789,0.4683,0.009120999999999943,0.1473972818734789,0.4683,0.009120999999999943,0.1473972818734789,0.4683
14,Neck,21,2,No Fall,0.9744358882352943,0.27356367182150426,1.782176,0.9744358882352943,0.27356367182150426,1.782176,0.9744358882352943,0.27356367182150426,1.782176,7.125205882352922,30.87260291789948,306.39,7.125205882352922,30.87260291789948,306.39,7.125205882352922,30.87260291789948,306.39,0.10255778750000007,0.1695370412626101,0.43694,0.10255778750000007,0.1695370412626101,0.43694,0.10255778750000007,0.1695370412626101,0.43694
14,Neck,21,3,No Fall,0.9744026714285733,0.21794474930984042,1.619916,0.9744026714285733,0.21794474930984042,1.619916,0.9744026714285733,0.21794474930984042,1.619916,6.330661764705884,28.462192483535663,308.42,6.330661764705884,28.462192483535663,308.42,6.330661764705884,28.462192483535663,308.42,0.20014146249999995,0.1554573565810995,0.49251999999999996,0.20014146249999995,0.1554573565810995,0.49251999999999996,0.20014146249999995,0.1554573565810995,0.49251999999999996
14,Neck,21,4,No Fall,0.9768378529411792,0.3315959674066033,2.102548,0.9768378529411792,0.3315959674066033,2.102548,0.9768378529411792,0.3315959674066033,2.102548,5.832470588235298,43.31283361082979,445.62,5.832470588235298,43.31283361082979,445.62,5.832470588235298,43.31283361082979,445.62,0.11458352500000009,0.14992529145781575,0.47319999999999995,0.11458352500000009,0.14992529145781575,0.47319999999999995,0.11458352500000009,0.14992529145781575,0.47319999999999995
14,Neck,21,5,No Fall,0.9772561386554609,0.1484612712373491,1.0972680000000001,0.9772561386554609,0.1484612712373491,1.0972680000000001,0.9772561386554609,0.1484612712373491,1.0972680000000001,6.154588235294129,23.626912041098436,204.54000000000002,6.154588235294129,23.626912041098436,204.54000000000002,6.154588235294129,23.626912041098436,204.54000000000002,0.01520470000000007,0.15372527306251985,0.47866,0.01520470000000007,0.15372527306251985,0.47866,0.01520470000000007,0.15372527306251985,0.47866
14,Neck,21,6,No Fall,0.9832424428571422,0.2725377834923768,1.63846,0.9832424428571422,0.2725377834923768,1.63846,0.9832424428571422,0.2725377834923768,1.63846,4.87041176470588,34.05583538984489,310.66,4.87041176470588,34.05583538984489,310.66,4.87041176470588,34.05583538984489,310.66,0.016188899999999954,0.15092344646698672,0.48832,0.016188899999999954,0.15092344646698672,0.48832,0.016188899999999954,0.15092344646698672,0.48832
14,Neck,22,1,No Fall,0.988170268907564,0.44152965540624045,2.0683879999999997,0.988170268907564,0.44152965540624045,2.0683879999999997,0.988170268907564,0.44152965540624045,2.0683879999999997,6.035647058823534,53.31788958996012,350.35,6.035647058823534,53.31788958996012,350.35,6.035647058823534,53.31788958996012,350.35,0.2012730999999997,0.1514376537845024,0.4382,0.2012730999999997,0.1514376537845024,0.4382,0.2012730999999997,0.1514376537845024,0.4382
14,Neck,22,2,No Fall,0.9903586310924357,0.4096147329985837,2.439024,0.9903586310924357,0.4096147329985837,2.439024,0.9903586310924357,0.4096147329985837,2.439024,5.843441176470587,65.39487323415105,445.62,5.843441176470587,65.39487323415105,445.62,5.843441176470587,65.39487323415105,445.62,0.14373248749999984,0.1534848127149595,0.45416,0.14373248749999984,0.1534848127149595,0.45416,0.14373248749999984,0.1534848127149595,0.45416
14,Neck,22,3,No Fall,0.9925748789915952,0.432307879852771,1.987136,0.9925748789915952,0.432307879852771,1.987136,0.9925748789915952,0.432307879852771,1.987136,5.350514705882345,66.00340087457353,410.69000000000005,5.350514705882345,66.00340087457353,410.69000000000005,5.350514705882345,66.00340087457353,410.69000000000005,0.15864458749999982,0.15490279509957486,0.46409999999999996,0.15864458749999982,0.15490279509957486,0.46409999999999996,0.15864458749999982,0.15490279509957486,0.46409999999999996
14,Neck,23,1,No Fall,0.9678542957983183,0.23165259009155834,3.1576039999999996,0.9678542957983183,0.23165259009155834,3.1576039999999996,0.9678542957983183,0.23165259009155834,3.1576039999999996,6.77410294117648,38.08529409829739,642.3900000000001,6.77410294117648,38.08529409829739,642.3900000000001,6.77410294117648,38.08529409829739,642.3900000000001,0.2561358625000002,0.1218599876456551,0.5926199999999999,0.2561358625000002,0.1218599876456551,0.5926199999999999,0.2561358625000002,0.1218599876456551,0.5926199999999999
14,Neck,23,2,No Fall,0.9597531369747897,0.2516788767321797,2.9143359999999996,0.9597531369747897,0.2516788767321797,2.9143359999999996,0.9597531369747897,0.2516788767321797,2.9143359999999996,7.392044117647076,39.73510490698441,582.19,7.392044117647076,39.73510490698441,582.19,7.392044117647076,39.73510490698441,582.19,0.2729582624999997,0.11921400251744231,0.6248199999999999,0.2729582624999997,0.11921400251744231,0.6248199999999999,0.2729582624999997,0.11921400251744231,0.6248199999999999
14,Neck,23,3,No Fall,0.9631099823529378,0.24292393205120583,2.54492,0.9631099823529378,0.24292393205120583,2.54492,0.9631099823529378,0.24292393205120583,2.54492,6.855882352941182,39.946167431634535,493.57000000000005,6.855882352941182,39.946167431634535,493.57000000000005,6.855882352941182,39.946167431634535,493.57000000000005,0.26638491249999985,0.10250560323856404,0.58268,0.26638491249999985,0.10250560323856404,0.58268,0.26638491249999985,0.10250560323856404,0.58268
14,Neck,24,1,No Fall,0.9883705949579819,0.8836614701663716,4.868532,0.9883705949579819,0.8836614701663716,4.868532,0.9883705949579819,0.8836614701663716,4.868532,5.602044117647053,89.24569171262404,753.0600000000001,5.602044117647053,89.24569171262404,753.0600000000001,5.602044117647053,89.24569171262404,753.0600000000001,0.0751008125,0.14558167377429995,0.4851,0.0751008125,0.14558167377429995,0.4851,0.0751008125,0.14558167377429995,0.4851
14,Neck,24,2,No Fall,0.9954613067226873,1.075932506282743,4.680651999999999,0.9954613067226873,1.075932506282743,4.680651999999999,0.9954613067226873,1.075932506282743,4.680651999999999,5.331058823529446,113.04263122128796,860.72,5.331058823529446,113.04263122128796,860.72,5.331058823529446,113.04263122128796,860.72,0.1420156500000001,0.16955772236862818,0.51324,0.1420156500000001,0.16955772236862818,0.51324,0.1420156500000001,0.16955772236862818,0.51324
14,Neck,24,3,No Fall,0.9992464336134457,1.1341762730936191,4.74336,0.9992464336134457,1.1341762730936191,4.74336,0.9992464336134457,1.1341762730936191,4.74336,2.8715588235294156,117.8699795916385,843.1500000000001,2.8715588235294156,117.8699795916385,843.1500000000001,2.8715588235294156,117.8699795916385,843.1500000000001,0.16328725000000002,0.16091915983480237,0.52108,0.16328725000000002,0.16091915983480237,0.52108,0.16328725000000002,0.16091915983480237,0.52108
14,Neck,25,1,No Fall,1.0064041428571433,1.2104164392145143,5.727412,1.0064041428571433,1.2104164392145143,5.727412,1.0064041428571433,1.2104164392145143,5.727412,2.3577058823529455,133.910713018707,959.1400000000001,2.3577058823529455,133.910713018707,959.1400000000001,2.3577058823529455,133.910713018707,959.1400000000001,0.215019525,0.15944330087885888,0.58142,0.215019525,0.15944330087885888,0.58142,0.215019525,0.15944330087885888,0.58142
14,Neck,25,2,No Fall,1.001990203361345,1.2055886160162768,5.697156,1.001990203361345,1.2055886160162768,5.697156,1.001990203361345,1.2055886160162768,5.697156,1.760294117647061,127.62023991470721,1107.96,1.760294117647061,127.62023991470721,1107.96,1.760294117647061,127.62023991470721,1107.96,0.1452491249999999,0.15536560785224948,0.5285,0.1452491249999999,0.15536560785224948,0.5285,0.1452491249999999,0.15536560785224948,0.5285
14,Neck,25,3,No Fall,1.007596667226891,1.3624206866394302,6.728543999999999,1.007596667226891,1.3624206866394302,6.728543999999999,1.007596667226891,1.3624206866394302,6.728543999999999,1.5082794117647063,135.76404895221097,1012.6200000000001,1.5082794117647063,135.76404895221097,1012.6200000000001,1.5082794117647063,135.76404895221097,1012.6200000000001,0.1705845749999997,0.1593181925616785,0.5245799999999999,0.1705845749999997,0.1593181925616785,0.5245799999999999,0.1705845749999997,0.1593181925616785,0.5245799999999999
14,Neck,26,1,No Fall,0.9664883058823538,0.19351229200068643,3.76492,0.9664883058823538,0.19351229200068643,3.76492,0.9664883058823538,0.19351229200068643,3.76492,5.24842647058825,31.5203849852513,1020.4600000000002,5.24842647058825,31.5203849852513,1020.4600000000002,5.24842647058825,31.5203849852513,1020.4600000000002,-0.03291172500000005,0.01272032337112706,0.14195999999999998,-0.03291172500000005,0.01272032337112706,0.14195999999999998,-0.03291172500000005,0.01272032337112706,0.14195999999999998
14,Neck,26,2,No Fall,0.9730408336134457,0.3049332080426834,4.606231999999999,0.9730408336134457,0.3049332080426834,4.606231999999999,0.9730408336134457,0.3049332080426834,4.606231999999999,4.909970588235282,35.1482030368116,660.6600000000001,4.909970588235282,35.1482030368116,660.6600000000001,4.909970588235282,35.1482030368116,660.6600000000001,0.15626406249999975,0.11217901467667539,0.4241999999999999,0.15626406249999975,0.11217901467667539,0.4241999999999999,0.15626406249999975,0.11217901467667539,0.4241999999999999
14,Neck,26,3,No Fall,0.9679623529411728,0.1786344240987699,4.071628,0.9679623529411728,0.1786344240987699,4.071628,0.9679623529411728,0.1786344240987699,4.071628,5.342867647058822,26.304451681486125,873.8800000000001,5.342867647058822,26.304451681486125,873.8800000000001,5.342867647058822,26.304451681486125,873.8800000000001,-0.020067599999999963,0.011479302231726886,0.11339999999999999,-0.020067599999999963,0.011479302231726886,0.11339999999999999,-0.020067599999999963,0.011479302231726886,0.11339999999999999
14,Neck,26,4,No Fall,0.9763019243697516,0.3473597495077653,6.16466,0.9763019243697516,0.3473597495077653,6.16466,0.9763019243697516,0.3473597495077653,6.16466,7.067911764705881,39.56525610345831,786.0300000000001,7.067911764705881,39.56525610345831,786.0300000000001,7.067911764705881,39.56525610345831,786.0300000000001,0.15954793749999982,0.10929560986703084,0.41285999999999995,0.15954793749999982,0.10929560986703084,0.41285999999999995,0.15954793749999982,0.10929560986703084,0.41285999999999995
14,Neck,27,1,No Fall,0.9670862084033627,0.28126511523268066,5.214036,0.9670862084033627,0.28126511523268066,5.214036,0.9670862084033627,0.28126511523268066,5.214036,5.606749999999982,36.375599716900005,793.6600000000001,5.606749999999982,36.375599716900005,793.6600000000001,5.606749999999982,36.375599716900005,793.6600000000001,-0.030837187500000026,0.018816033051023407,0.18059999999999998,-0.030837187500000026,0.018816033051023407,0.18059999999999998,-0.030837187500000026,0.018816033051023407,0.18059999999999998
14,Neck,27,2,No Fall,0.9257171361344547,0.34174231812005523,4.288787999999999,0.9257171361344547,0.34174231812005523,4.288787999999999,0.9257171361344547,0.34174231812005523,4.288787999999999,8.204102941176446,40.40774838724288,657.09,8.204102941176446,40.40774838724288,657.09,8.204102941176446,40.40774838724288,657.09,0.15530016250000012,0.13420984288019744,0.5496399999999999,0.15530016250000012,0.13420984288019744,0.5496399999999999,0.15530016250000012,0.13420984288019744,0.5496399999999999
14,Neck,27,3,No Fall,0.9689271268907551,0.2728749937406804,3.8500759999999996,0.9689271268907551,0.2728749937406804,3.8500759999999996,0.9689271268907551,0.2728749937406804,3.8500759999999996,5.584205882352933,26.146047209095855,433.02000000000004,5.584205882352933,26.146047209095855,433.02000000000004,5.584205882352933,26.146047209095855,433.02000000000004,-0.021306862500000034,0.015439054842026506,0.1365,-0.021306862500000034,0.015439054842026506,0.1365,-0.021306862500000034,0.015439054842026506,0.1365
14,Neck,27,4,No Fall,0.9575860478991596,0.35967240585693816,6.16466,0.9575860478991596,0.35967240585693816,6.16466,0.9575860478991596,0.35967240585693816,6.16466,8.663691176470586,43.56785939463541,786.0300000000001,8.663691176470586,43.56785939463541,786.0300000000001,8.663691176470586,43.56785939463541,786.0300000000001,0.16598093749999981,0.11736640580732068,0.50372,0.16598093749999981,0.11736640580732068,0.50372,0.16598093749999981,0.11736640580732068,0.50372
14,Neck,28,1,No Fall,0.9224857252100849,0.10983939656750719,0.776896,0.9224857252100849,0.10983939656750719,0.776896,0.9224857252100849,0.10983939656750719,0.776896,5.653029411764693,26.29889198881722,368.90000000000003,5.653029411764693,26.29889198881722,368.90000000000003,5.653029411764693,26.29889198881722,368.90000000000003,-0.00020291249999999827,0.09126824326900733,0.46606,-0.00020291249999999827,0.09126824326900733,0.46606,-0.00020291249999999827,0.09126824326900733,0.46606
14,Neck,28,2,No Fall,0.9066592495798309,0.31265394781151296,4.288787999999999,0.9066592495798309,0.31265394781151296,4.288787999999999,0.9066592495798309,0.31265394781151296,4.288787999999999,7.208191176470596,42.24921781666735,657.09,7.208191176470596,42.24921781666735,657.09,7.208191176470596,42.24921781666735,657.09,0.1399030500000001,0.1251433298375278,0.5496399999999999,0.1399030500000001,0.1251433298375278,0.5496399999999999,0.1399030500000001,0.1251433298375278,0.5496399999999999
14,Neck,28,3,No Fall,0.9358707655462198,0.07574324313324421,0.8405799999999999,0.9358707655462198,0.07574324313324421,0.8405799999999999,0.9358707655462198,0.07574324313324421,0.8405799999999999,5.601058823529416,23.28368298152572,303.45000000000005,5.601058823529416,23.28368298152572,303.45000000000005,5.601058823529416,23.28368298152572,303.45000000000005,-0.0071407875000000145,0.0712379828603119,0.41775999999999996,-0.0071407875000000145,0.0712379828603119,0.41775999999999996,-0.0071407875000000145,0.0712379828603119,0.41775999999999996
14,Neck,28,4,No Fall,0.9394591546218507,0.2956233504792381,6.16466,0.9394591546218507,0.2956233504792381,6.16466,0.9394591546218507,0.2956233504792381,6.16466,6.589176470588249,40.947943950819884,719.6700000000001,6.589176470588249,40.947943950819884,719.6700000000001,6.589176470588249,40.947943950819884,719.6700000000001,0.14908005000000002,0.13002126632423586,0.5314399999999999,0.14908005000000002,0.13002126632423586,0.5314399999999999,0.14908005000000002,0.13002126632423586,0.5314399999999999
14,Neck,29,1,No Fall,0.9417507554621865,0.18207474084510922,1.219756,0.9417507554621865,0.18207474084510922,1.219756,0.9417507554621865,0.18207474084510922,1.219756,7.6081911764705925,19.839870736465954,185.85000000000002,7.6081911764705925,19.839870736465954,185.85000000000002,7.6081911764705925,19.839870736465954,185.85000000000002,0.2015322749999997,0.046474405599310875,0.25129999999999997,0.2015322749999997,0.046474405599310875,0.25129999999999997,0.2015322749999997,0.046474405599310875,0.25129999999999997
14,Neck,29,2,No Fall,0.9472475218487422,0.2142893149071967,1.3188199999999999,0.9472475218487422,0.2142893149071967,1.3188199999999999,0.9472475218487422,0.2142893149071967,1.3188199999999999,6.683264705882351,23.95220694943966,241.01000000000005,6.683264705882351,23.95220694943966,241.01000000000005,6.683264705882351,23.95220694943966,241.01000000000005,0.20299781249999968,0.04573870985228692,0.2685199999999999,0.20299781249999968,0.04573870985228692,0.2685199999999999,0.20299781249999968,0.04573870985228692,0.2685199999999999
14,Neck,30,1,No Fall,0.9305532571428557,0.24622858183864227,1.484496,0.9305532571428557,0.24622858183864227,1.484496,0.9305532571428557,0.24622858183864227,1.484496,9.820999999999984,26.387690953151623,158.62,9.820999999999984,26.387690953151623,158.62,9.820999999999984,26.387690953151623,158.62,0.23802589999999982,0.07214922348314476,0.36554,0.23802589999999982,0.07214922348314476,0.36554,0.23802589999999982,0.07214922348314476,0.36554
14,Neck,30,2,No Fall,0.9394209142857131,0.26366795653810704,1.326384,0.9394209142857131,0.26366795653810704,1.326384,0.9394209142857131,0.26366795653810704,1.326384,8.456426470588225,34.45634756501884,207.76000000000005,8.456426470588225,34.45634756501884,207.76000000000005,8.456426470588225,34.45634756501884,207.76000000000005,0.24035444999999986,0.06912401563609087,0.37645999999999996,0.24035444999999986,0.06912401563609087,0.37645999999999996,0.24035444999999986,0.06912401563609087,0.37645999999999996
14,Neck,31,1,No Fall,0.9384096983193302,0.1481775425618154,0.9608719999999998,0.9384096983193302,0.1481775425618154,0.9608719999999998,0.9384096983193302,0.1481775425618154,0.9608719999999998,8.374647058823525,19.997879978029914,170.03,8.374647058823525,19.997879978029914,170.03,8.374647058823525,19.997879978029914,170.03,0.23067029999999977,0.057226908170866224,0.36848,0.23067029999999977,0.057226908170866224,0.36848,0.23067029999999977,0.057226908170866224,0.36848
14,Neck,31,2,No Fall,0.9420519621848735,0.1890493316323994,1.1399679999999999,0.9420519621848735,0.1890493316323994,1.1399679999999999,0.9420519621848735,0.1890493316323994,1.1399679999999999,8.225176470588242,27.841652090769937,247.31,8.225176470588242,27.841652090769937,247.31,8.225176470588242,27.841652090769937,247.31,0.21692895000000004,0.09870553335981175,0.41075999999999996,0.21692895000000004,0.09870553335981175,0.41075999999999996,0.21692895000000004,0.09870553335981175,0.41075999999999996
14,Neck,32,1,No Fall,0.951867579831933,0.1829407568955462,1.272948,0.951867579831933,0.1829407568955462,1.272948,0.951867579831933,0.1829407568955462,1.272948,3.544279411764712,20.939065389056278,170.24,3.544279411764712,20.939065389056278,170.24,3.544279411764712,20.939065389056278,170.24,0.2425483375000001,0.06004522069712497,0.29862,0.2425483375000001,0.06004522069712497,0.29862,0.2425483375000001,0.06004522069712497,0.29862
14,Neck,32,2,No Fall,0.9596121705882337,0.2779232828827116,1.854644,0.9596121705882337,0.2779232828827116,1.854644,0.9596121705882337,0.2779232828827116,1.854644,4.193117647058829,24.60896939163894,261.80000000000007,4.193117647058829,24.60896939163894,261.80000000000007,4.193117647058829,24.60896939163894,261.80000000000007,0.24373859999999994,0.05349331649709769,0.26292,0.24373859999999994,0.05349331649709769,0.26292,0.24373859999999994,0.05349331649709769,0.26292
14,Neck,33,1,No Fall,0.9566431621848742,0.2579085272043772,1.517436,0.9566431621848742,0.2579085272043772,1.517436,0.9566431621848742,0.2579085272043772,1.517436,3.8041029411764726,29.654953766076833,242.69000000000003,3.8041029411764726,29.654953766076833,242.69000000000003,3.8041029411764726,29.654953766076833,242.69000000000003,0.24556113750000022,0.060817868193799474,0.37715999999999994,0.24556113750000022,0.060817868193799474,0.37715999999999994,0.24556113750000022,0.060817868193799474,0.37715999999999994
14,Neck,33,2,No Fall,0.9432448453781497,0.34840454351332534,1.8822160000000001,0.9432448453781497,0.34840454351332534,1.8822160000000001,0.9432448453781497,0.34840454351332534,1.8822160000000001,3.8152794117647035,37.773598387768224,306.6700000000001,3.8152794117647035,37.773598387768224,306.6700000000001,3.8152794117647035,37.773598387768224,306.6700000000001,0.2670384500000007,0.07424338894203641,0.43385999999999997,0.2670384500000007,0.07424338894203641,0.43385999999999997,0.2670384500000007,0.07424338894203641,0.43385999999999997
14,Neck,34,1,No Fall,0.9609485831932779,0.17280526528977,1.4708320000000001,0.9609485831932779,0.17280526528977,1.4708320000000001,0.9609485831932779,0.17280526528977,1.4708320000000001,3.0890882352941214,20.424951860621487,173.88,3.0890882352941214,20.424951860621487,173.88,3.0890882352941214,20.424951860621487,173.88,0.22533140000000035,0.07007697132606322,0.37351999999999996,0.22533140000000035,0.07007697132606322,0.37351999999999996,0.22533140000000035,0.07007697132606322,0.37351999999999996
14,Neck,34,2,No Fall,0.9482229579831922,0.26274973864730133,1.7653400000000001,0.9482229579831922,0.26274973864730133,1.7653400000000001,0.9482229579831922,0.26274973864730133,1.7653400000000001,5.480235294117647,24.635720575841056,213.85000000000002,5.480235294117647,24.635720575841056,213.85000000000002,5.480235294117647,24.635720575841056,213.85000000000002,0.22294063750000023,0.050810049124421344,0.26586,0.22294063750000023,0.050810049124421344,0.26586,0.22294063750000023,0.050810049124421344,0.26586
14,Neck,35,1,No Fall,0.9223529605042026,0.4366934005836815,3.67952,0.9223529605042026,0.4366934005836815,3.67952,0.9223529605042026,0.4366934005836815,3.67952,10.325441176470585,66.96126345384671,568.19,10.325441176470585,66.96126345384671,568.19,10.325441176470585,66.96126345384671,568.19,0.24339717500000016,0.10485838851300988,0.6132,0.24339717500000016,0.10485838851300988,0.6132,0.24339717500000016,0.10485838851300988,0.6132
14,Neck,35,2,No Fall,0.9232678579831927,0.5024526473410788,3.8132319999999997,0.9232678579831927,0.5024526473410788,3.8132319999999997,0.9232678579831927,0.5024526473410788,3.8132319999999997,9.444102941176478,122.27272042715681,1067.01,9.444102941176478,122.27272042715681,1067.01,9.444102941176478,122.27272042715681,1067.01,0.2828786624999998,0.07833833205321097,0.42363999999999996,0.2828786624999998,0.07833833205321097,0.42363999999999996,0.2828786624999998,0.07833833205321097,0.42363999999999996
14,Neck,36,1,No Fall,0.952463842016801,0.429118549182147,2.655208,0.952463842016801,0.429118549182147,2.655208,0.952463842016801,0.429118549182147,2.655208,4.091691176470595,66.40447954381673,564.4100000000001,4.091691176470595,66.40447954381673,564.4100000000001,4.091691176470595,66.40447954381673,564.4100000000001,0.262133375,0.07219572424828358,0.34468,0.262133375,0.07219572424828358,0.34468,0.262133375,0.07219572424828358,0.34468
14,Neck,36,2,No Fall,0.9354784689075654,0.48148449132560905,2.57054,0.9354784689075654,0.48148449132560905,2.57054,0.9354784689075654,0.48148449132560905,2.57054,2.9081029411764727,90.92622303136083,756.6300000000001,2.9081029411764727,90.92622303136083,756.6300000000001,2.9081029411764727,90.92622303136083,756.6300000000001,0.2831869249999996,0.0708706697579424,0.38499999999999995,0.2831869249999996,0.0708706697579424,0.38499999999999995,0.2831869249999996,0.0708706697579424,0.38499999999999995
14,Neck,37,1,No Fall,0.9694841747899166,0.023220664149306545,0.23058,0.9694841747899166,0.023220664149306545,0.23058,0.9694841747899166,0.023220664149306545,0.23058,5.287191176470566,5.868670823617575,65.87,5.287191176470566,5.868670823617575,65.87,5.287191176470566,5.868670823617575,65.87,0.19235562499999986,0.024118734320028545,0.1407,0.19235562499999986,0.024118734320028545,0.1407,0.19235562499999986,0.024118734320028545,0.1407
14,Neck,37,2,No Fall,0.9600573680672304,0.01614711351314183,0.11321599999999998,0.9600573680672304,0.01614711351314183,0.11321599999999998,0.9600573680672304,0.01614711351314183,0.11321599999999998,4.4293823529411664,3.345400124481433,62.370000000000005,4.4293823529411664,3.345400124481433,62.370000000000005,4.4293823529411664,3.345400124481433,62.370000000000005,0.19614218749999998,0.012848183387158747,0.07308,0.19614218749999998,0.012848183387158747,0.07308,0.19614218749999998,0.012848183387158747,0.07308
14,Neck,38,1,No Fall,0.9678318949579839,0.04159282661331303,0.597312,0.9678318949579839,0.04159282661331303,0.597312,0.9678318949579839,0.04159282661331303,0.597312,5.489279411764714,7.551736682603811,73.99000000000001,5.489279411764714,7.551736682603811,73.99000000000001,5.489279411764714,7.551736682603811,73.99000000000001,0.19943367500000028,0.05497718444273183,0.26446,0.19943367500000028,0.05497718444273183,0.26446,0.19943367500000028,0.05497718444273183,0.26446
14,Neck,38,2,No Fall,0.9491574369747883,0.04660929895749698,0.537288,0.9491574369747883,0.04660929895749698,0.537288,0.9491574369747883,0.04660929895749698,0.537288,5.993000000000007,8.729725128037826,116.83000000000001,5.993000000000007,8.729725128037826,116.83000000000001,5.993000000000007,8.729725128037826,116.83000000000001,0.21918312500000034,0.0581269115633138,0.3593799999999999,0.21918312500000034,0.0581269115633138,0.3593799999999999,0.21918312500000034,0.0581269115633138,0.3593799999999999
14,Neck,39,1,No Fall,0.9598535050420173,0.022695583640277135,0.25351599999999985,0.9598535050420173,0.022695583640277135,0.25351599999999985,0.9598535050420173,0.022695583640277135,0.25351599999999985,4.538750000000004,4.107944595109678,40.95,4.538750000000004,4.107944595109678,40.95,4.538750000000004,4.107944595109678,40.95,0.19962845000000018,0.01835342508171552,0.12040000000000001,0.19962845000000018,0.01835342508171552,0.12040000000000001,0.19962845000000018,0.01835342508171552,0.12040000000000001
14,Neck,39,2,No Fall,0.9508312462184871,0.02140115235353313,0.23716799999999993,0.9508312462184871,0.02140115235353313,0.23716799999999993,0.9508312462184871,0.02140115235353313,0.23716799999999993,4.554676470588237,3.5587272073545884,30.870000000000005,4.554676470588237,3.5587272073545884,30.870000000000005,4.554676470588237,3.5587272073545884,30.870000000000005,0.22295691249999944,0.02053449303233226,0.10682,0.22295691249999944,0.02053449303233226,0.10682,0.22295691249999944,0.02053449303233226,0.10682
14,Neck,40,1,No Fall,0.9480648193277337,0.05127531488236717,0.5807199999999999,0.9480648193277337,0.05127531488236717,0.5807199999999999,0.9480648193277337,0.05127531488236717,0.5807199999999999,5.666676470588267,9.494728416751705,98.14000000000001,5.666676470588267,9.494728416751705,98.14000000000001,5.666676470588267,9.494728416751705,98.14000000000001,0.2574567624999998,0.0920895251272773,0.30379999999999996,0.2574567624999998,0.0920895251272773,0.30379999999999996,0.2574567624999998,0.0920895251272773,0.30379999999999996
14,Neck,40,2,No Fall,0.9519497504201664,0.06028403082018045,0.721752,0.9519497504201664,0.06028403082018045,0.721752,0.9519497504201664,0.06028403082018045,0.721752,5.466911764705887,9.699401064242602,140.14000000000001,5.466911764705887,9.699401064242602,140.14000000000001,5.466911764705887,9.699401064242602,140.14000000000001,0.25433581250000004,0.07705853622713225,0.26586,0.25433581250000004,0.07705853622713225,0.26586,0.25433581250000004,0.07705853622713225,0.26586
14,Neck,43,1,No Fall,0.976698783193278,0.7398097218959686,4.742628,0.976698783193278,0.7398097218959686,4.742628,0.976698783193278,0.7398097218959686,4.742628,6.909617647058811,72.71695141472806,695.87,6.909617647058811,72.71695141472806,695.87,6.909617647058811,72.71695141472806,695.87,-0.0304147375,0.03225874369293534,0.19432,-0.0304147375,0.03225874369293534,0.19432,-0.0304147375,0.03225874369293534,0.19432
14,Neck,43,2,No Fall,0.9801445655462163,0.7968204152590335,4.5342519999999995,0.9801445655462163,0.7968204152590335,4.5342519999999995,0.9801445655462163,0.7968204152590335,4.5342519999999995,6.245911764705898,86.40112490128473,846.2300000000001,6.245911764705898,86.40112490128473,846.2300000000001,6.245911764705898,86.40112490128473,846.2300000000001,-0.021548887500000086,0.08298414472014627,0.47222,-0.021548887500000086,0.08298414472014627,0.47222,-0.021548887500000086,0.08298414472014627,0.47222
14,Neck,43,3,No Fall,0.985484679831933,0.8147679421929607,4.6055,0.985484679831933,0.8147679421929607,4.6055,0.985484679831933,0.8147679421929607,4.6055,5.275573529411769,83.74368018548931,790.5100000000001,5.275573529411769,83.74368018548931,790.5100000000001,5.275573529411769,83.74368018548931,790.5100000000001,-0.009474762500000022,0.09392426446865888,0.49783999999999995,-0.009474762500000022,0.09392426446865888,0.49783999999999995,-0.009474762500000022,0.09392426446865888,0.49783999999999995
14,Neck,44,1,No Fall,0.9872750554621819,0.7612321986144518,4.868532,0.9872750554621819,0.7612321986144518,4.868532,0.9872750554621819,0.7612321986144518,4.868532,4.401338235294134,76.78618873367036,753.0600000000001,4.401338235294134,76.78618873367036,753.0600000000001,4.401338235294134,76.78618873367036,753.0600000000001,0.18260488749999998,0.148655341759078,0.4851,0.18260488749999998,0.148655341759078,0.4851,0.18260488749999998,0.148655341759078,0.4851
14,Neck,44,2,No Fall,0.9874711268907564,0.8210244514550524,4.549136,0.9874711268907564,0.8210244514550524,4.549136,0.9874711268907564,0.8210244514550524,4.549136,5.439367647058817,83.00842028848004,830.2,5.439367647058817,83.00842028848004,830.2,5.439367647058817,83.00842028848004,830.2,0.11288042500000009,0.1959927072000809,0.5404,0.11288042500000009,0.1959927072000809,0.5404,0.11288042500000009,0.1959927072000809,0.5404
14,Neck,44,3,No Fall,0.994626375630251,0.8404461902475686,4.74336,0.994626375630251,0.8404461902475686,4.74336,0.994626375630251,0.8404461902475686,4.74336,4.211367647058818,89.90795154208095,843.1500000000001,4.211367647058818,89.90795154208095,843.1500000000001,4.211367647058818,89.90795154208095,843.1500000000001,0.11655498750000007,0.19844182139338368,0.5394199999999999,0.11655498750000007,0.19844182139338368,0.5394199999999999,0.11655498750000007,0.19844182139338368,0.5394199999999999
14,Neck,101,1,Fall,0.5055493924369782,0.43650480455300145,4.8983,0.5055493924369782,0.43650480455300145,4.8983,0.5055493924369782,0.43650480455300145,4.8983,5.349264705882266,29.478006481305112,516.0400000000001,5.349264705882266,29.478006481305112,516.0400000000001,5.349264705882266,29.478006481305112,516.0400000000001,0.2012716999999999,0.17601932058263253,0.5397,0.2012716999999999,0.17601932058263253,0.5397,0.2012716999999999,0.17601932058263253,0.5397
14,Neck,101,2,Fall,0.48036567058823276,0.479567736758047,2.466596,0.48036567058823276,0.479567736758047,2.466596,0.48036567058823276,0.479567736758047,2.466596,9.35770588235244,29.86857637140354,875.6300000000001,9.35770588235244,29.86857637140354,875.6300000000001,9.35770588235244,29.86857637140354,875.6300000000001,0.2658874750000001,0.1632664813673819,0.62076,0.2658874750000001,0.1632664813673819,0.62076,0.2658874750000001,0.1632664813673819,0.62076
14,Neck,102,1,Fall,0.7254163571428561,0.4220507398276112,2.635688,0.7254163571428561,0.4220507398276112,2.635688,0.7254163571428561,0.4220507398276112,2.635688,4.937382352941151,36.86824914184947,570.4300000000001,4.937382352941151,36.86824914184947,570.4300000000001,4.937382352941151,36.86824914184947,570.4300000000001,0.16075718750000018,0.1997475643587599,0.6616399999999999,0.16075718750000018,0.1997475643587599,0.6616399999999999,0.16075718750000018,0.1997475643587599,0.6616399999999999
14,Neck,102,2,Fall,0.6774620016806738,0.42785476728443006,3.238124,0.6774620016806738,0.42785476728443006,3.238124,0.6774620016806738,0.42785476728443006,3.238124,6.9392941176470035,43.55369622777766,629.0200000000001,6.9392941176470035,43.55369622777766,629.0200000000001,6.9392941176470035,43.55369622777766,629.0200000000001,0.18737792499999958,0.20253474225631593,0.6979,0.18737792499999958,0.20253474225631593,0.6979,0.18737792499999958,0.20253474225631593,0.6979
14,Neck,103,1,Fall,0.4618708806722713,0.5128486484735495,3.41966,0.4618708806722713,0.5128486484735495,3.41966,0.4618708806722713,0.5128486484735495,3.41966,7.077588235294078,35.79133392568785,588.21,7.077588235294078,35.79133392568785,588.21,7.077588235294078,35.79133392568785,588.21,0.194593525,0.17359639985999745,0.5488,0.194593525,0.17359639985999745,0.5488,0.194593525,0.17359639985999745,0.5488
14,Neck,103,2,Fall,0.6064186336134456,0.3753225886986039,4.188016,0.6064186336134456,0.3753225886986039,4.188016,0.6064186336134456,0.3753225886986039,4.188016,3.369426470588235,44.41867571088554,647.4300000000001,3.369426470588235,44.41867571088554,647.4300000000001,3.369426470588235,44.41867571088554,647.4300000000001,0.07170441250000009,0.12324964329314399,0.54082,0.07170441250000009,0.12324964329314399,0.54082,0.07170441250000009,0.12324964329314399,0.54082
14,Neck,104,1,Fall,0.7186413075630237,0.4010925620751601,2.5839600000000003,0.7186413075630237,0.4010925620751601,2.5839600000000003,0.7186413075630237,0.4010925620751601,2.5839600000000003,4.333632352941177,54.09817256612306,796.46,4.333632352941177,54.09817256612306,796.46,4.333632352941177,54.09817256612306,796.46,0.16700932499999993,0.17442592816236901,0.65016,0.16700932499999993,0.17442592816236901,0.65016,0.16700932499999993,0.17442592816236901,0.65016
14,Neck,104,2,Fall,0.6927028260504199,0.36588829396774636,3.3916,0.6927028260504199,0.36588829396774636,3.3916,0.6927028260504199,0.36588829396774636,3.3916,5.372382352941172,44.660883711009554,503.58000000000004,5.372382352941172,44.660883711009554,503.58000000000004,5.372382352941172,44.660883711009554,503.58000000000004,0.2100104125000002,0.17279314480220706,0.6532399999999999,0.2100104125000002,0.17279314480220706,0.6532399999999999,0.2100104125000002,0.17279314480220706,0.6532399999999999
14,Neck,105,1,Fall,0.4003551487394953,0.5387209956857167,2.455616,0.4003551487394953,0.5387209956857167,2.455616,0.4003551487394953,0.5387209956857167,2.455616,7.218735294117611,23.847733146164003,440.93000000000006,7.218735294117611,23.847733146164003,440.93000000000006,7.218735294117611,23.847733146164003,440.93000000000006,0.2532335750000004,0.13849716318701688,0.60942,0.2532335750000004,0.13849716318701688,0.60942,0.2532335750000004,0.13849716318701688,0.60942
14,Neck,105,2,Fall,0.5343366252100813,0.433270877185624,3.084892,0.5343366252100813,0.433270877185624,3.084892,0.5343366252100813,0.433270877185624,3.084892,6.40927941176468,30.254788574593068,637.98,6.40927941176468,30.254788574593068,637.98,6.40927941176468,30.254788574593068,637.98,-0.09746642499999987,0.218741360440702,0.63154,-0.09746642499999987,0.218741360440702,0.63154,-0.09746642499999987,0.218741360440702,0.63154
14,Neck,106,1,Fall,0.7195884991596646,0.388094187476051,2.715232,0.7195884991596646,0.388094187476051,2.715232,0.7195884991596646,0.388094187476051,2.715232,7.471250000000032,43.310697819729945,479.99,7.471250000000032,43.310697819729945,479.99,7.471250000000032,43.310697819729945,479.99,0.1486877875,0.15571749087597012,0.6369999999999999,0.1486877875,0.15571749087597012,0.6369999999999999,0.1486877875,0.15571749087597012,0.6369999999999999
14,Neck,106,2,Fall,0.6611779747899136,0.43397529383018946,2.5937200000000002,0.6611779747899136,0.43397529383018946,2.5937200000000002,0.6611779747899136,0.43397529383018946,2.5937200000000002,9.246397058823526,41.90488925278786,342.58000000000004,9.246397058823526,41.90488925278786,342.58000000000004,9.246397058823526,41.90488925278786,342.58000000000004,0.050135049999999994,0.17626999063935275,0.62286,0.050135049999999994,0.17626999063935275,0.62286,0.050135049999999994,0.17626999063935275,0.62286
14,Neck,107,1,Fall,0.3617897184873965,0.5109219146617929,4.36638,0.3617897184873965,0.5109219146617929,4.36638,0.3617897184873965,0.5109219146617929,4.36638,-4.205382352941221,28.337940851088558,415.31000000000006,-4.205382352941221,28.337940851088558,415.31000000000006,-4.205382352941221,28.337940851088558,415.31000000000006,-0.07975773749999983,0.20744939196710868,0.66094,-0.07975773749999983,0.20744939196710868,0.66094,-0.07975773749999983,0.20744939196710868,0.66094
14,Neck,107,2,Fall,0.4487403999999985,0.5259427246079597,4.148732,0.4487403999999985,0.5259427246079597,4.148732,0.4487403999999985,0.5259427246079597,4.148732,-0.4908088235294179,39.52109035609586,461.44000000000005,-0.4908088235294179,39.52109035609586,461.44000000000005,-0.4908088235294179,39.52109035609586,461.44000000000005,-0.06878103749999996,0.21533851211853489,0.66626,-0.06878103749999996,0.21533851211853489,0.66626,-0.06878103749999996,0.21533851211853489,0.66626
14,Neck,107,3,Fall,0.45995527563025074,0.4889260789722007,2.37778,0.45995527563025074,0.4889260789722007,2.37778,0.45995527563025074,0.4889260789722007,2.37778,1.169499999999998,35.47250661533087,351.33000000000004,1.169499999999998,35.47250661533087,351.33000000000004,1.169499999999998,35.47250661533087,351.33000000000004,-0.04575628749999996,0.23169429665489424,0.6500199999999999,-0.04575628749999996,0.23169429665489424,0.6500199999999999,-0.04575628749999996,0.23169429665489424,0.6500199999999999
14,Neck,107,4,Fall,0.48727973865546265,0.5112082575107325,3.887408,0.48727973865546265,0.5112082575107325,3.887408,0.48727973865546265,0.5112082575107325,3.887408,1.738000000000007,53.03837258886645,940.8700000000001,1.738000000000007,53.03837258886645,940.8700000000001,1.738000000000007,53.03837258886645,940.8700000000001,-0.08779828749999999,0.1971851627660577,0.66892,-0.08779828749999999,0.1971851627660577,0.66892,-0.08779828749999999,0.1971851627660577,0.66892
14,Neck,108,1,Fall,0.7028068352941202,0.43793639862416656,2.9192159999999996,0.7028068352941202,0.43793639862416656,2.9192159999999996,0.7028068352941202,0.43793639862416656,2.9192159999999996,6.452867647058822,58.074416138837734,725.5500000000001,6.452867647058822,58.074416138837734,725.5500000000001,6.452867647058822,58.074416138837734,725.5500000000001,-0.004179787499999976,0.19149549385118206,0.6501599999999998,-0.004179787499999976,0.19149549385118206,0.6501599999999998,-0.004179787499999976,0.19149549385118206,0.6501599999999998
14,Neck,108,2,Fall,0.6641810201680693,0.43436568667566045,3.5528839999999997,0.6641810201680693,0.43436568667566045,3.5528839999999997,0.6641810201680693,0.43436568667566045,3.5528839999999997,7.058823529411796,49.20111526788865,513.45,7.058823529411796,49.20111526788865,513.45,7.058823529411796,49.20111526788865,513.45,0.011575725000000021,0.20727916291884516,0.65226,0.011575725000000021,0.20727916291884516,0.65226,0.011575725000000021,0.20727916291884516,0.65226
14,Neck,108,3,Fall,0.7084979302521011,0.4230316089296286,2.876272,0.7084979302521011,0.4230316089296286,2.876272,0.7084979302521011,0.4230316089296286,2.876272,6.243264705882363,48.17889021706617,562.5200000000001,6.243264705882363,48.17889021706617,562.5200000000001,6.243264705882363,48.17889021706617,562.5200000000001,0.011385324999999988,0.20340897182223913,0.6955199999999999,0.011385324999999988,0.20340897182223913,0.6955199999999999,0.011385324999999988,0.20340897182223913,0.6955199999999999
14,Neck,108,4,Fall,0.642399457983193,0.45979752077804403,4.188992,0.642399457983193,0.45979752077804403,4.188992,0.642399457983193,0.45979752077804403,4.188992,7.94570588235294,48.5537315485099,432.3900000000001,7.94570588235294,48.5537315485099,432.3900000000001,7.94570588235294,48.5537315485099,432.3900000000001,0.011979187500000061,0.22103967084698825,0.73122,0.011979187500000061,0.22103967084698825,0.73122,0.011979187500000061,0.22103967084698825,0.73122
14,Neck,109,1,Fall,0.6069447714285692,0.38697268310370664,5.281136,0.6069447714285692,0.38697268310370664,5.281136,0.6069447714285692,0.38697268310370664,5.281136,5.066573529411764,29.34147819521107,404.25,5.066573529411764,29.34147819521107,404.25,5.066573529411764,29.34147819521107,404.25,-0.02081826249999999,0.15187048739079861,0.5465599999999999,-0.02081826249999999,0.15187048739079861,0.5465599999999999,-0.02081826249999999,0.15187048739079861,0.5465599999999999
14,Neck,109,2,Fall,0.5752297949579849,0.4130283150311008,2.890912,0.5752297949579849,0.4130283150311008,2.890912,0.5752297949579849,0.4130283150311008,2.890912,2.9011470588235313,31.167743298198364,420.07000000000005,2.9011470588235313,31.167743298198364,420.07000000000005,2.9011470588235313,31.167743298198364,420.07000000000005,-0.10300832500000003,0.20107138055611892,0.6127799999999999,-0.10300832500000003,0.20107138055611892,0.6127799999999999,-0.10300832500000003,0.20107138055611892,0.6127799999999999
14,Neck,110,1,Fall,0.7310721848739503,0.3759156646434113,2.608848,0.7310721848739503,0.3759156646434113,2.608848,0.7310721848739503,0.3759156646434113,2.608848,9.80413235294118,45.64247957225602,545.1600000000001,9.80413235294118,45.64247957225602,545.1600000000001,9.80413235294118,45.64247957225602,545.1600000000001,0.03360586249999998,0.18645996342541324,0.6546399999999999,0.03360586249999998,0.18645996342541324,0.6546399999999999,0.03360586249999998,0.18645996342541324,0.6546399999999999
14,Neck,110,2,Fall,0.6339161008403358,0.4397043904932612,2.237968,0.6339161008403358,0.4397043904932612,2.237968,0.6339161008403358,0.4397043904932612,2.237968,1.770485294117644,49.99886874361994,592.83,1.770485294117644,49.99886874361994,592.83,1.770485294117644,49.99886874361994,592.83,0.04087256250000003,0.19544396508747533,0.6876799999999998,0.04087256250000003,0.19544396508747533,0.6876799999999998,0.04087256250000003,0.19544396508747533,0.6876799999999998
14,Neck,111,1,Fall,0.19431303949579762,0.7443622494714501,2.7923359999999997,0.19431303949579762,0.7443622494714501,2.7923359999999997,0.19431303949579762,0.7443622494714501,2.7923359999999997,7.437029411764921,27.840788045731003,332.64000000000004,7.437029411764921,27.840788045731003,332.64000000000004,7.437029411764921,27.840788045731003,332.64000000000004,0.19911219999999996,0.1535407815855977,0.5395599999999999,0.19911219999999996,0.1535407815855977,0.5395599999999999,0.19911219999999996,0.1535407815855977,0.5395599999999999
14,Neck,112,1,Fall,0.4549828016806733,0.5079632429271885,2.389736,0.4549828016806733,0.5079632429271885,2.389736,0.4549828016806733,0.5079632429271885,2.389736,2.9986764705882303,31.046206969466063,597.1000000000001,2.9986764705882303,31.046206969466063,597.1000000000001,2.9986764705882303,31.046206969466063,597.1000000000001,-0.14077638749999993,0.18601215279066038,0.5759599999999999,-0.14077638749999993,0.18601215279066038,0.5759599999999999,-0.14077638749999993,0.18601215279066038,0.5759599999999999
14,Neck,113,1,Fall,0.7229294025210102,0.24143002746157555,3.804692,0.7229294025210102,0.24143002746157555,3.804692,0.7229294025210102,0.24143002746157555,3.804692,7.3453382352941174,34.76509523081967,648.97,7.3453382352941174,34.76509523081967,648.97,7.3453382352941174,34.76509523081967,648.97,-0.00040232499999995423,0.16033446026217066,0.5720399999999999,-0.00040232499999995423,0.16033446026217066,0.5720399999999999,-0.00040232499999995423,0.16033446026217066,0.5720399999999999
14,Neck,113,2,Fall,0.605790026050422,0.3833050202636265,3.4989600000000003,0.605790026050422,0.3833050202636265,3.4989600000000003,0.605790026050422,0.3833050202636265,3.4989600000000003,4.54210294117648,30.301435338583858,494.1300000000001,4.54210294117648,30.301435338583858,494.1300000000001,4.54210294117648,30.301435338583858,494.1300000000001,0.03035147500000013,0.12671520354945945,0.53816,0.03035147500000013,0.12671520354945945,0.53816,0.03035147500000013,0.12671520354945945,0.53816
14,Neck,114,1,Fall,0.4918182411764713,0.5013355908699404,5.380687999999999,0.4918182411764713,0.5013355908699404,5.380687999999999,0.4918182411764713,0.5013355908699404,5.380687999999999,-0.013867647058820716,37.038590811583944,619.9200000000001,-0.013867647058820716,37.038590811583944,619.9200000000001,-0.013867647058820716,37.038590811583944,619.9200000000001,-0.0767762625,0.22320402108872242,0.69692,-0.0767762625,0.22320402108872242,0.69692,-0.0767762625,0.22320402108872242,0.69692
14,Neck,114,2,Fall,0.4917098252100877,0.5234394042435411,7.685024,0.4917098252100877,0.5234394042435411,7.685024,0.4917098252100877,0.5234394042435411,7.685024,4.43997058823531,24.939965659083757,440.30000000000007,4.43997058823531,24.939965659083757,440.30000000000007,4.43997058823531,24.939965659083757,440.30000000000007,-0.04120821250000009,0.19747684303865906,0.6348999999999999,-0.04120821250000009,0.19747684303865906,0.6348999999999999,-0.04120821250000009,0.19747684303865906,0.6348999999999999
14,Neck,116,1,Fall,0.7532104176470588,0.3270840373533828,2.84382,0.7532104176470588,0.3270840373533828,2.84382,0.7532104176470588,0.3270840373533828,2.84382,6.271382352941225,42.48950436809713,456.82000000000005,6.271382352941225,42.48950436809713,456.82000000000005,6.271382352941225,42.48950436809713,456.82000000000005,0.20990340000000024,0.1387829525586287,0.49854,0.20990340000000024,0.1387829525586287,0.49854,0.20990340000000024,0.1387829525586287,0.49854
14,Neck,117,1,Fall,0.4758984201680647,0.5001297559907403,4.304648,0.4758984201680647,0.5001297559907403,4.304648,0.4758984201680647,0.5001297559907403,4.304648,1.448749999999986,35.278044999930415,631.54,1.448749999999986,35.278044999930415,631.54,1.448749999999986,35.278044999930415,631.54,-0.1158566499999999,0.2055561687382402,0.58982,-0.1158566499999999,0.2055561687382402,0.58982,-0.1158566499999999,0.2055561687382402,0.58982
14,Neck,118,1,Fall,0.6999803823529421,0.4295761218652848,3.296684,0.6999803823529421,0.4295761218652848,3.296684,0.6999803823529421,0.4295761218652848,3.296684,4.866191176470592,49.3776674537184,542.22,4.866191176470592,49.3776674537184,542.22,4.866191176470592,49.3776674537184,542.22,0.08392072500000003,0.19133165363061344,0.7265999999999999,0.08392072500000003,0.19133165363061344,0.7265999999999999,0.08392072500000003,0.19133165363061344,0.7265999999999999
14,Neck,119,1,Fall,0.5757997092436993,0.39112410550662213,2.9238519999999997,0.5757997092436993,0.39112410550662213,2.9238519999999997,0.5757997092436993,0.39112410550662213,2.9238519999999997,1.998147058823519,37.276172426561736,492.24000000000007,1.998147058823519,37.276172426561736,492.24000000000007,1.998147058823519,37.276172426561736,492.24000000000007,0.0064898750000000815,0.09977734805041862,0.39969999999999994,0.0064898750000000815,0.09977734805041862,0.39969999999999994,0.0064898750000000815,0.09977734805041862,0.39969999999999994
14,Neck,119,2,Fall,0.6164638983193318,0.37048619837646446,2.922632,0.6164638983193318,0.37048619837646446,2.922632,0.6164638983193318,0.37048619837646446,2.922632,2.980779411764722,27.60532553969657,455.49000000000007,2.980779411764722,27.60532553969657,455.49000000000007,2.980779411764722,27.60532553969657,455.49000000000007,0.021222512499999978,0.06865939117801312,0.41006,0.021222512499999978,0.06865939117801312,0.41006,0.021222512499999978,0.06865939117801312,0.41006
14,Neck,120,1,Fall,0.6131789714285698,0.4807117971866321,2.95728,0.6131789714285698,0.4807117971866321,2.95728,0.6131789714285698,0.4807117971866321,2.95728,4.01254411764707,44.006019765506814,700.5600000000001,4.01254411764707,44.006019765506814,700.5600000000001,4.01254411764707,44.006019765506814,700.5600000000001,0.10335403749999993,0.13572096113812435,0.46829999999999994,0.10335403749999993,0.13572096113812435,0.46829999999999994,0.10335403749999993,0.13572096113812435,0.46829999999999994
14,Neck,120,2,Fall,0.713040021008402,0.365770599662448,2.254804,0.713040021008402,0.365770599662448,2.254804,0.713040021008402,0.365770599662448,2.254804,2.2517647058823282,45.229392223916065,562.3800000000001,2.2517647058823282,45.229392223916065,562.3800000000001,2.2517647058823282,45.229392223916065,562.3800000000001,0.0017447499999999885,0.12156973017366036,0.5602799999999999,0.0017447499999999885,0.12156973017366036,0.5602799999999999,0.0017447499999999885,0.12156973017366036,0.5602799999999999
14,Neck,121,1,Fall,0.4699548159663855,0.5847778592064122,4.279516,0.4699548159663855,0.5847778592064122,4.279516,0.4699548159663855,0.5847778592064122,4.279516,7.693823529411561,38.40523472905452,688.1700000000001,7.693823529411561,38.40523472905452,688.1700000000001,7.693823529411561,38.40523472905452,688.1700000000001,0.2703830499999999,0.15764243435665137,0.6323799999999999,0.2703830499999999,0.15764243435665137,0.6323799999999999,0.2703830499999999,0.15764243435665137,0.6323799999999999
14,Neck,121,2,Fall,0.47252476134453586,0.5821839187079288,3.491396,0.47252476134453586,0.5821839187079288,3.491396,0.47252476134453586,0.5821839187079288,3.491396,10.408661764705421,32.37209313704362,381.57000000000005,10.408661764705421,32.37209313704362,381.57000000000005,10.408661764705421,32.37209313704362,381.57000000000005,0.27770627500000034,0.17021498992706766,0.5754,0.27770627500000034,0.17021498992706766,0.5754,0.27770627500000034,0.17021498992706766,0.5754
14,Neck,122,1,Fall,0.5473915991596636,0.5629848474947898,2.934344,0.5473915991596636,0.5629848474947898,2.934344,0.5473915991596636,0.5629848474947898,2.934344,4.865485294117646,52.934185561971766,708.19,4.865485294117646,52.934185561971766,708.19,4.865485294117646,52.934185561971766,708.19,0.21285127499999967,0.15266583752625063,0.6553399999999999,0.21285127499999967,0.15266583752625063,0.6553399999999999,0.21285127499999967,0.15266583752625063,0.6553399999999999
14,Neck,122,2,Fall,0.4861306319327747,0.4056852549152145,2.3358119999999998,0.4861306319327747,0.4056852549152145,2.3358119999999998,0.4861306319327747,0.4056852549152145,2.3358119999999998,4.231191176470576,54.89353968289,459.55000000000007,4.231191176470576,54.89353968289,459.55000000000007,4.231191176470576,54.89353968289,459.55000000000007,0.2720461625,0.10062581339907266,0.43679999999999997,0.2720461625,0.10062581339907266,0.43679999999999997,0.2720461625,0.10062581339907266,0.43679999999999997
14,Neck,123,1,Fall,0.47940699663865993,0.5547160910911941,2.77428,0.47940699663865993,0.5547160910911941,2.77428,0.47940699663865993,0.5547160910911941,2.77428,8.775602941176007,31.06714912564416,509.95000000000005,8.775602941176007,31.06714912564416,509.95000000000005,8.775602941176007,31.06714912564416,509.95000000000005,0.27977897499999993,0.18742596889194393,0.56812,0.27977897499999993,0.18742596889194393,0.56812,0.27977897499999993,0.18742596889194393,0.56812
14,Neck,123,2,Fall,0.44818442857142027,0.5996174536725073,3.1280799999999997,0.44818442857142027,0.5996174536725073,3.1280799999999997,0.44818442857142027,0.5996174536725073,3.1280799999999997,9.703617647058127,30.83709107596557,481.0400000000001,9.703617647058127,30.83709107596557,481.0400000000001,9.703617647058127,30.83709107596557,481.0400000000001,0.26195391249999994,0.14443351789967357,0.50442,0.26195391249999994,0.14443351789967357,0.50442,0.26195391249999994,0.14443351789967357,0.50442
14,Neck,124,1,Fall,0.5858311336134389,0.5315658897901204,3.234464,0.5858311336134389,0.5315658897901204,3.234464,0.5858311336134389,0.5315658897901204,3.234464,5.489220588235204,44.05817773087073,864.0800000000002,5.489220588235204,44.05817773087073,864.0800000000002,5.489220588235204,44.05817773087073,864.0800000000002,0.22393454999999993,0.14149479511611218,0.6054999999999999,0.22393454999999993,0.14149479511611218,0.6054999999999999,0.22393454999999993,0.14149479511611218,0.6054999999999999
14,Neck,124,2,Fall,0.5317568890756311,0.43161650583643224,3.049024,0.5317568890756311,0.43161650583643224,3.049024,0.5317568890756311,0.43161650583643224,3.049024,6.061794117647029,49.42145161632914,464.80000000000007,6.061794117647029,49.42145161632914,464.80000000000007,6.061794117647029,49.42145161632914,464.80000000000007,0.24919544999999996,0.12079059169570641,0.6171199999999999,0.24919544999999996,0.12079059169570641,0.6171199999999999,0.24919544999999996,0.12079059169570641,0.6171199999999999
14,Neck,125,1,Fall,0.5377319159663867,0.4837856759382395,3.1683399999999997,0.5377319159663867,0.4837856759382395,3.1683399999999997,0.5377319159663867,0.4837856759382395,3.1683399999999997,11.603029411764634,31.78207522939496,410.76000000000005,11.603029411764634,31.78207522939496,410.76000000000005,11.603029411764634,31.78207522939496,410.76000000000005,-0.050800574999999994,0.2019429699906013,0.6074599999999999,-0.050800574999999994,0.2019429699906013,0.6074599999999999,-0.050800574999999994,0.2019429699906013,0.6074599999999999
14,Neck,125,2,Fall,0.426685568067227,0.5980380796590193,3.718804,0.426685568067227,0.5980380796590193,3.718804,0.426685568067227,0.5980380796590193,3.718804,8.442191176470637,28.229215432208946,415.94000000000005,8.442191176470637,28.229215432208946,415.94000000000005,8.442191176470637,28.229215432208946,415.94000000000005,0.05444547499999989,0.12253347043822509,0.55636,0.05444547499999989,0.12253347043822509,0.55636,0.05444547499999989,0.12253347043822509,0.55636
14,Neck,126,1,Fall,0.679398469747901,0.4197644669700309,2.663016,0.679398469747901,0.4197644669700309,2.663016,0.679398469747901,0.4197644669700309,2.663016,6.633764705882322,40.36234228835601,426.09000000000003,6.633764705882322,40.36234228835601,426.09000000000003,6.633764705882322,40.36234228835601,426.09000000000003,0.16839418749999996,0.13101152630963844,0.5090399999999999,0.16839418749999996,0.13101152630963844,0.5090399999999999,0.16839418749999996,0.13101152630963844,0.5090399999999999
14,Neck,126,2,Fall,0.6728532210084053,0.5743348764698326,3.655608,0.6728532210084053,0.5743348764698326,3.655608,0.6728532210084053,0.5743348764698326,3.655608,0.34451470588235394,52.626340455569654,709.1000000000001,0.34451470588235394,52.626340455569654,709.1000000000001,0.34451470588235394,52.626340455569654,709.1000000000001,0.1312839500000001,0.15211424721743375,0.61334,0.1312839500000001,0.15211424721743375,0.61334,0.1312839500000001,0.15211424721743375,0.61334
14,Neck,127,1,Fall,0.23134542184874013,0.1868603282600354,4.066015999999999,0.23134542184874013,0.1868603282600354,4.066015999999999,0.23134542184874013,0.1868603282600354,4.066015999999999,4.273294117647078,18.512465760025787,357.91,4.273294117647078,18.512465760025787,357.91,4.273294117647078,18.512465760025787,357.91,-0.1606708249999999,0.12754868144224563,0.6371399999999999,-0.1606708249999999,0.12754868144224563,0.6371399999999999,-0.1606708249999999,0.12754868144224563,0.6371399999999999
14,Neck,127,2,Fall,0.12519737394957833,0.16232690611176237,3.895704,0.12519737394957833,0.16232690611176237,3.895704,0.12519737394957833,0.16232690611176237,3.895704,6.1556029411763715,19.046869695364038,310.24,6.1556029411763715,19.046869695364038,310.24,6.1556029411763715,19.046869695364038,310.24,0.10000690000000001,0.3298841851288705,0.7834399999999999,0.10000690000000001,0.3298841851288705,0.7834399999999999,0.10000690000000001,0.3298841851288705,0.7834399999999999
14,Neck,127,3,Fall,0.06508433445378096,0.11444744390520266,1.095072,0.06508433445378096,0.11444744390520266,1.095072,0.06508433445378096,0.11444744390520266,1.095072,6.788367647058693,18.43182349696089,342.65000000000003,6.788367647058693,18.43182349696089,342.65000000000003,6.788367647058693,18.43182349696089,342.65000000000003,0.10252383749999998,0.33659226615825166,0.74942,0.10252383749999998,0.33659226615825166,0.74942,0.10252383749999998,0.33659226615825166,0.74942
14,Neck,127,4,Fall,0.093083795798318,0.111379292519074,2.9541079999999997,0.093083795798318,0.111379292519074,2.9541079999999997,0.093083795798318,0.111379292519074,2.9541079999999997,6.777176470588179,16.471796563974003,427.49000000000007,6.777176470588179,16.471796563974003,427.49000000000007,6.777176470588179,16.471796563974003,427.49000000000007,0.06558343749999994,0.33263481997920463,0.7379399999999999,0.06558343749999994,0.33263481997920463,0.7379399999999999,0.06558343749999994,0.33263481997920463,0.7379399999999999
14,Neck,128,1,Fall,0.23848006386554615,0.35464534632959954,2.0452079999999997,0.23848006386554615,0.35464534632959954,2.0452079999999997,0.23848006386554615,0.35464534632959954,2.0452079999999997,3.969014705882339,29.986158440526815,330.47,3.969014705882339,29.986158440526815,330.47,3.969014705882339,29.986158440526815,330.47,0.017677974999999978,0.30002214055368237,0.7732199999999999,0.017677974999999978,0.30002214055368237,0.7732199999999999,0.017677974999999978,0.30002214055368237,0.7732199999999999
14,Neck,128,2,Fall,0.18017621260504194,0.2834017715990872,1.657492,0.18017621260504194,0.2834017715990872,1.657492,0.18017621260504194,0.2834017715990872,1.657492,3.5524264705882183,34.43461865170325,308.77000000000004,3.5524264705882183,34.43461865170325,308.77000000000004,3.5524264705882183,34.43461865170325,308.77000000000004,0.05576733750000009,0.3251338980961816,0.7597799999999999,0.05576733750000009,0.3251338980961816,0.7597799999999999,0.05576733750000009,0.3251338980961816,0.7597799999999999
14,Neck,129,1,Fall,0.4925697714285783,0.4391185226322976,1.809016,0.4925697714285783,0.4391185226322976,1.809016,0.4925697714285783,0.4391185226322976,1.809016,8.813352941176431,23.944933299950605,455.56000000000006,8.813352941176431,23.944933299950605,455.56000000000006,8.813352941176431,23.944933299950605,455.56000000000006,0.3456532624999996,0.042051184135058046,0.16142,0.3456532624999996,0.042051184135058046,0.16142,0.3456532624999996,0.042051184135058046,0.16142
14,Neck,130,1,Fall,0.43670638151260477,0.4271283972540063,4.76166,0.43670638151260477,0.4271283972540063,4.76166,0.43670638151260477,0.4271283972540063,4.76166,-0.996058823529406,30.339087158931424,600.6000000000001,-0.996058823529406,30.339087158931424,600.6000000000001,-0.996058823529406,30.339087158931424,600.6000000000001,-0.024436299999999946,0.265594419408754,0.6119399999999999,-0.024436299999999946,0.265594419408754,0.6119399999999999,-0.024436299999999946,0.265594419408754,0.6119399999999999
14,Neck,131,1,Fall,0.19622008403361482,0.6884698052229777,1.9703,0.19622008403361482,0.6884698052229777,1.9703,0.19622008403361482,0.6884698052229777,1.9703,6.241029411764695,28.3182957103463,709.6600000000001,6.241029411764695,28.3182957103463,709.6600000000001,6.241029411764695,28.3182957103463,709.6600000000001,0.1621783624999999,0.06308871267200046,0.29708,0.1621783624999999,0.06308871267200046,0.29708,0.1621783624999999,0.06308871267200046,0.29708
14,Neck,131,2,Fall,0.35206965042016736,0.44195880583496827,2.4295080000000002,0.35206965042016736,0.44195880583496827,2.4295080000000002,0.35206965042016736,0.44195880583496827,2.4295080000000002,3.1001911764705814,36.549642586105776,484.05,3.1001911764705814,36.549642586105776,484.05,3.1001911764705814,36.549642586105776,484.05,0.04842468750000016,0.15880853734445696,0.5160399999999999,0.04842468750000016,0.15880853734445696,0.5160399999999999,0.04842468750000016,0.15880853734445696,0.5160399999999999
14,Neck,132,1,Fall,0.5073887731092475,0.46366519549385116,2.789164,0.5073887731092475,0.46366519549385116,2.789164,0.5073887731092475,0.46366519549385116,2.789164,9.221808823529425,30.8573539394849,531.7900000000001,9.221808823529425,30.8573539394849,531.7900000000001,9.221808823529425,30.8573539394849,531.7900000000001,0.145150775,0.19708158212820978,0.45793999999999996,0.145150775,0.19708158212820978,0.45793999999999996,0.145150775,0.19708158212820978,0.45793999999999996
14,Neck,133,1,Fall,0.5156246957983223,0.46960694144657283,4.589152,0.5156246957983223,0.46960694144657283,4.589152,0.5156246957983223,0.46960694144657283,4.589152,1.6016029411764705,37.77237943103168,596.75,1.6016029411764705,37.77237943103168,596.75,1.6016029411764705,37.77237943103168,596.75,-0.16981938750000006,0.1279537146317169,0.46312,-0.16981938750000006,0.1279537146317169,0.46312,-0.16981938750000006,0.1279537146317169,0.46312
14,Neck,134,1,Fall,0.5999412537815135,0.3980437614255568,3.722952,0.5999412537815135,0.3980437614255568,3.722952,0.5999412537815135,0.3980437614255568,3.722952,3.1056029411764765,30.382032078570187,561.82,3.1056029411764765,30.382032078570187,561.82,3.1056029411764765,30.382032078570187,561.82,-0.0867881875,0.07840333995460523,0.40922,-0.0867881875,0.07840333995460523,0.40922,-0.0867881875,0.07840333995460523,0.40922
14,Neck,134,2,Fall,0.6574664067226856,0.33270767643220306,3.93816,0.6574664067226856,0.33270767643220306,3.93816,0.6574664067226856,0.33270767643220306,3.93816,3.5089117647059003,30.234344430463832,517.3700000000001,3.5089117647059003,30.234344430463832,517.3700000000001,3.5089117647059003,30.234344430463832,517.3700000000001,-0.17724201250000024,0.12839105183605884,0.47431999999999996,-0.17724201250000024,0.12839105183605884,0.47431999999999996,-0.17724201250000024,0.12839105183605884,0.47431999999999996
14,Neck,135,1,Fall,0.9710909865546226,0.17902039197347042,4.630632,0.9710909865546226,0.17902039197347042,4.630632,0.9710909865546226,0.17902039197347042,4.630632,5.4878088235294005,22.426238626055753,440.58000000000004,5.4878088235294005,22.426238626055753,440.58000000000004,5.4878088235294005,22.426238626055753,440.58000000000004,-0.10151443749999985,0.02492453373781289,0.23029999999999995,-0.10151443749999985,0.02492453373781289,0.23029999999999995,-0.10151443749999985,0.02492453373781289,0.23029999999999995
14,Neck,135,2,Fall,0.9731697537815113,0.14261958914841444,3.7734599999999996,0.9731697537815113,0.14261958914841444,3.7734599999999996,0.9731697537815113,0.14261958914841444,3.7734599999999996,5.626808823529448,20.39896946637734,406.77000000000004,5.626808823529448,20.39896946637734,406.77000000000004,5.626808823529448,20.39896946637734,406.77000000000004,-0.132156325,0.019560931950730595,0.16926,-0.132156325,0.019560931950730595,0.16926,-0.132156325,0.019560931950730595,0.16926
15,Neck,13,1,No Fall,0.9483089218487416,0.0859492582030609,0.894504,0.9483089218487416,0.0859492582030609,0.894504,0.9483089218487416,0.0859492582030609,0.894504,1.7796176470588256,21.481223823371977,229.25,1.7796176470588256,21.481223823371977,229.25,1.7796176470588256,21.481223823371977,229.25,-0.07959411249999997,0.14290025027284703,0.45891999999999994,-0.07959411249999997,0.14290025027284703,0.45891999999999994,-0.07959411249999997,0.14290025027284703,0.45891999999999994
15,Neck,13,2,No Fall,0.9473566554621878,0.07435397282709733,0.635132,0.9473566554621878,0.07435397282709733,0.635132,0.9473566554621878,0.07435397282709733,0.635132,5.22582352941179,19.175730707210242,241.08000000000004,5.22582352941179,19.175730707210242,241.08000000000004,5.22582352941179,19.175730707210242,241.08000000000004,0.0037863874999999668,0.1972627352635365,0.46003999999999995,0.0037863874999999668,0.1972627352635365,0.46003999999999995,0.0037863874999999668,0.1972627352635365,0.46003999999999995
15,Neck,13,3,No Fall,0.9318157521008414,0.07500649760735695,0.7024760000000001,0.9318157521008414,0.07500649760735695,0.7024760000000001,0.9318157521008414,0.07500649760735695,0.7024760000000001,6.145397058823541,15.059939738365873,168.14000000000001,6.145397058823541,15.059939738365873,168.14000000000001,6.145397058823541,15.059939738365873,168.14000000000001,0.14975721249999988,0.18446714271027265,0.5599999999999999,0.14975721249999988,0.18446714271027265,0.5599999999999999,0.14975721249999988,0.18446714271027265,0.5599999999999999
15,Neck,13,4,No Fall,0.9436878386554606,0.04951625539228484,0.4684799999999999,0.9436878386554606,0.04951625539228484,0.4684799999999999,0.9436878386554606,0.04951625539228484,0.4684799999999999,5.3341029411764715,8.829782683258397,74.06,5.3341029411764715,8.829782683258397,74.06,5.3341029411764715,8.829782683258397,74.06,0.10566780000000005,0.10248381342518859,0.35741999999999996,0.10566780000000005,0.10248381342518859,0.35741999999999996,0.10566780000000005,0.10248381342518859,0.35741999999999996
15,Neck,13,5,No Fall,0.9467229218487385,0.11325014231238313,0.888892,0.9467229218487385,0.11325014231238313,0.888892,0.9467229218487385,0.11325014231238313,0.888892,5.430499999999998,22.40869027390884,218.89000000000001,5.430499999999998,22.40869027390884,218.89000000000001,5.430499999999998,22.40869027390884,218.89000000000001,0.12404104999999968,0.09532589897704798,0.3186399999999999,0.12404104999999968,0.09532589897704798,0.3186399999999999,0.12404104999999968,0.09532589897704798,0.3186399999999999
15,Neck,13,6,No Fall,0.9463273957983193,0.08557208984966136,0.7961720000000001,0.9463273957983193,0.08557208984966136,0.7961720000000001,0.9463273957983193,0.08557208984966136,0.7961720000000001,4.8940147058823475,22.916979724496883,268.31000000000006,4.8940147058823475,22.916979724496883,268.31000000000006,4.8940147058823475,22.916979724496883,268.31000000000006,0.005385012500000036,0.20283237049396205,0.49461999999999995,0.005385012500000036,0.20283237049396205,0.49461999999999995,0.005385012500000036,0.20283237049396205,0.49461999999999995
15,Neck,13,7,No Fall,0.9539661848739484,0.06578808931845126,0.6429399999999998,0.9539661848739484,0.06578808931845126,0.6429399999999998,0.9539661848739484,0.06578808931845126,0.6429399999999998,7.549441176470575,12.16879530344377,100.87,7.549441176470575,12.16879530344377,100.87,7.549441176470575,12.16879530344377,100.87,0.023205612499999976,0.08420156934062742,0.37113999999999997,0.023205612499999976,0.08420156934062742,0.37113999999999997,0.023205612499999976,0.08420156934062742,0.37113999999999997
15,Neck,13,8,No Fall,0.8950746831932764,0.08512995765894958,0.6707559999999999,0.8950746831932764,0.08512995765894958,0.6707559999999999,0.8950746831932764,0.08512995765894958,0.6707559999999999,7.799455882352934,12.604090315670998,128.94,7.799455882352934,12.604090315670998,128.94,7.799455882352934,12.604090315670998,128.94,0.07762046250000006,0.11778500637120476,0.31429999999999997,0.07762046250000006,0.11778500637120476,0.31429999999999997,0.07762046250000006,0.11778500637120476,0.31429999999999997
15,Neck,13,9,No Fall,0.9370852294117663,0.09527109936695079,1.4430159999999999,0.9370852294117663,0.09527109936695079,1.4430159999999999,0.9370852294117663,0.09527109936695079,1.4430159999999999,6.277573529411784,29.886184990093444,445.27,6.277573529411784,29.886184990093444,445.27,6.277573529411784,29.886184990093444,445.27,-0.10312697499999998,0.1441348916161961,0.5240199999999999,-0.10312697499999998,0.1441348916161961,0.5240199999999999,-0.10312697499999998,0.1441348916161961,0.5240199999999999
15,Neck,13,10,No Fall,0.9576403327731157,0.08712852622387013,2.555656,0.9576403327731157,0.08712852622387013,2.555656,0.9576403327731157,0.08712852622387013,2.555656,4.266441176470575,28.021371476930053,660.3100000000001,4.266441176470575,28.021371476930053,660.3100000000001,4.266441176470575,28.021371476930053,660.3100000000001,-0.09010732500000003,0.06265926365606742,0.40054,-0.09010732500000003,0.06265926365606742,0.40054,-0.09010732500000003,0.06265926365606742,0.40054
15,Neck,13,11,No Fall,0.9374405672268936,0.08371015625227282,0.5865760000000001,0.9374405672268936,0.08371015625227282,0.5865760000000001,0.9374405672268936,0.08371015625227282,0.5865760000000001,6.817191176470601,14.43480800089488,125.72000000000001,6.817191176470601,14.43480800089488,125.72000000000001,6.817191176470601,14.43480800089488,125.72000000000001,-0.009612662499999987,0.07745725618362549,0.31836,-0.009612662499999987,0.07745725618362549,0.31836,-0.009612662499999987,0.07745725618362549,0.31836
15,Neck,13,12,No Fall,0.932274533613446,0.05077070629937662,0.3228119999999999,0.932274533613446,0.05077070629937662,0.3228119999999999,0.932274533613446,0.05077070629937662,0.3228119999999999,5.99285294117645,11.084119506942429,120.75000000000001,5.99285294117645,11.084119506942429,120.75000000000001,5.99285294117645,11.084119506942429,120.75000000000001,0.18566441250000007,0.03747505168063654,0.27048,0.18566441250000007,0.03747505168063654,0.27048,0.18566441250000007,0.03747505168063654,0.27048
15,Neck,14,1,No Fall,0.9537527361344529,0.08153981198918656,0.8325279999999999,0.9537527361344529,0.08153981198918656,0.8325279999999999,0.9537527361344529,0.08153981198918656,0.8325279999999999,4.956794117647049,23.76732977052154,241.43,4.956794117647049,23.76732977052154,241.43,4.956794117647049,23.76732977052154,241.43,-0.10721199999999978,0.12650644401664324,0.46941999999999995,-0.10721199999999978,0.12650644401664324,0.46941999999999995,-0.10721199999999978,0.12650644401664324,0.46941999999999995
15,Neck,14,2,No Fall,0.9261654092436967,0.13270913360842934,1.266848,0.9261654092436967,0.13270913360842934,1.266848,0.9261654092436967,0.13270913360842934,1.266848,5.337985294117643,22.203497937289008,249.83000000000004,5.337985294117643,22.203497937289008,249.83000000000004,5.337985294117643,22.203497937289008,249.83000000000004,-0.11451055000000018,0.11742126968018148,0.5054,-0.11451055000000018,0.11742126968018148,0.5054,-0.11451055000000018,0.11742126968018148,0.5054
15,Neck,14,3,No Fall,0.9263230865546206,0.08489269210868036,0.6961319999999999,0.9263230865546206,0.08489269210868036,0.6961319999999999,0.9263230865546206,0.08489269210868036,0.6961319999999999,3.1246764705882373,18.068265037082416,193.9,3.1246764705882373,18.068265037082416,193.9,3.1246764705882373,18.068265037082416,193.9,0.17262358749999987,0.17153415969813243,0.5245799999999999,0.17262358749999987,0.17153415969813243,0.5245799999999999,0.17262358749999987,0.17153415969813243,0.5245799999999999
15,Neck,14,4,No Fall,0.9347128420168078,0.056650438338794296,0.443592,0.9347128420168078,0.056650438338794296,0.443592,0.9347128420168078,0.056650438338794296,0.443592,4.043955882352948,15.029261588302628,197.40000000000003,4.043955882352948,15.029261588302628,197.40000000000003,4.043955882352948,15.029261588302628,197.40000000000003,-0.052111850000000015,0.09941792238894896,0.3458,-0.052111850000000015,0.09941792238894896,0.3458,-0.052111850000000015,0.09941792238894896,0.3458
15,Neck,14,5,No Fall,0.9347846579831917,0.11419839519388919,0.98942,0.9347846579831917,0.11419839519388919,0.98942,0.9347846579831917,0.11419839519388919,0.98942,5.282617647058819,28.07880348903685,314.09000000000003,5.282617647058819,28.07880348903685,314.09000000000003,5.282617647058819,28.07880348903685,314.09000000000003,0.0038818500000000213,0.09327290196503013,0.4242,0.0038818500000000213,0.09327290196503013,0.4242,0.0038818500000000213,0.09327290196503013,0.4242
15,Neck,14,6,No Fall,0.9377141445378173,0.08708286021967547,0.642208,0.9377141445378173,0.08708286021967547,0.642208,0.9377141445378173,0.08708286021967547,0.642208,5.434338235294103,20.506706890893625,203.70000000000002,5.434338235294103,20.506706890893625,203.70000000000002,5.434338235294103,20.506706890893625,203.70000000000002,-0.15495208750000006,0.10455824375247876,0.49363999999999997,-0.15495208750000006,0.10455824375247876,0.49363999999999997,-0.15495208750000006,0.10455824375247876,0.49363999999999997
15,Neck,14,7,No Fall,0.9487517613445369,0.07755448529637882,0.6939359999999999,0.9487517613445369,0.07755448529637882,0.6939359999999999,0.9487517613445369,0.07755448529637882,0.6939359999999999,3.295617647058822,14.6140583424461,132.23000000000002,3.295617647058822,14.6140583424461,132.23000000000002,3.295617647058822,14.6140583424461,132.23000000000002,0.028302837500000018,0.08344834816193444,0.38555999999999996,0.028302837500000018,0.08344834816193444,0.38555999999999996,0.028302837500000018,0.08344834816193444,0.38555999999999996
15,Neck,14,8,No Fall,0.8935602428571466,0.07446681233144861,0.4118719999999999,0.8935602428571466,0.07446681233144861,0.4118719999999999,0.8935602428571466,0.07446681233144861,0.4118719999999999,2.6142205882352854,11.475843385364644,116.97,2.6142205882352854,11.475843385364644,116.97,2.6142205882352854,11.475843385364644,116.97,0.10911617499999977,0.11167499869354197,0.37995999999999996,0.10911617499999977,0.11167499869354197,0.37995999999999996,0.10911617499999977,0.11167499869354197,0.37995999999999996
15,Neck,14,9,No Fall,0.9415159823529409,0.092030320760302,0.8081280000000001,0.9415159823529409,0.092030320760302,0.8081280000000001,0.9415159823529409,0.092030320760302,0.8081280000000001,5.644176470588233,26.43267471794422,265.93000000000006,5.644176470588233,26.43267471794422,265.93000000000006,5.644176470588233,26.43267471794422,265.93000000000006,-0.07193383749999983,0.17855989235617134,0.53018,-0.07193383749999983,0.17855989235617134,0.53018,-0.07193383749999983,0.17855989235617134,0.53018
15,Neck,14,10,No Fall,0.8943418117647051,0.1390951319779027,0.842776,0.8943418117647051,0.1390951319779027,0.842776,0.8943418117647051,0.1390951319779027,0.842776,6.5228088235294175,21.49597754240258,206.15000000000003,6.5228088235294175,21.49597754240258,206.15000000000003,6.5228088235294175,21.49597754240258,206.15000000000003,-0.07126735000000001,0.1319747696621198,0.56938,-0.07126735000000001,0.1319747696621198,0.56938,-0.07126735000000001,0.1319747696621198,0.56938
15,Neck,14,11,No Fall,0.9164849142857148,0.09149130972333253,0.7076000000000001,0.9164849142857148,0.09149130972333253,0.7076000000000001,0.9164849142857148,0.09149130972333253,0.7076000000000001,4.906749999999998,20.339040160712333,232.05,4.906749999999998,20.339040160712333,232.05,4.906749999999998,20.339040160712333,232.05,0.03365162500000003,0.09401678591017631,0.45065999999999995,0.03365162500000003,0.09401678591017631,0.45065999999999995,0.03365162500000003,0.09401678591017631,0.45065999999999995
15,Neck,14,12,No Fall,0.9219277546218474,0.05856121564296713,0.38527599999999995,0.9219277546218474,0.05856121564296713,0.38527599999999995,0.9219277546218474,0.05856121564296713,0.38527599999999995,4.0066176470588255,13.70489456576187,135.03000000000003,4.0066176470588255,13.70489456576187,135.03000000000003,4.0066176470588255,13.70489456576187,135.03000000000003,0.138775875,0.08324456912564882,0.27748,0.138775875,0.08324456912564882,0.27748,0.138775875,0.08324456912564882,0.27748
15,Neck,15,1,No Fall,0.937996897478994,0.13082488405405093,2.96216,0.937996897478994,0.13082488405405093,2.96216,0.937996897478994,0.13082488405405093,2.96216,5.355882352941177,23.15632311233405,436.87,5.355882352941177,23.15632311233405,436.87,5.355882352941177,23.15632311233405,436.87,-0.16383272500000007,0.09003071818251625,0.45304,-0.16383272500000007,0.09003071818251625,0.45304,-0.16383272500000007,0.09003071818251625,0.45304
15,Neck,15,2,No Fall,0.9311371142857153,0.1660537150007917,2.887252,0.9311371142857153,0.1660537150007917,2.887252,0.9311371142857153,0.1660537150007917,2.887252,5.541499999999982,34.923720126923314,774.1300000000001,5.541499999999982,34.923720126923314,774.1300000000001,5.541499999999982,34.923720126923314,774.1300000000001,-0.16679582499999993,0.10977583094074507,0.56924,-0.16679582499999993,0.10977583094074507,0.56924,-0.16679582499999993,0.10977583094074507,0.56924
15,Neck,15,3,No Fall,0.9098716428571425,0.1631989266763531,4.481059999999999,0.9098716428571425,0.1631989266763531,4.481059999999999,0.9098716428571425,0.1631989266763531,4.481059999999999,5.124102941176474,23.608305672720714,431.62000000000006,5.124102941176474,23.608305672720714,431.62000000000006,5.124102941176474,23.608305672720714,431.62000000000006,-0.11168324999999997,0.09266752087613185,0.4692799999999999,-0.11168324999999997,0.09266752087613185,0.4692799999999999,-0.11168324999999997,0.09266752087613185,0.4692799999999999
15,Neck,16,1,No Fall,0.4501903546218515,0.548399176074889,1.734108,0.4501903546218515,0.548399176074889,1.734108,0.4501903546218515,0.548399176074889,1.734108,-0.14314705882353893,39.54508522358816,355.32000000000005,-0.14314705882353893,39.54508522358816,355.32000000000005,-0.14314705882353893,39.54508522358816,355.32000000000005,-0.11521317500000001,0.21949114006098888,0.7924,-0.11521317500000001,0.21949114006098888,0.7924,-0.11521317500000001,0.21949114006098888,0.7924
15,Neck,16,2,No Fall,0.36349341260504064,0.5560145032344632,2.005924,0.36349341260504064,0.5560145032344632,2.005924,0.36349341260504064,0.5560145032344632,2.005924,-0.058661764705885126,32.29050591452401,290.43000000000006,-0.058661764705885126,32.29050591452401,290.43000000000006,-0.058661764705885126,32.29050591452401,290.43000000000006,-0.09485489999999988,0.25022162572153256,0.7272999999999998,-0.09485489999999988,0.25022162572153256,0.7272999999999998,-0.09485489999999988,0.25022162572153256,0.7272999999999998
15,Neck,16,3,No Fall,0.400937211764705,0.5819780125673718,1.815848,0.400937211764705,0.5819780125673718,1.815848,0.400937211764705,0.5819780125673718,1.815848,-0.6922794117647135,31.816494476529577,300.51,-0.6922794117647135,31.816494476529577,300.51,-0.6922794117647135,31.816494476529577,300.51,-0.11367072499999983,0.21444594276636422,0.6911799999999999,-0.11367072499999983,0.21444594276636422,0.6911799999999999,-0.11367072499999983,0.21444594276636422,0.6911799999999999
15,Neck,16,4,No Fall,0.34122456806722795,0.5764024854351568,1.8390279999999999,0.34122456806722795,0.5764024854351568,1.8390279999999999,0.34122456806722795,0.5764024854351568,1.8390279999999999,0.7559117647058794,35.81383561536127,328.51000000000005,0.7559117647058794,35.81383561536127,328.51000000000005,0.7559117647058794,35.81383561536127,328.51000000000005,-0.1961326499999999,0.21765987322709682,0.82446,-0.1961326499999999,0.21765987322709682,0.82446,-0.1961326499999999,0.21765987322709682,0.82446
15,Neck,16,5,No Fall,0.4046375537815137,0.5549172444401169,1.962492,0.4046375537815137,0.5549172444401169,1.962492,0.4046375537815137,0.5549172444401169,1.962492,0.3363235294117723,30.98749735561614,277.62,0.3363235294117723,30.98749735561614,277.62,0.3363235294117723,30.98749735561614,277.62,-0.13399898749999994,0.25394598558644665,0.8114399999999999,-0.13399898749999994,0.25394598558644665,0.8114399999999999,-0.13399898749999994,0.25394598558644665,0.8114399999999999
15,Neck,16,6,No Fall,0.4503680747899163,0.5433853590272286,2.040328,0.4503680747899163,0.5433853590272286,2.040328,0.4503680747899163,0.5433853590272286,2.040328,0.9685441176470587,31.502393443161875,370.86,0.9685441176470587,31.502393443161875,370.86,0.9685441176470587,31.502393443161875,370.86,-0.17851321249999993,0.2095650219268218,0.8964199999999999,-0.17851321249999993,0.2095650219268218,0.8964199999999999,-0.17851321249999993,0.2095650219268218,0.8964199999999999
15,Neck,17,1,No Fall,-0.19011239495798374,0.04070868069078477,0.957212,-0.19011239495798374,0.04070868069078477,0.957212,-0.19011239495798374,0.04070868069078477,0.957212,4.241941176470601,9.522107216267841,285.25,4.241941176470601,9.522107216267841,285.25,4.241941176470601,9.522107216267841,285.25,-0.29194943750000013,0.03797603192882661,0.17877999999999997,-0.29194943750000013,0.03797603192882661,0.17877999999999997,-0.29194943750000013,0.03797603192882661,0.17877999999999997
15,Neck,17,2,No Fall,-0.18547126890756274,0.06602345463899714,0.699792,-0.18547126890756274,0.06602345463899714,0.699792,-0.18547126890756274,0.06602345463899714,0.699792,5.396058823529436,9.018171560493888,94.43,5.396058823529436,9.018171560493888,94.43,5.396058823529436,9.018171560493888,94.43,-0.22944845000000005,0.08692046718902129,0.39759999999999995,-0.22944845000000005,0.08692046718902129,0.39759999999999995,-0.22944845000000005,0.08692046718902129,0.39759999999999995
15,Neck,17,3,No Fall,-0.20699529831932786,0.12712030227594828,1.691652,-0.20699529831932786,0.12712030227594828,1.691652,-0.20699529831932786,0.12712030227594828,1.691652,4.535705882352938,16.66134957130878,206.71000000000004,4.535705882352938,16.66134957130878,206.71000000000004,4.535705882352938,16.66134957130878,206.71000000000004,-0.3089801749999998,0.021298499413518957,0.16702,-0.3089801749999998,0.021298499413518957,0.16702,-0.3089801749999998,0.021298499413518957,0.16702
15,Neck,17,4,No Fall,-0.18930493949579838,0.05565293385786359,0.6968639999999999,-0.18930493949579838,0.05565293385786359,0.6968639999999999,-0.18930493949579838,0.05565293385786359,0.6968639999999999,4.734176470588257,6.145745405391315,80.85000000000001,4.734176470588257,6.145745405391315,80.85000000000001,4.734176470588257,6.145745405391315,80.85000000000001,-0.2481465875,0.100622687835159,0.33558,-0.2481465875,0.100622687835159,0.33558,-0.2481465875,0.100622687835159,0.33558
15,Neck,17,5,No Fall,-0.08269406050420168,0.08194290428106181,0.33916,-0.08269406050420168,0.08194290428106181,0.33916,-0.08269406050420168,0.08194290428106181,0.33916,5.701485294117614,4.1965976623053844,76.86000000000001,5.701485294117614,4.1965976623053844,76.86000000000001,5.701485294117614,4.1965976623053844,76.86000000000001,-0.2712159624999999,0.1000698891632584,0.32101999999999997,-0.2712159624999999,0.1000698891632584,0.32101999999999997,-0.2712159624999999,0.1000698891632584,0.32101999999999997
15,Neck,17,6,No Fall,-0.2506532033613445,0.09225276660378033,0.593164,-0.2506532033613445,0.09225276660378033,0.593164,-0.2506532033613445,0.09225276660378033,0.593164,5.303411764705882,5.999649320720398,85.19,5.303411764705882,5.999649320720398,85.19,5.303411764705882,5.999649320720398,85.19,-0.3554312125000002,0.026987388267175342,0.11801999999999996,-0.3554312125000002,0.026987388267175342,0.11801999999999996,-0.3554312125000002,0.026987388267175342,0.11801999999999996
15,Neck,18,1,No Fall,0.43514975378151216,0.5515340251479316,2.094496,0.43514975378151216,0.5515340251479316,2.094496,0.43514975378151216,0.5515340251479316,2.094496,12.007573529411777,31.895166490321355,255.85000000000002,12.007573529411777,31.895166490321355,255.85000000000002,12.007573529411777,31.895166490321355,255.85000000000002,-0.09811996249999971,0.20394962289661978,0.68656,-0.09811996249999971,0.20394962289661978,0.68656,-0.09811996249999971,0.20394962289661978,0.68656
15,Neck,18,2,No Fall,0.4569931873949583,0.5731023626690365,1.47864,0.4569931873949583,0.5731023626690365,1.47864,0.4569931873949583,0.5731023626690365,1.47864,9.549720588235322,23.039568142091294,168.21000000000004,9.549720588235322,23.039568142091294,168.21000000000004,9.549720588235322,23.039568142091294,168.21000000000004,-0.14659793749999991,0.09186589511170073,0.60144,-0.14659793749999991,0.09186589511170073,0.60144,-0.14659793749999991,0.09186589511170073,0.60144
15,Neck,18,3,No Fall,0.4378078672268905,0.5864571253242417,1.872456,0.4378078672268905,0.5864571253242417,1.872456,0.4378078672268905,0.5864571253242417,1.872456,11.54416176470588,31.274855420327647,259.21000000000004,11.54416176470588,31.274855420327647,259.21000000000004,11.54416176470588,31.274855420327647,259.21000000000004,-0.06331167499999993,0.23827523671053782,0.68194,-0.06331167499999993,0.23827523671053782,0.68194,-0.06331167499999993,0.23827523671053782,0.68194
15,Neck,18,4,No Fall,0.3905440932773115,0.5391791403801048,1.77998,0.3905440932773115,0.5391791403801048,1.77998,0.3905440932773115,0.5391791403801048,1.77998,9.4786323529412,28.628968440305336,292.25000000000006,9.4786323529412,28.628968440305336,292.25000000000006,9.4786323529412,28.628968440305336,292.25000000000006,-0.02976548749999997,0.1880280206830585,0.8135399999999999,-0.02976548749999997,0.1880280206830585,0.8135399999999999,-0.02976548749999997,0.1880280206830585,0.8135399999999999
15,Neck,18,5,No Fall,0.5419854613445381,0.46368706843482155,1.69092,0.5419854613445381,0.46368706843482155,1.69092,0.5419854613445381,0.46368706843482155,1.69092,8.925529411764687,27.69867150543081,267.96000000000004,8.925529411764687,27.69867150543081,267.96000000000004,8.925529411764687,27.69867150543081,267.96000000000004,0.0023599624999999357,0.17518121240157336,0.6475,0.0023599624999999357,0.17518121240157336,0.6475,0.0023599624999999357,0.17518121240157336,0.6475
15,Neck,18,6,No Fall,0.40562621512605135,0.6003974972502754,1.62138,0.40562621512605135,0.6003974972502754,1.62138,0.40562621512605135,0.6003974972502754,1.62138,10.42607352941176,26.76997660258321,226.10000000000002,10.42607352941176,26.76997660258321,226.10000000000002,10.42607352941176,26.76997660258321,226.10000000000002,-0.04948938749999978,0.25583742683827926,0.8216599999999998,-0.04948938749999978,0.25583742683827926,0.8216599999999998,-0.04948938749999978,0.25583742683827926,0.8216599999999998
15,Neck,26,1,No Fall,0.9622079512605063,0.2100876457691629,3.380376,0.9622079512605063,0.2100876457691629,3.380376,0.9622079512605063,0.2100876457691629,3.380376,5.578499999999997,16.770433553795403,270.90000000000003,5.578499999999997,16.770433553795403,270.90000000000003,5.578499999999997,16.770433553795403,270.90000000000003,0.06405341249999996,0.0307736070710349,0.17359999999999998,0.06405341249999996,0.0307736070710349,0.17359999999999998,0.06405341249999996,0.0307736070710349,0.17359999999999998
15,Neck,26,2,No Fall,0.7230131109243696,0.20231557000497713,2.890424,0.7230131109243696,0.20231557000497713,2.890424,0.7230131109243696,0.20231557000497713,2.890424,6.420632352941174,24.259196190953862,215.60000000000002,6.420632352941174,24.259196190953862,215.60000000000002,6.420632352941174,24.259196190953862,215.60000000000002,0.28414181249999954,0.11806373444387626,0.5397,0.28414181249999954,0.11806373444387626,0.5397,0.28414181249999954,0.11806373444387626,0.5397
15,Neck,26,3,No Fall,0.7377945899159655,0.15064325431036157,1.976888,0.7377945899159655,0.15064325431036157,1.976888,0.7377945899159655,0.15064325431036157,1.976888,7.797249999999973,17.99069476099523,192.43,7.797249999999973,17.99069476099523,192.43,7.797249999999973,17.99069476099523,192.43,0.21679052499999968,0.05739061528617885,0.28728,0.21679052499999968,0.05739061528617885,0.28728,0.21679052499999968,0.05739061528617885,0.28728
15,Neck,26,4,No Fall,0.6456856663865543,0.13790598456884676,1.569408,0.6456856663865543,0.13790598456884676,1.569408,0.6456856663865543,0.13790598456884676,1.569408,7.661838235294104,21.013779411509656,203.28000000000003,7.661838235294104,21.013779411509656,203.28000000000003,7.661838235294104,21.013779411509656,203.28000000000003,0.29731029999999997,0.08758931118324863,0.31289999999999996,0.29731029999999997,0.08758931118324863,0.31289999999999996,0.29731029999999997,0.08758931118324863,0.31289999999999996
15,Neck,27,1,No Fall,0.9645976647058825,0.29856834241458796,8.30576,0.9645976647058825,0.29856834241458796,8.30576,0.9645976647058825,0.29856834241458796,8.30576,5.445294117647058,33.18590757672844,559.8600000000001,5.445294117647058,33.18590757672844,559.8600000000001,5.445294117647058,33.18590757672844,559.8600000000001,0.06287286250000013,0.052438783930347295,0.37351999999999996,0.06287286250000013,0.052438783930347295,0.37351999999999996,0.06287286250000013,0.052438783930347295,0.37351999999999996
15,Neck,27,2,No Fall,0.6954468008403376,0.15600564555840918,1.9903080000000002,0.6954468008403376,0.15600564555840918,1.9903080000000002,0.6954468008403376,0.15600564555840918,1.9903080000000002,7.727985294117636,22.321281161329416,272.51000000000005,7.727985294117636,22.321281161329416,272.51000000000005,7.727985294117636,22.321281161329416,272.51000000000005,0.2526585250000001,0.09540865113562326,0.36456,0.2526585250000001,0.09540865113562326,0.36456,0.2526585250000001,0.09540865113562326,0.36456
15,Neck,27,3,No Fall,0.6598211092436945,0.1462693321848727,2.3428880000000003,0.6598211092436945,0.1462693321848727,2.3428880000000003,0.6598211092436945,0.1462693321848727,2.3428880000000003,5.219588235294113,16.706111838662668,305.27000000000004,5.219588235294113,16.706111838662668,305.27000000000004,5.219588235294113,16.706111838662668,305.27000000000004,0.23583953750000014,0.02332442887081993,0.1519,0.23583953750000014,0.02332442887081993,0.1519,0.23583953750000014,0.02332442887081993,0.1519
15,Neck,27,4,No Fall,0.6440968983193255,0.12923466295379984,1.624796,0.6440968983193255,0.12923466295379984,1.624796,0.6440968983193255,0.12923466295379984,1.624796,7.6623382352941105,22.62502744202892,242.55000000000004,7.6623382352941105,22.62502744202892,242.55000000000004,7.6623382352941105,22.62502744202892,242.55000000000004,0.21156117500000007,0.052999411082613114,0.30323999999999995,0.21156117500000007,0.052999411082613114,0.30323999999999995,0.21156117500000007,0.052999411082613114,0.30323999999999995
15,Neck,28,1,No Fall,0.9121808260504223,0.11536742424872458,0.6556279999999999,0.9121808260504223,0.11536742424872458,0.6556279999999999,0.9121808260504223,0.11536742424872458,0.6556279999999999,5.657029411764713,19.129911974961033,249.41000000000003,5.657029411764713,19.129911974961033,249.41000000000003,5.657029411764713,19.129911974961033,249.41000000000003,0.08833772500000016,0.09271778350691894,0.34215999999999996,0.08833772500000016,0.09271778350691894,0.34215999999999996,0.08833772500000016,0.09271778350691894,0.34215999999999996
15,Neck,28,2,No Fall,0.6687192663865529,0.2303632468707428,1.37616,0.6687192663865529,0.2303632468707428,1.37616,0.6687192663865529,0.2303632468707428,1.37616,5.399588235294108,24.307838012906913,196.35000000000002,5.399588235294108,24.307838012906913,196.35000000000002,5.399588235294108,24.307838012906913,196.35000000000002,0.24656843750000007,0.07865022459091403,0.30295999999999995,0.24656843750000007,0.07865022459091403,0.30295999999999995,0.24656843750000007,0.07865022459091403,0.30295999999999995
15,Neck,28,3,No Fall,0.5665420109243666,0.24151146051673564,1.402512,0.5665420109243666,0.24151146051673564,1.402512,0.5665420109243666,0.24151146051673564,1.402512,5.210750000000005,14.805612364059243,167.79000000000002,5.210750000000005,14.805612364059243,167.79000000000002,5.210750000000005,14.805612364059243,167.79000000000002,0.2061632125000002,0.048828548292828525,0.29203999999999997,0.2061632125000002,0.048828548292828525,0.29203999999999997,0.2061632125000002,0.048828548292828525,0.29203999999999997
15,Neck,28,4,No Fall,0.5823374226890762,0.22259142986074992,1.044808,0.5823374226890762,0.22259142986074992,1.044808,0.5823374226890762,0.22259142986074992,1.044808,7.033117647058834,20.634449741754974,171.43,7.033117647058834,20.634449741754974,171.43,7.033117647058834,20.634449741754974,171.43,0.31068283749999986,0.08417844445145979,0.28196,0.31068283749999986,0.08417844445145979,0.28196,0.31068283749999986,0.08417844445145979,0.28196
15,Neck,29,1,No Fall,0.8786827016806746,0.11361105093444145,0.5153279999999999,0.8786827016806746,0.11361105093444145,0.5153279999999999,0.8786827016806746,0.11361105093444145,0.5153279999999999,7.332500000000002,17.128254322117474,179.34,7.332500000000002,17.128254322117474,179.34,7.332500000000002,17.128254322117474,179.34,0.07360027500000005,0.12276871960721751,0.42727999999999994,0.07360027500000005,0.12276871960721751,0.42727999999999994,0.07360027500000005,0.12276871960721751,0.42727999999999994
15,Neck,29,2,No Fall,0.9205578689075612,0.07983028671283036,0.4958079999999999,0.9205578689075612,0.07983028671283036,0.4958079999999999,0.9205578689075612,0.07983028671283036,0.4958079999999999,8.009588235294123,10.55931562052227,89.81,8.009588235294123,10.55931562052227,89.81,8.009588235294123,10.55931562052227,89.81,-0.02552331249999998,0.12698445907593028,0.42979999999999996,-0.02552331249999998,0.12698445907593028,0.42979999999999996,-0.02552331249999998,0.12698445907593028,0.42979999999999996
15,Neck,30,1,No Fall,0.8214784394957991,0.07799035776710221,0.4496920000000001,0.8214784394957991,0.07799035776710221,0.4496920000000001,0.8214784394957991,0.07799035776710221,0.4496920000000001,5.46000000000002,22.777961929314255,178.15000000000003,5.46000000000002,22.777961929314255,178.15000000000003,5.46000000000002,22.777961929314255,178.15000000000003,0.26108941250000006,0.04173773632219001,0.20789999999999997,0.26108941250000006,0.04173773632219001,0.20789999999999997,0.26108941250000006,0.04173773632219001,0.20789999999999997
15,Neck,30,2,No Fall,0.7239116050420178,0.08154342503276304,0.497028,0.7239116050420178,0.08154342503276304,0.497028,0.7239116050420178,0.08154342503276304,0.497028,4.75754411764709,15.907571204972056,96.39000000000001,4.75754411764709,15.907571204972056,96.39000000000001,4.75754411764709,15.907571204972056,96.39000000000001,0.25515726250000004,0.04031689407337097,0.17402,0.25515726250000004,0.04031689407337097,0.17402,0.25515726250000004,0.04031689407337097,0.17402
15,Neck,31,1,No Fall,0.884224577310925,0.10632899192950636,0.4743360000000001,0.884224577310925,0.10632899192950636,0.4743360000000001,0.884224577310925,0.10632899192950636,0.4743360000000001,4.21289705882353,19.032541993879956,125.79,4.21289705882353,19.032541993879956,125.79,4.21289705882353,19.032541993879956,125.79,0.18849906250000018,0.12439393760827781,0.34775999999999996,0.18849906250000018,0.12439393760827781,0.34775999999999996,0.18849906250000018,0.12439393760827781,0.34775999999999996
15,Neck,31,2,No Fall,0.9261477243697506,0.07026482902968459,0.4697000000000001,0.9261477243697506,0.07026482902968459,0.4697000000000001,0.9261477243697506,0.07026482902968459,0.4697000000000001,3.657941176470589,13.807383422919312,96.11000000000001,3.657941176470589,13.807383422919312,96.11000000000001,3.657941176470589,13.807383422919312,96.11000000000001,0.17543093750000005,0.07900127803287643,0.30086,0.17543093750000005,0.07900127803287643,0.30086,0.17543093750000005,0.07900127803287643,0.30086
15,Neck,32,1,No Fall,0.9138006067226876,0.07896525330711376,0.5824279999999998,0.9138006067226876,0.07896525330711376,0.5824279999999998,0.9138006067226876,0.07896525330711376,0.5824279999999998,6.3008970588235185,13.70569948662389,121.80000000000001,6.3008970588235185,13.70569948662389,121.80000000000001,6.3008970588235185,13.70569948662389,121.80000000000001,0.10454972500000004,0.059428986195075625,0.22077999999999998,0.10454972500000004,0.059428986195075625,0.22077999999999998,0.10454972500000004,0.059428986195075625,0.22077999999999998
15,Neck,32,2,No Fall,0.8728475647058825,0.08520940596351048,0.49849199999999994,0.8728475647058825,0.08520940596351048,0.49849199999999994,0.8728475647058825,0.08520940596351048,0.49849199999999994,6.794441176470597,13.262992096168972,108.08000000000001,6.794441176470597,13.262992096168972,108.08000000000001,6.794441176470597,13.262992096168972,108.08000000000001,0.1317316874999999,0.04165406375486555,0.1561,0.1317316874999999,0.04165406375486555,0.1561,0.1317316874999999,0.04165406375486555,0.1561
15,Neck,33,1,No Fall,0.8062911310924367,0.08766886125772894,0.5311879999999999,0.8062911310924367,0.08766886125772894,0.5311879999999999,0.8062911310924367,0.08766886125772894,0.5311879999999999,6.096117647058813,20.848411383322706,182.07000000000002,6.096117647058813,20.848411383322706,182.07000000000002,6.096117647058813,20.848411383322706,182.07000000000002,0.17352956249999996,0.05054323396232877,0.27565999999999996,0.17352956249999996,0.05054323396232877,0.27565999999999996,0.17352956249999996,0.05054323396232877,0.27565999999999996
15,Neck,33,2,No Fall,0.7904767016806735,0.05260300162329808,0.38259199999999993,0.7904767016806735,0.05260300162329808,0.38259199999999993,0.7904767016806735,0.05260300162329808,0.38259199999999993,3.9246323529411735,10.705185293777776,82.74000000000001,3.9246323529411735,10.705185293777776,82.74000000000001,3.9246323529411735,10.705185293777776,82.74000000000001,0.16196547499999997,0.045943292561117934,0.21055999999999997,0.16196547499999997,0.045943292561117934,0.21055999999999997,0.16196547499999997,0.045943292561117934,0.21055999999999997
15,Neck,34,1,No Fall,0.926242812605042,0.09928499541021879,1.038952,0.926242812605042,0.09928499541021879,1.038952,0.926242812605042,0.09928499541021879,1.038952,2.0991470588235286,19.03513279790735,173.74,2.0991470588235286,19.03513279790735,173.74,2.0991470588235286,19.03513279790735,173.74,0.026138962499999953,0.1380308595316206,0.4794999999999999,0.026138962499999953,0.1380308595316206,0.4794999999999999,0.026138962499999953,0.1380308595316206,0.4794999999999999
15,Neck,34,2,No Fall,0.9318968974789897,0.04791108469222273,0.43920000000000015,0.9318968974789897,0.04791108469222273,0.43920000000000015,0.9318968974789897,0.04791108469222273,0.43920000000000015,4.011735294117643,10.913222485554833,95.76000000000002,4.011735294117643,10.913222485554833,95.76000000000002,4.011735294117643,10.913222485554833,95.76000000000002,0.05295290000000013,0.0904672095435225,0.26922,0.05295290000000013,0.0904672095435225,0.26922,0.05295290000000013,0.0904672095435225,0.26922
15,Neck,35,1,No Fall,0.7451997336134426,0.1260197626287004,0.693204,0.7451997336134426,0.1260197626287004,0.693204,0.7451997336134426,0.1260197626287004,0.693204,7.158441176470607,19.51019412221719,138.81,7.158441176470607,19.51019412221719,138.81,7.158441176470607,19.51019412221719,138.81,0.2998588250000001,0.056035155253283044,0.27593999999999996,0.2998588250000001,0.056035155253283044,0.27593999999999996,0.2998588250000001,0.056035155253283044,0.27593999999999996
15,Neck,35,2,No Fall,0.8853280621848743,0.09959219435952786,0.612928,0.8853280621848743,0.09959219435952786,0.612928,0.8853280621848743,0.09959219435952786,0.612928,6.754558823529414,17.08999308368021,166.25000000000003,6.754558823529414,17.08999308368021,166.25000000000003,6.754558823529414,17.08999308368021,166.25000000000003,0.22804459999999985,0.05364855256980878,0.28293999999999997,0.22804459999999985,0.05364855256980878,0.28293999999999997,0.22804459999999985,0.05364855256980878,0.28293999999999997
15,Neck,36,1,No Fall,0.742932020168067,0.11418931151006338,0.894504,0.742932020168067,0.11418931151006338,0.894504,0.742932020168067,0.11418931151006338,0.894504,3.547161764705874,20.64848330757039,160.93,3.547161764705874,20.64848330757039,160.93,3.547161764705874,20.64848330757039,160.93,0.17275536250000012,0.0596839688637634,0.26669999999999994,0.17275536250000012,0.0596839688637634,0.26669999999999994,0.17275536250000012,0.0596839688637634,0.26669999999999994
15,Neck,36,2,No Fall,0.8215935193277311,0.07676626381913997,0.7056479999999999,0.8215935193277311,0.07676626381913997,0.7056479999999999,0.8215935193277311,0.07676626381913997,0.7056479999999999,4.966794117647063,17.318038323429402,133.63000000000002,4.966794117647063,17.318038323429402,133.63000000000002,4.966794117647063,17.318038323429402,133.63000000000002,0.16879397500000018,0.04698728846185421,0.25662,0.16879397500000018,0.04698728846185421,0.25662,0.16879397500000018,0.04698728846185421,0.25662
15,Neck,37,1,No Fall,0.8406299277310907,0.06394130964524622,0.413092,0.8406299277310907,0.06394130964524622,0.413092,0.8406299277310907,0.06394130964524622,0.413092,7.0371470588235265,14.57881354509528,148.33,7.0371470588235265,14.57881354509528,148.33,7.0371470588235265,14.57881354509528,148.33,0.06655652500000003,0.05669799984493177,0.23575999999999997,0.06655652500000003,0.05669799984493177,0.23575999999999997,0.06655652500000003,0.05669799984493177,0.23575999999999997
15,Neck,37,2,No Fall,0.9381272016806704,0.026150948719511673,0.22521199999999997,0.9381272016806704,0.026150948719511673,0.22521199999999997,0.9381272016806704,0.026150948719511673,0.22521199999999997,5.670750000000004,6.238057905009023,74.97000000000001,5.670750000000004,6.238057905009023,74.97000000000001,5.670750000000004,6.238057905009023,74.97000000000001,0.01045275,0.03246024393909211,0.16113999999999998,0.01045275,0.03246024393909211,0.16113999999999998,0.01045275,0.03246024393909211,0.16113999999999998
15,Neck,38,1,No Fall,0.8490088672268937,0.06280796709062265,0.5145959999999999,0.8490088672268937,0.06280796709062265,0.5145959999999999,0.8490088672268937,0.06280796709062265,0.5145959999999999,4.975500000000008,10.76755784550487,91.07000000000001,4.975500000000008,10.76755784550487,91.07000000000001,4.975500000000008,10.76755784550487,91.07000000000001,0.08185904999999996,0.05266350541978231,0.23786,0.08185904999999996,0.05266350541978231,0.23786,0.08185904999999996,0.05266350541978231,0.23786
15,Neck,38,2,No Fall,0.930730669747899,0.045495312320265234,0.5856,0.930730669747899,0.045495312320265234,0.5856,0.930730669747899,0.045495312320265234,0.5856,5.407661764705891,9.859010189862685,185.08000000000004,5.407661764705891,9.859010189862685,185.08000000000004,5.407661764705891,9.859010189862685,185.08000000000004,0.04927405000000003,0.08032410103668818,0.35685999999999996,0.04927405000000003,0.08032410103668818,0.35685999999999996,0.04927405000000003,0.08032410103668818,0.35685999999999996
15,Neck,39,1,No Fall,0.9607511789915957,0.03770652900556202,0.5072760000000001,0.9607511789915957,0.03770652900556202,0.5072760000000001,0.9607511789915957,0.03770652900556202,0.5072760000000001,3.866867647058824,5.404453830057518,50.89000000000001,3.866867647058824,5.404453830057518,50.89000000000001,3.866867647058824,5.404453830057518,50.89000000000001,0.002968174999999967,0.0742079486507086,0.39325999999999994,0.002968174999999967,0.0742079486507086,0.39325999999999994,0.002968174999999967,0.0742079486507086,0.39325999999999994
15,Neck,39,2,No Fall,0.9715693495798305,0.036097672823339054,0.31012400000000007,0.9715693495798305,0.036097672823339054,0.31012400000000007,0.9715693495798305,0.036097672823339054,0.31012400000000007,4.192867647058813,5.400921959006082,59.150000000000006,4.192867647058813,5.400921959006082,59.150000000000006,4.192867647058813,5.400921959006082,59.150000000000006,0.03147095000000005,0.05854486665780347,0.35056,0.03147095000000005,0.05854486665780347,0.35056,0.03147095000000005,0.05854486665780347,0.35056
15,Neck,40,1,No Fall,0.9737833420168072,0.04160472903544599,0.517524,0.9737833420168072,0.04160472903544599,0.517524,0.9737833420168072,0.04160472903544599,0.517524,5.23389705882353,5.055083452715959,41.370000000000005,5.23389705882353,5.055083452715959,41.370000000000005,5.23389705882353,5.055083452715959,41.370000000000005,-0.05231939999999996,0.05564547050418633,0.23883999999999997,-0.05231939999999996,0.05564547050418633,0.23883999999999997,-0.05231939999999996,0.05564547050418633,0.23883999999999997
15,Neck,40,2,No Fall,0.9665329025210084,0.04339430541893637,0.538508,0.9665329025210084,0.04339430541893637,0.538508,0.9665329025210084,0.04339430541893637,0.538508,5.493088235294109,5.683639282666506,52.99,5.493088235294109,5.683639282666506,52.99,5.493088235294109,5.683639282666506,52.99,-0.02757886250000002,0.07880593135174678,0.29413999999999996,-0.02757886250000002,0.07880593135174678,0.29413999999999996,-0.02757886250000002,0.07880593135174678,0.29413999999999996
15,Neck,101,1,Fall,0.45846016050419935,0.5139938000772716,5.889428,0.45846016050419935,0.5139938000772716,5.889428,0.45846016050419935,0.5139938000772716,5.889428,8.313779411764978,44.76684742330806,1566.88,8.313779411764978,44.76684742330806,1566.88,8.313779411764978,44.76684742330806,1566.88,0.25554322500000004,0.1273400617880505,0.45541999999999994,0.25554322500000004,0.1273400617880505,0.45541999999999994,0.25554322500000004,0.1273400617880505,0.45541999999999994
15,Neck,101,2,Fall,0.44825957647059933,0.50331255657071,4.291472,0.44825957647059933,0.50331255657071,4.291472,0.44825957647059933,0.50331255657071,4.291472,9.063485294117697,34.670552453850064,1065.3300000000002,9.063485294117697,34.670552453850064,1065.3300000000002,9.063485294117697,34.670552453850064,1065.3300000000002,0.3080399875,0.1261468935783782,0.43665999999999994,0.3080399875,0.1261468935783782,0.43665999999999994,0.3080399875,0.1261468935783782,0.43665999999999994
15,Neck,102,1,Fall,0.6516193260504185,0.40166330788168597,6.333752,0.6516193260504185,0.40166330788168597,6.333752,0.6516193260504185,0.40166330788168597,6.333752,5.868191176470584,35.47605641205606,581.3500000000001,5.868191176470584,35.47605641205606,581.3500000000001,5.868191176470584,35.47605641205606,581.3500000000001,0.2846299749999997,0.09865338584197535,0.47641999999999995,0.2846299749999997,0.09865338584197535,0.47641999999999995,0.2846299749999997,0.09865338584197535,0.47641999999999995
15,Neck,102,2,Fall,0.47071941764705827,0.4942916252914347,3.9262040000000002,0.47071941764705827,0.4942916252914347,3.9262040000000002,0.47071941764705827,0.4942916252914347,3.9262040000000002,3.3168382352941097,43.531940573293866,573.86,3.3168382352941097,43.531940573293866,573.86,3.3168382352941097,43.531940573293866,573.86,0.2694709500000001,0.097918606168561,0.4305,0.2694709500000001,0.097918606168561,0.4305,0.2694709500000001,0.097918606168561,0.4305
15,Neck,103,1,Fall,0.46005595126050536,0.4631283160406461,2.051064,0.46005595126050536,0.4631283160406461,2.051064,0.46005595126050536,0.4631283160406461,2.051064,8.92973529411763,39.343531803611576,609.21,8.92973529411763,39.343531803611576,609.21,8.92973529411763,39.343531803611576,609.21,0.2858244375000003,0.13846756942483904,0.5517399999999999,0.2858244375000003,0.13846756942483904,0.5517399999999999,0.2858244375000003,0.13846756942483904,0.5517399999999999
15,Neck,103,2,Fall,0.6370742605042052,0.29132500614934065,2.9026240000000003,0.6370742605042052,0.29132500614934065,2.9026240000000003,0.6370742605042052,0.29132500614934065,2.9026240000000003,6.28982352941181,33.578123814117504,412.72,6.28982352941181,33.578123814117504,412.72,6.28982352941181,33.578123814117504,412.72,0.21800983749999983,0.19304819020600045,0.52906,0.21800983749999983,0.19304819020600045,0.52906,0.21800983749999983,0.19304819020600045,0.52906
15,Neck,104,1,Fall,0.6643401327731097,0.408593477191498,3.38672,0.6643401327731097,0.408593477191498,3.38672,0.6643401327731097,0.408593477191498,3.38672,4.798764705882349,35.537444197636326,498.82000000000005,4.798764705882349,35.537444197636326,498.82000000000005,4.798764705882349,35.537444197636326,498.82000000000005,0.1405990249999998,0.12520314840602498,0.52682,0.1405990249999998,0.12520314840602498,0.52682,0.1405990249999998,0.12520314840602498,0.52682
15,Neck,104,2,Fall,0.538179522689074,0.4425553484748494,3.4587,0.538179522689074,0.4425553484748494,3.4587,0.538179522689074,0.4425553484748494,3.4587,8.814029411764691,42.689609877500004,589.0500000000001,8.814029411764691,42.689609877500004,589.0500000000001,8.814029411764691,42.689609877500004,589.0500000000001,0.1589864499999999,0.2070699096937679,0.60298,0.1589864499999999,0.2070699096937679,0.60298,0.1589864499999999,0.2070699096937679,0.60298
15,Neck,105,1,Fall,0.4703973991596594,0.49863230313971324,4.3175799999999995,0.4703973991596594,0.49863230313971324,4.3175799999999995,0.4703973991596594,0.49863230313971324,4.3175799999999995,6.749426470588291,21.883558243536193,347.62,6.749426470588291,21.883558243536193,347.62,6.749426470588291,21.883558243536193,347.62,0.09283977499999999,0.09171298986658488,0.49573999999999996,0.09283977499999999,0.09171298986658488,0.49573999999999996,0.09283977499999999,0.09171298986658488,0.49573999999999996
15,Neck,105,2,Fall,0.49893576218487473,0.44643409574355636,1.927112,0.49893576218487473,0.44643409574355636,1.927112,0.49893576218487473,0.44643409574355636,1.927112,6.739558823529451,29.784468720180676,482.72,6.739558823529451,29.784468720180676,482.72,6.739558823529451,29.784468720180676,482.72,0.10489648749999991,0.07670020307425619,0.5698,0.10489648749999991,0.07670020307425619,0.5698,0.10489648749999991,0.07670020307425619,0.5698
15,Neck,106,2,Fall,0.6704477193277317,0.38408846887675113,6.877384,0.6704477193277317,0.38408846887675113,6.877384,0.6704477193277317,0.38408846887675113,6.877384,3.910058823529405,50.806290401431575,650.09,3.910058823529405,50.806290401431575,650.09,3.910058823529405,50.806290401431575,650.09,0.16078754999999958,0.14709394044477062,0.5516,0.16078754999999958,0.14709394044477062,0.5516,0.16078754999999958,0.14709394044477062,0.5516
15,Neck,107,1,Fall,0.6445586529411786,0.3142014486326762,2.221864,0.6445586529411786,0.3142014486326762,2.221864,0.6445586529411786,0.3142014486326762,2.221864,4.624102941176476,35.700455753836685,439.11,4.624102941176476,35.700455753836685,439.11,4.624102941176476,35.700455753836685,439.11,-0.012007975000000006,0.11971165267326916,0.50386,-0.012007975000000006,0.11971165267326916,0.50386,-0.012007975000000006,0.11971165267326916,0.50386
15,Neck,107,2,Fall,0.40954036470588145,0.5401287724724337,6.1988199999999996,0.40954036470588145,0.5401287724724337,6.1988199999999996,0.40954036470588145,0.5401287724724337,6.1988199999999996,0.9709411764705889,47.46430248621535,532.28,0.9709411764705889,47.46430248621535,532.28,0.9709411764705889,47.46430248621535,532.28,-0.1495155374999999,0.15898093134293764,0.60578,-0.1495155374999999,0.15898093134293764,0.60578,-0.1495155374999999,0.15898093134293764,0.60578
15,Neck,107,3,Fall,0.3754284983193269,0.5351878266898286,7.10406,0.3754284983193269,0.5351878266898286,7.10406,0.3754284983193269,0.5351878266898286,7.10406,1.0302205882352948,49.46160684580469,1412.95,1.0302205882352948,49.46160684580469,1412.95,1.0302205882352948,49.46160684580469,1412.95,-0.04855287499999996,0.23221219487117567,0.59976,-0.04855287499999996,0.23221219487117567,0.59976,-0.04855287499999996,0.23221219487117567,0.59976
15,Neck,107,4,Fall,0.4182114378151248,0.5296632716839418,8.318204,0.4182114378151248,0.5296632716839418,8.318204,0.4182114378151248,0.5296632716839418,8.318204,0.8731470588235385,40.742383954754956,593.6000000000001,0.8731470588235385,40.742383954754956,593.6000000000001,0.8731470588235385,40.742383954754956,593.6000000000001,-0.14131556249999982,0.14967722517435128,0.51254,-0.14131556249999982,0.14967722517435128,0.51254,-0.14131556249999982,0.14967722517435128,0.51254
15,Neck,108,1,Fall,0.6026082352941167,0.41814419030171057,2.570296,0.6026082352941167,0.41814419030171057,2.570296,0.6026082352941167,0.41814419030171057,2.570296,2.321426470588229,40.99639479742936,427.84000000000003,2.321426470588229,40.99639479742936,427.84000000000003,2.321426470588229,40.99639479742936,427.84000000000003,0.2731048250000002,0.12677085945702984,0.5181399999999999,0.2731048250000002,0.12677085945702984,0.5181399999999999,0.2731048250000002,0.12677085945702984,0.5181399999999999
15,Neck,108,3,Fall,0.6549867310924375,0.3801167035152738,2.540772,0.6549867310924375,0.3801167035152738,2.540772,0.6549867310924375,0.3801167035152738,2.540772,2.8877500000000103,44.6769578964854,606.97,2.8877500000000103,44.6769578964854,606.97,2.8877500000000103,44.6769578964854,606.97,0.2314137000000002,0.10616530606296093,0.4827199999999999,0.2314137000000002,0.10616530606296093,0.4827199999999999,0.2314137000000002,0.10616530606296093,0.4827199999999999
15,Neck,108,4,Fall,0.4322349789915971,0.3577480178485619,4.15044,0.4322349789915971,0.3577480178485619,4.15044,0.4322349789915971,0.3577480178485619,4.15044,2.2707058823529436,42.95499518804548,614.0400000000001,2.2707058823529436,42.95499518804548,614.0400000000001,2.2707058823529436,42.95499518804548,614.0400000000001,0.18628653749999988,0.26442965177996564,0.7725199999999999,0.18628653749999988,0.26442965177996564,0.7725199999999999,0.18628653749999988,0.26442965177996564,0.7725199999999999
15,Neck,109,1,Fall,0.40443768907563094,0.4638122748912113,3.156872,0.40443768907563094,0.4638122748912113,3.156872,0.40443768907563094,0.4638122748912113,3.156872,3.29616176470589,46.76660366545893,731.1500000000001,3.29616176470589,46.76660366545893,731.1500000000001,3.29616176470589,46.76660366545893,731.1500000000001,-0.13732232500000005,0.15721639686351457,0.6973399999999998,-0.13732232500000005,0.15721639686351457,0.6973399999999998,-0.13732232500000005,0.15721639686351457,0.6973399999999998
15,Neck,109,2,Fall,0.08039830756302581,0.8515964320160211,3.6004639999999997,0.08039830756302581,0.8515964320160211,3.6004639999999997,0.08039830756302581,0.8515964320160211,3.6004639999999997,3.079485294117644,31.892524115877404,594.23,3.079485294117644,31.892524115877404,594.23,3.079485294117644,31.892524115877404,594.23,0.16525153750000002,0.0813869967664538,0.49644,0.16525153750000002,0.0813869967664538,0.49644,0.16525153750000002,0.0813869967664538,0.49644
15,Neck,110,2,Fall,0.7898192857142835,0.2600180313255907,2.480504,0.7898192857142835,0.2600180313255907,2.480504,0.7898192857142835,0.2600180313255907,2.480504,3.430338235294119,60.838303434375554,787.2900000000001,3.430338235294119,60.838303434375554,787.2900000000001,3.430338235294119,60.838303434375554,787.2900000000001,0.1323371,0.14623706413703622,0.6363,0.1323371,0.14623706413703622,0.6363,0.1323371,0.14623706413703622,0.6363
15,Neck,111,1,Fall,0.44808498319326395,0.4595785666042731,5.486584,0.44808498319326395,0.4595785666042731,5.486584,0.44808498319326395,0.4595785666042731,5.486584,7.431823529411854,32.45379021212369,778.6800000000001,7.431823529411854,32.45379021212369,778.6800000000001,7.431823529411854,32.45379021212369,778.6800000000001,0.3011662499999999,0.11748873106661024,0.3598,0.3011662499999999,0.11748873106661024,0.3598,0.3011662499999999,0.11748873106661024,0.3598
15,Neck,112,1,Fall,0.24043503697478746,0.5515963817578846,10.397328,0.24043503697478746,0.5515963817578846,10.397328,0.24043503697478746,0.5515963817578846,10.397328,0.8504852941176441,71.71033303682842,1698.6200000000003,0.8504852941176441,71.71033303682842,1698.6200000000003,0.8504852941176441,71.71033303682842,1698.6200000000003,-0.02644066249999997,0.2069140935995964,0.58534,-0.02644066249999997,0.2069140935995964,0.58534,-0.02644066249999997,0.2069140935995964,0.58534
15,Neck,113,1,Fall,0.7398984747899173,0.2391185585545192,5.878692,0.7398984747899173,0.2391185585545192,5.878692,0.7398984747899173,0.2391185585545192,5.878692,-2.5444852941176372,37.67400037496398,711.6200000000001,-2.5444852941176372,37.67400037496398,711.6200000000001,-2.5444852941176372,37.67400037496398,711.6200000000001,0.03796380000000004,0.1538896011151896,0.4526199999999999,0.03796380000000004,0.1538896011151896,0.4526199999999999,0.03796380000000004,0.1538896011151896,0.4526199999999999
15,Neck,113,2,Fall,0.44932881932772983,0.43664013602021123,4.016728,0.44932881932772983,0.43664013602021123,4.016728,0.44932881932772983,0.43664013602021123,4.016728,7.726588235294206,33.37186465159238,485.31000000000006,7.726588235294206,33.37186465159238,485.31000000000006,7.726588235294206,33.37186465159238,485.31000000000006,0.08302035000000016,0.06964774890444893,0.5909399999999999,0.08302035000000016,0.06964774890444893,0.5909399999999999,0.08302035000000016,0.06964774890444893,0.5909399999999999
15,Neck,114,1,Fall,0.5463370680672269,0.28642542997826664,2.285548,0.5463370680672269,0.28642542997826664,2.285548,0.5463370680672269,0.28642542997826664,2.285548,10.921720588235464,26.61743336346796,448.00000000000006,10.921720588235464,26.61743336346796,448.00000000000006,10.921720588235464,26.61743336346796,448.00000000000006,0.18713721249999968,0.13441522005001166,0.41328,0.18713721249999968,0.13441522005001166,0.41328,0.18713721249999968,0.13441522005001166,0.41328
15,Neck,114,2,Fall,0.5506687344537838,0.35426941972649545,3.3996519999999997,0.5506687344537838,0.35426941972649545,3.3996519999999997,0.5506687344537838,0.35426941972649545,3.3996519999999997,9.051852941176566,33.98196191367748,711.97,9.051852941176566,33.98196191367748,711.97,9.051852941176566,33.98196191367748,711.97,0.33404218749999925,0.08721674000901965,0.41888,0.33404218749999925,0.08721674000901965,0.41888,0.33404218749999925,0.08721674000901965,0.41888
15,Neck,115,1,Fall,0.4153927252100832,0.4585038105510173,2.08254,0.4153927252100832,0.4585038105510173,2.08254,0.4153927252100832,0.4585038105510173,2.08254,9.229117647058626,30.288581942894155,494.69000000000005,9.229117647058626,30.288581942894155,494.69000000000005,9.229117647058626,30.288581942894155,494.69000000000005,0.23988807499999942,0.1910694666422952,0.48706,0.23988807499999942,0.1910694666422952,0.48706,0.23988807499999942,0.1910694666422952,0.48706
15,Neck,116,1,Fall,0.4445638991596641,0.516461638652431,2.40218,0.4445638991596641,0.516461638652431,2.40218,0.4445638991596641,0.516461638652431,2.40218,9.021852941176492,35.0778132715848,413.21000000000004,9.021852941176492,35.0778132715848,413.21000000000004,9.021852941176492,35.0778132715848,413.21000000000004,0.21493832500000015,0.16963645248428053,0.5558,0.21493832500000015,0.16963645248428053,0.5558,0.21493832500000015,0.16963645248428053,0.5558
15,Neck,117,1,Fall,0.3409156210084039,0.5132750139672239,4.741408,0.3409156210084039,0.5132750139672239,4.741408,0.3409156210084039,0.5132750139672239,4.741408,0.4357499999999938,50.35754632598401,789.8800000000001,0.4357499999999938,50.35754632598401,789.8800000000001,0.4357499999999938,50.35754632598401,789.8800000000001,-0.08692748750000004,0.20241822156602193,0.6330799999999999,-0.08692748750000004,0.20241822156602193,0.6330799999999999,-0.08692748750000004,0.20241822156602193,0.6330799999999999
15,Neck,118,1,Fall,0.3359030100840335,0.4751834391629913,5.873568,0.3359030100840335,0.4751834391629913,5.873568,0.3359030100840335,0.4751834391629913,5.873568,1.159176470588227,62.271172644691816,729.6100000000001,1.159176470588227,62.271172644691816,729.6100000000001,1.159176470588227,62.271172644691816,729.6100000000001,0.15196641250000012,0.24317926815709093,0.72464,0.15196641250000012,0.24317926815709093,0.72464,0.15196641250000012,0.24317926815709093,0.72464
15,Neck,119,1,Fall,0.5898808159663863,0.3435826831890521,8.484856,0.5898808159663863,0.3435826831890521,8.484856,0.5898808159663863,0.3435826831890521,8.484856,5.8391029411764706,36.69783024238298,1013.8100000000002,5.8391029411764706,36.69783024238298,1013.8100000000002,5.8391029411764706,36.69783024238298,1013.8100000000002,0.12112975000000004,0.13724329709702182,0.5599999999999999,0.12112975000000004,0.13724329709702182,0.5599999999999999,0.12112975000000004,0.13724329709702182,0.5599999999999999
15,Neck,119,2,Fall,0.3868384714285707,0.2692648990255092,3.205184,0.3868384714285707,0.2692648990255092,3.205184,0.3868384714285707,0.2692648990255092,3.205184,4.032573529411753,22.307235997475775,457.1700000000001,4.032573529411753,22.307235997475775,457.1700000000001,4.032573529411753,22.307235997475775,457.1700000000001,0.005485112500000029,0.1441079828247153,0.5331199999999999,0.005485112500000029,0.1441079828247153,0.5331199999999999,0.005485112500000029,0.1441079828247153,0.5331199999999999
15,Neck,120,1,Fall,0.24683680756302423,0.6129921001943984,7.656476,0.24683680756302423,0.6129921001943984,7.656476,0.24683680756302423,0.6129921001943984,7.656476,3.9624705882352926,46.98091051921085,1000.1600000000001,3.9624705882352926,46.98091051921085,1000.1600000000001,3.9624705882352926,46.98091051921085,1000.1600000000001,-0.03928338750000001,0.13866694309195118,0.5910799999999999,-0.03928338750000001,0.13866694309195118,0.5910799999999999,-0.03928338750000001,0.13866694309195118,0.5910799999999999
15,Neck,120,2,Fall,0.5501317806722676,0.42040325331752987,2.417064,0.5501317806722676,0.42040325331752987,2.417064,0.5501317806722676,0.42040325331752987,2.417064,8.166808823529388,38.991884254861176,515.0600000000001,8.166808823529388,38.991884254861176,515.0600000000001,8.166808823529388,38.991884254861176,515.0600000000001,0.12431474999999996,0.16919683144874537,0.6129199999999999,0.12431474999999996,0.16919683144874537,0.6129199999999999,0.12431474999999996,0.16919683144874537,0.6129199999999999
15,Neck,121,1,Fall,0.4517208907563009,0.6402615814842554,9.524296,0.4517208907563009,0.6402615814842554,9.524296,0.4517208907563009,0.6402615814842554,9.524296,10.274661764705904,37.730042918795945,1104.25,10.274661764705904,37.730042918795945,1104.25,10.274661764705904,37.730042918795945,1104.25,0.24841039999999975,0.15153613267478913,0.53522,0.24841039999999975,0.15153613267478913,0.53522,0.24841039999999975,0.15153613267478913,0.53522
15,Neck,121,2,Fall,0.47531830504199873,0.5306812211897349,3.024136,0.47531830504199873,0.5306812211897349,3.024136,0.47531830504199873,0.5306812211897349,3.024136,8.944838235294112,37.1192096030345,600.46,8.944838235294112,37.1192096030345,600.46,8.944838235294112,37.1192096030345,600.46,0.2444556625000001,0.14516353599147933,0.44702,0.2444556625000001,0.14516353599147933,0.44702,0.2444556625000001,0.14516353599147933,0.44702
15,Neck,122,1,Fall,0.5136636226890756,0.515425657244712,8.871108,0.5136636226890756,0.515425657244712,8.871108,0.5136636226890756,0.515425657244712,8.871108,10.487044117647075,41.01296456628539,688.8700000000001,10.487044117647075,41.01296456628539,688.8700000000001,10.487044117647075,41.01296456628539,688.8700000000001,0.25975661249999976,0.10753643083740569,0.40837999999999997,0.25975661249999976,0.10753643083740569,0.40837999999999997,0.25975661249999976,0.10753643083740569,0.40837999999999997
15,Neck,122,2,Fall,0.6449281386554647,0.470319275112806,5.220867999999999,0.6449281386554647,0.470319275112806,5.220867999999999,0.6449281386554647,0.470319275112806,5.220867999999999,7.8625735294117645,42.52011300199615,661.1500000000001,7.8625735294117645,42.52011300199615,661.1500000000001,7.8625735294117645,42.52011300199615,661.1500000000001,0.11471381249999985,0.16915126279318782,0.5405399999999999,0.11471381249999985,0.16915126279318782,0.5405399999999999,0.11471381249999985,0.16915126279318782,0.5405399999999999
15,Neck,123,1,Fall,0.4745953781512613,0.6646896906145019,3.270088,0.4745953781512613,0.6646896906145019,3.270088,0.4745953781512613,0.6646896906145019,3.270088,10.347441176470252,28.315259906393326,489.7900000000001,10.347441176470252,28.315259906393326,489.7900000000001,10.347441176470252,28.315259906393326,489.7900000000001,0.26018352499999986,0.15414185722952808,0.55314,0.26018352499999986,0.15414185722952808,0.55314,0.26018352499999986,0.15414185722952808,0.55314
15,Neck,123,2,Fall,0.4874494109243727,0.5043700008107305,3.879844,0.4874494109243727,0.5043700008107305,3.879844,0.4874494109243727,0.5043700008107305,3.879844,10.0148235294116,34.64572308593116,558.0400000000001,10.0148235294116,34.64572308593116,558.0400000000001,10.0148235294116,34.64572308593116,558.0400000000001,0.2770274499999994,0.13944642798193346,0.45864,0.2770274499999994,0.13944642798193346,0.45864,0.2770274499999994,0.13944642798193346,0.45864
15,Neck,124,1,Fall,0.6270700554621882,0.44496403527034956,3.7534520000000002,0.6270700554621882,0.44496403527034956,3.7534520000000002,0.6270700554621882,0.44496403527034956,3.7534520000000002,8.347676470588235,39.12220948777361,534.6600000000001,8.347676470588235,39.12220948777361,534.6600000000001,8.347676470588235,39.12220948777361,534.6600000000001,0.12864337499999975,0.18047269391625465,0.54838,0.12864337499999975,0.18047269391625465,0.54838,0.12864337499999975,0.18047269391625465,0.54838
15,Neck,124,2,Fall,0.5598343689075621,0.5861135106968929,5.51684,0.5598343689075621,0.5861135106968929,5.51684,0.5598343689075621,0.5861135106968929,5.51684,9.7365147058823,40.6696730945731,573.9300000000001,9.7365147058823,40.6696730945731,573.9300000000001,9.7365147058823,40.6696730945731,573.9300000000001,0.20751018750000014,0.15115413214747261,0.52598,0.20751018750000014,0.15115413214747261,0.52598,0.20751018750000014,0.15115413214747261,0.52598
15,Neck,125,1,Fall,0.4007819949579843,0.7126669091711209,5.448764,0.4007819949579843,0.7126669091711209,5.448764,0.4007819949579843,0.7126669091711209,5.448764,7.686941176470749,40.86751148877876,635.8800000000001,7.686941176470749,40.86751148877876,635.8800000000001,7.686941176470749,40.86751148877876,635.8800000000001,-0.08687306249999993,0.2027486518673238,0.67158,-0.08687306249999993,0.2027486518673238,0.67158,-0.08687306249999993,0.2027486518673238,0.67158
15,Neck,125,2,Fall,0.36138199243697283,0.6909288821465922,2.68766,0.36138199243697283,0.6909288821465922,2.68766,0.36138199243697283,0.6909288821465922,2.68766,7.837058823529496,30.98486646794652,504.77000000000004,7.837058823529496,30.98486646794652,504.77000000000004,7.837058823529496,30.98486646794652,504.77000000000004,0.11317451250000002,0.08754503422395325,0.50022,0.11317451250000002,0.08754503422395325,0.50022,0.11317451250000002,0.08754503422395325,0.50022
15,Neck,126,1,Fall,0.6164782000000011,0.5305936103865342,3.211528,0.6164782000000011,0.5305936103865342,3.211528,0.6164782000000011,0.5305936103865342,3.211528,5.435735294117638,47.149203458908154,868.8400000000001,5.435735294117638,47.149203458908154,868.8400000000001,5.435735294117638,47.149203458908154,868.8400000000001,0.1464682625000001,0.12529016613270996,0.6129199999999999,0.1464682625000001,0.12529016613270996,0.6129199999999999,0.1464682625000001,0.12529016613270996,0.6129199999999999
15,Neck,126,2,Fall,0.5551261941176483,0.5041153021388616,2.4090119999999997,0.5551261941176483,0.5041153021388616,2.4090119999999997,0.5551261941176483,0.5041153021388616,2.4090119999999997,6.4889411764705835,44.2290538343431,622.23,6.4889411764705835,44.2290538343431,622.23,6.4889411764705835,44.2290538343431,622.23,0.16795047499999982,0.15345537785589297,0.56196,0.16795047499999982,0.15345537785589297,0.56196,0.16795047499999982,0.15345537785589297,0.56196
15,Neck,127,2,Fall,-0.0633971462184871,0.09383633355171482,1.7821759999999998,-0.0633971462184871,0.09383633355171482,1.7821759999999998,-0.0633971462184871,0.09383633355171482,1.7821759999999998,4.437882352941185,19.663531641699183,526.4000000000001,4.437882352941185,19.663531641699183,526.4000000000001,4.437882352941185,19.663531641699183,526.4000000000001,0.06969602499999986,0.34718840344959756,0.7615999999999999,0.06969602499999986,0.34718840344959756,0.7615999999999999,0.06969602499999986,0.34718840344959756,0.7615999999999999
15,Neck,127,3,Fall,0.03501456386554639,0.09361723076528981,2.235772,0.03501456386554639,0.09361723076528981,2.235772,0.03501456386554639,0.09361723076528981,2.235772,4.158191176470502,23.01579775084023,494.76000000000005,4.158191176470502,23.01579775084023,494.76000000000005,4.158191176470502,23.01579775084023,494.76000000000005,0.08762302500000006,0.3287368138143683,0.7405999999999999,0.08762302500000006,0.3287368138143683,0.7405999999999999,0.08762302500000006,0.3287368138143683,0.7405999999999999
15,Neck,127,4,Fall,0.11750681176470634,0.13533417685500676,1.8309759999999997,0.11750681176470634,0.13533417685500676,1.8309759999999997,0.11750681176470634,0.13533417685500676,1.8309759999999997,3.7685735294117073,22.297163393606667,503.86000000000007,3.7685735294117073,22.297163393606667,503.86000000000007,3.7685735294117073,22.297163393606667,503.86000000000007,-0.27558229999999995,0.1314076529344506,0.7272999999999998,-0.27558229999999995,0.1314076529344506,0.7272999999999998,-0.27558229999999995,0.1314076529344506,0.7272999999999998
15,Neck,128,1,Fall,0.233558184033614,0.30930625255049804,3.01828,0.233558184033614,0.30930625255049804,3.01828,0.233558184033614,0.30930625255049804,3.01828,4.88057352941175,40.19217767575492,886.97,4.88057352941175,40.19217767575492,886.97,4.88057352941175,40.19217767575492,886.97,-0.0875249375000001,0.25221549721223985,0.7684599999999999,-0.0875249375000001,0.25221549721223985,0.7684599999999999,-0.0875249375000001,0.25221549721223985,0.7684599999999999
15,Neck,128,3,Fall,0.2730935142857142,0.3797578101247671,2.3973,0.2730935142857142,0.3797578101247671,2.3973,0.2730935142857142,0.3797578101247671,2.3973,4.712926470588238,39.487106042197965,633.7800000000001,4.712926470588238,39.487106042197965,633.7800000000001,4.712926470588238,39.487106042197965,633.7800000000001,-0.039461887500000105,0.2631701510942194,0.7695799999999999,-0.039461887500000105,0.2631701510942194,0.7695799999999999,-0.039461887500000105,0.2631701510942194,0.7695799999999999
15,Neck,128,4,Fall,0.2519315378151259,0.40890538270481436,2.890424,0.2519315378151259,0.40890538270481436,2.890424,0.2519315378151259,0.40890538270481436,2.890424,4.125014705882349,36.54958286271298,556.4300000000001,4.125014705882349,36.54958286271298,556.4300000000001,4.125014705882349,36.54958286271298,556.4300000000001,0.0067522874999997986,0.2662673836250067,0.7379399999999999,0.0067522874999997986,0.2662673836250067,0.7379399999999999,0.0067522874999997986,0.2662673836250067,0.7379399999999999
15,Neck,129,1,Fall,0.2787644126050425,0.6182773460743094,5.967263999999999,0.2787644126050425,0.6182773460743094,5.967263999999999,0.2787644126050425,0.6182773460743094,5.967263999999999,10.734014705882903,24.89291537537307,534.59,10.734014705882903,24.89291537537307,534.59,10.734014705882903,24.89291537537307,534.59,0.16031916250000022,0.06905499951956956,0.32592,0.16031916250000022,0.06905499951956956,0.32592,0.16031916250000022,0.06905499951956956,0.32592
15,Neck,130,1,Fall,0.2532057201680666,0.40938866461441353,6.2012599999999996,0.2532057201680666,0.40938866461441353,6.2012599999999996,0.2532057201680666,0.40938866461441353,6.2012599999999996,-2.1888529411764623,53.863833008371074,1197.28,-2.1888529411764623,53.863833008371074,1197.28,-2.1888529411764623,53.863833008371074,1197.28,0.03652941249999984,0.3337451685442184,0.7216999999999999,0.03652941249999984,0.3337451685442184,0.7216999999999999,0.03652941249999984,0.3337451685442184,0.7216999999999999
15,Neck,131,1,Fall,0.5269700806722704,0.40210872676279763,3.3074199999999996,0.5269700806722704,0.40210872676279763,3.3074199999999996,0.5269700806722704,0.40210872676279763,3.3074199999999996,5.222544117647086,23.879384457693334,737.1,5.222544117647086,23.879384457693334,737.1,5.222544117647086,23.879384457693334,737.1,0.021329524999999974,0.05113548988939357,0.42938,0.021329524999999974,0.05113548988939357,0.42938,0.021329524999999974,0.05113548988939357,0.42938
15,Neck,131,2,Fall,0.15626646806722755,0.6321505152445118,2.617632,0.15626646806722755,0.6321505152445118,2.617632,0.15626646806722755,0.6321505152445118,2.617632,1.0163382352941173,37.808790098536306,774.5500000000001,1.0163382352941173,37.808790098536306,774.5500000000001,1.0163382352941173,37.808790098536306,774.5500000000001,-0.013589362500000044,0.17376004206154383,0.5723199999999999,-0.013589362500000044,0.17376004206154383,0.5723199999999999,-0.013589362500000044,0.17376004206154383,0.5723199999999999
15,Neck,132,1,Fall,0.4839606722689093,0.40002193080056986,2.714012,0.4839606722689093,0.40002193080056986,2.714012,0.4839606722689093,0.40002193080056986,2.714012,9.526220588235212,38.79655706143326,591.22,9.526220588235212,38.79655706143326,591.22,9.526220588235212,38.79655706143326,591.22,0.12500171249999995,0.24919694180546326,0.56336,0.12500171249999995,0.24919694180546326,0.56336,0.12500171249999995,0.24919694180546326,0.56336
15,Neck,133,1,Fall,0.4651499638655468,0.5344734299677252,5.773771999999999,0.4651499638655468,0.5344734299677252,5.773771999999999,0.4651499638655468,0.5344734299677252,5.773771999999999,2.136588235294116,46.35151504540241,1038.73,2.136588235294116,46.35151504540241,1038.73,2.136588235294116,46.35151504540241,1038.73,-0.17460021250000002,0.078264660360652,0.46521999999999997,-0.17460021250000002,0.078264660360652,0.46521999999999997,-0.17460021250000002,0.078264660360652,0.46521999999999997
15,Neck,134,1,Fall,0.7743254907563002,0.16126632375211536,3.3437759999999996,0.7743254907563002,0.16126632375211536,3.3437759999999996,0.7743254907563002,0.16126632375211536,3.3437759999999996,5.108602941176445,38.3527890148474,926.94,5.108602941176445,38.3527890148474,926.94,5.108602941176445,38.3527890148474,926.94,-0.12995167500000002,0.06976057280544098,0.36679999999999996,-0.12995167500000002,0.06976057280544098,0.36679999999999996,-0.12995167500000002,0.06976057280544098,0.36679999999999996
15,Neck,134,2,Fall,0.401174599159665,0.5560173435445166,4.159224,0.401174599159665,0.5560173435445166,4.159224,0.401174599159665,0.5560173435445166,4.159224,6.111058823529387,44.84835322396325,1107.75,6.111058823529387,44.84835322396325,1107.75,6.111058823529387,44.84835322396325,1107.75,-0.16014818749999996,0.13597008306202787,0.66262,-0.16014818749999996,0.13597008306202787,0.66262,-0.16014818749999996,0.13597008306202787,0.66262
15,Neck,135,1,Fall,0.6922863857142829,0.14100866726463343,4.280736,0.6922863857142829,0.14100866726463343,4.280736,0.6922863857142829,0.14100866726463343,4.280736,6.120102941176459,12.901642166502285,289.66,6.120102941176459,12.901642166502285,289.66,6.120102941176459,12.901642166502285,289.66,0.16243298749999988,0.022896208961645854,0.13369999999999999,0.16243298749999988,0.022896208961645854,0.13369999999999999,0.16243298749999988,0.022896208961645854,0.13369999999999999
15,Neck,135,2,Fall,0.5594038319327757,0.477572263020791,6.768316,0.5594038319327757,0.477572263020791,6.768316,0.5594038319327757,0.477572263020791,6.768316,6.391426470588226,24.024637227423025,625.52,6.391426470588226,24.024637227423025,625.52,6.391426470588226,24.024637227423025,625.52,0.29677847500000004,0.15105662643498316,0.39577999999999997,0.29677847500000004,0.15105662643498316,0.39577999999999997,0.29677847500000004,0.15105662643498316,0.39577999999999997
